First 500 examples - class1; next 500 examples - class 2 and the last 500 examples - class3.
0.252976 0.322817 
0.177614 0.402176 
1.501707 0.977546 
2.223671 1.027652 
2.526140 0.333931 
0.648536 0.682983 
1.415116 1.025749 
1.844002 0.830896 
2.963463 0.456604 
1.620555 1.037601 
-0.293847 0.189714 
2.819946 0.543163 
1.660877 1.138622 
0.425278 0.733101 
0.197968 0.682968 
3.167735 -0.330975 
2.359756 0.836240 
2.313627 0.722727 
3.103092 -0.032352 
1.672528 1.231170 
2.531814 0.486793 
0.905375 1.066786 
-0.040659 0.368947 
2.830677 0.180962 
-0.065546 -0.010812 
1.452480 1.151042 
-0.247738 -0.137479 
2.138617 0.782348 
2.818599 0.590906 
2.027982 0.924145 
2.897427 0.411173 
2.123196 0.881337 
1.589955 0.919500 
3.035846 -0.214791 
-0.173861 -0.363257 
-0.278334 -0.052847 
0.730783 0.675265 
3.110505 0.043586 
1.757019 0.996355 
1.496242 0.910408 
1.696175 0.885296 
1.911142 0.954074 
2.394893 0.459252 
-0.152317 -0.458246 
2.256279 0.658961 
0.790533 0.898640 
0.815625 0.871578 
0.545942 0.696429 
2.803410 0.398846 
-0.119733 0.188981 
3.146494 -0.316003 
2.591416 0.460252 
1.544000 1.082675 
0.449790 0.809906 
0.571459 0.691236 
2.952319 -0.116921 
-0.439878 -0.434185 
0.837494 0.701069 
2.632881 0.470630 
3.107542 -0.260645 
-0.267090 -0.568709 
2.430654 0.864496 
3.248110 -0.171738 
1.106434 0.821019 
-0.335885 -0.034410 
1.769461 0.828169 
3.341152 -0.325414 
2.207686 0.730974 
3.044694 -0.576390 
0.637508 0.869177 
0.589520 0.969415 
1.258737 1.124498 
2.970984 -0.642367 
3.091637 -0.005213 
0.596821 0.767877 
0.427803 0.495891 
2.464472 0.770312 
3.064725 -0.449929 
3.244261 -0.017555 
2.381535 0.819466 
2.848511 0.108599 
0.620516 0.635752 
0.502496 0.628616 
2.110163 0.957608 
0.976932 1.065545 
0.026439 0.635029 
-0.202732 -0.659935 
2.059339 0.924139 
2.860196 0.411802 
1.653068 0.916244 
2.678651 0.323288 
-0.171929 -0.536708 
2.116119 0.725382 
2.791577 0.330244 
2.502809 0.696996 
0.173770 0.210393 
2.378769 0.493759 
1.525406 1.058497 
3.111480 -0.073658 
3.124069 -0.578659 
3.087785 0.029949 
0.123560 0.716798 
0.861294 0.904301 
0.280489 0.386804 
-0.253127 -0.651822 
2.957915 0.139256 
2.393114 0.648120 
3.192103 -0.527942 
1.761590 1.052939 
1.967749 1.045993 
-0.008420 0.089345 
0.531605 0.860446 
0.035393 0.426333 
-0.311415 -0.525169 
-0.241911 0.012528 
0.545705 0.851753 
2.905113 -0.209035 
-0.422296 -0.547931 
3.015239 -0.546778 
0.488258 0.633394 
3.037984 -0.126207 
2.449431 0.674812 
1.962169 0.770368 
3.198666 -0.272713 
3.120936 -0.657339 
-0.145698 -0.585679 
1.165108 0.910114 
0.125069 0.301756 
1.804802 0.980600 
-0.056753 0.226118 
0.038736 0.547467 
2.755472 0.503882 
1.071019 0.908804 
0.147469 0.349334 
2.467932 0.676791 
-0.024593 -0.200702 
1.353800 0.911752 
1.946182 0.917801 
3.109148 -0.078971 
3.065791 0.219177 
-0.474933 -0.625204 
0.114045 0.375098 
3.063917 -0.613928 
0.048766 0.666334 
2.789341 0.179020 
0.015705 0.219848 
0.695207 0.713617 
-0.345905 -0.102140 
0.401454 0.856341 
0.537061 0.985396 
1.439963 0.914253 
2.479044 0.867767 
2.413613 0.749457 
2.492291 0.449024 
1.595872 0.843766 
2.994155 -0.410682 
1.069526 1.062808 
2.906757 0.035993 
0.974380 1.165317 
1.576294 1.225833 
3.342487 -0.573443 
2.811037 -0.036285 
-0.210985 -0.176759 
3.134353 -0.411314 
0.520112 0.880816 
2.140046 0.680760 
0.642779 0.740107 
0.445826 0.650092 
2.952362 -0.569699 
1.394298 0.815696 
2.930604 0.261419 
3.041167 -0.281903 
1.757653 0.885803 
0.010901 0.349340 
0.087328 0.595203 
2.987828 -0.181812 
2.987204 0.386383 
3.082296 -0.636905 
2.377365 0.998700 
1.606875 1.065064 
2.747879 0.672405 
2.752827 0.145769 
0.250076 0.486989 
2.887794 -0.128308 
0.366586 0.618970 
2.697265 0.415194 
-0.380058 -0.377741 
0.984265 0.999526 
0.419439 0.584468 
0.049148 0.391060 
1.379251 0.903470 
-0.130502 -0.362882 
-0.377932 -0.071707 
0.355589 0.894141 
0.574592 0.681856 
0.753252 0.681141 
2.689820 0.117776 
1.359803 0.968285 
3.079692 -0.481397 
1.383795 0.893299 
0.431101 0.844259 
3.140059 -0.619862 
3.218825 -0.605945 
0.811272 0.747367 
3.178731 0.137117 
-0.239078 -0.282321 
2.959869 0.414160 
2.924486 0.248937 
0.625362 1.009157 
2.298568 0.666819 
1.183218 1.215518 
2.521164 0.925006 
1.941154 0.885401 
0.721057 0.849710 
2.914935 0.379392 
2.572258 0.539511 
2.253897 0.589467 
2.477806 0.698678 
-0.470509 -0.510187 
1.905376 0.922506 
0.980896 1.150900 
0.277681 0.445121 
-0.335499 -0.018823 
2.786915 0.412061 
1.357530 1.136330 
2.275625 0.627083 
1.711772 1.182742 
2.774282 -0.028301 
3.230700 -0.003972 
1.429926 1.256959 
0.043598 0.077901 
-0.194494 -0.180742 
-0.143147 0.323009 
1.681121 0.789696 
0.297995 0.711833 
2.585223 0.336874 
0.075248 0.082035 
2.717172 0.295030 
2.843823 0.046067 
0.865137 0.982973 
3.360041 -0.562049 
-0.470612 -0.257001 
2.870098 0.391506 
2.643970 0.406718 
-0.085131 0.487331 
2.089166 0.750193 
2.006226 0.815594 
2.668931 0.707365 
3.203997 -0.304138 
-0.051818 0.236010 
1.362410 1.212992 
2.929688 -0.459428 
-0.150391 0.367749 
1.582130 1.190878 
-0.389236 -0.457404 
0.962228 0.736944 
3.344913 -0.497798 
0.138159 0.709988 
3.088270 -0.352586 
2.983794 -0.684469 
3.005279 -0.283523 
1.603238 1.070920 
-0.095286 -0.546323 
2.544413 0.840230 
3.005140 0.041617 
0.340421 0.587787 
2.425580 0.613874 
3.141186 -0.319826 
2.944916 0.220775 
1.943292 1.118743 
2.771488 0.320873 
3.000299 -0.192582 
3.075734 0.118483 
1.529375 0.877037 
-0.404269 -0.255188 
1.748026 0.890812 
-0.168786 0.317483 
2.442216 0.628954 
1.026381 0.977316 
2.596302 0.745555 
0.365992 0.544089 
2.659405 0.495170 
0.520985 0.890788 
1.487066 0.888772 
0.761261 0.915461 
-0.313221 -0.517173 
3.074646 0.290296 
3.020139 0.201246 
0.112719 0.680010 
2.857891 0.046258 
1.733203 1.217762 
1.750263 0.947442 
0.439595 0.786797 
0.045851 -0.015286 
3.260500 -0.378540 
-0.050181 -0.046029 
0.237808 0.360211 
2.974878 0.154420 
0.442250 0.777549 
0.462251 0.678065 
-0.399200 -0.450183 
2.326873 0.643047 
3.304839 -0.250890 
3.314483 -0.396963 
0.642577 0.658356 
1.964508 0.734147 
1.309515 0.851757 
2.441550 0.544255 
-0.243568 0.289586 
-0.109218 -0.563790 
1.321549 0.878883 
0.194176 0.391259 
2.895862 -0.019602 
0.196996 0.188639 
-0.055134 -0.458540 
2.469818 0.767334 
1.183801 0.988600 
1.050821 0.817815 
0.503911 0.870937 
2.078970 0.707224 
1.373758 1.004606 
-0.049756 -0.067850 
1.732965 0.896629 
-0.116555 -0.171002 
2.493191 0.672968 
2.998679 -0.230905 
2.424915 0.718931 
1.956695 0.720521 
2.610396 0.693304 
0.296444 0.667725 
3.103593 0.116222 
1.259278 1.238206 
-0.145343 -0.048236 
2.405313 0.930191 
2.870672 0.337432 
2.852870 0.128216 
1.996443 1.099471 
1.832176 0.815963 
1.657960 1.109116 
-0.397944 -0.630229 
2.397814 0.584514 
0.897312 0.798586 
-0.236445 0.027075 
0.594589 0.754058 
-0.309595 -0.511983 
1.528400 1.183533 
-0.469846 -0.484233 
1.871250 1.022048 
2.628313 0.281920 
2.847273 0.244882 
0.103977 0.571887 
2.596484 0.529657 
2.666633 0.788750 
0.884810 1.154305 
1.391991 1.158051 
3.052362 -0.339352 
-0.092152 -0.641353 
2.971920 0.474852 
2.606737 0.776395 
0.402089 0.727194 
2.887326 0.539716 
-0.013114 0.559084 
3.147058 -0.288461 
2.897736 0.468339 
2.725887 0.638410 
-0.214912 -0.068236 
1.045223 0.872034 
2.990116 0.197129 
2.181505 0.917388 
0.297305 0.750842 
-0.286653 0.060905 
1.520494 1.144802 
2.055069 0.949862 
-0.087816 0.422352 
0.857342 0.961291 
0.593984 0.898366 
3.074540 -0.406194 
0.668025 0.838973 
1.438100 0.940434 
1.251900 1.004160 
1.305989 1.219491 
-0.302335 -0.557127 
1.028105 1.007651 
-0.360179 0.068465 
1.318317 1.054617 
-0.073152 0.500530 
2.929866 0.491746 
0.214024 0.265773 
2.979848 -0.597809 
1.348363 1.088230 
-0.480540 -0.324184 
2.619003 0.681542 
1.910888 0.963183 
-0.074719 -0.073801 
1.342788 1.049174 
2.249368 0.609249 
2.472166 0.682706 
3.036754 0.024549 
2.729048 0.422714 
1.652708 0.897421 
3.115208 0.236388 
0.083140 0.360395 
-0.289023 0.224750 
2.789754 0.021576 
2.093096 0.863115 
1.063079 1.185344 
3.008940 -0.548565 
2.754660 0.717264 
0.602358 0.992619 
2.995880 0.321881 
-0.097510 -0.133894 
0.501528 0.992338 
2.827717 0.603924 
2.051501 1.143738 
3.223750 -0.579919 
0.235451 0.446629 
1.303266 0.894188 
1.213196 1.224284 
2.909657 0.318036 
0.418544 0.566146 
-0.456976 -0.215538 
2.166090 0.768621 
-0.172825 0.383714 
1.877443 0.997746 
0.315485 0.494992 
-0.473551 -0.532435 
2.551194 0.652933 
2.414390 0.777563 
2.283181 0.930492 
0.036771 -0.076945 
2.067727 0.726345 
3.112331 -0.537518 
2.706387 0.164149 
0.935117 0.916635 
1.394470 1.028332 
2.783659 0.469799 
0.877834 0.769238 
0.766848 0.918971 
2.178670 0.633525 
3.122877 -0.434733 
0.228465 0.489152 
1.455463 0.929596 
1.076026 1.024536 
2.172444 0.997111 
2.158187 0.935926 
-0.399373 -0.101646 
3.287472 -0.307820 
2.647008 0.385911 
1.882839 0.867982 
0.600514 0.836200 
0.667283 1.057615 
0.270224 0.316629 
0.099484 0.272527 
0.182131 0.594356 
2.793430 0.360589 
3.146545 -0.184694 
2.949201 -0.060381 
1.832827 1.071782 
1.589327 1.181659 
3.077555 -0.082574 
2.725813 0.619988 
2.929855 0.216907 
-0.426790 -0.237031 
1.678253 0.983131 
0.464035 0.819591 
-0.371307 0.048412 
2.662666 0.266075 
2.958414 -0.552374 
3.253150 -0.656173 
-0.054296 -0.320788 
2.513698 0.774211 
-0.157078 -0.041369 
0.191352 0.211085 
2.879317 0.515754 
2.512318 0.783908 
1.359890 1.030051 
3.093234 0.327747 
1.466881 1.129333 
3.257626 -0.424956 
2.293626 0.933279 
-0.094576 0.360057 
0.540552 0.876180 
2.175200 1.060831 
0.082385 0.435886 
2.825250 0.104216 
-0.093952 -0.688783 
2.387203 0.627970 
0.502614 0.763655 
1.913163 1.183291 
1.234389 0.883048 
3.006271 -0.051604 
2.791881 0.641294 
2.884057 -0.015669 
2.837168 0.064384 
2.974052 -0.596811 
3.131392 -0.042387 
1.473376 1.228583 
3.076459 -0.633208 
3.083213 0.097913 
0.238807 0.219722 
1.151678 -0.442217 
-1.288515 -1.026552 
0.845225 -0.998472 
0.780179 -0.692945 
0.806940 -0.864976 
1.013139 -0.286126 
-1.215548 -1.086420 
-1.521881 -0.299018 
1.181589 -0.012717 
-1.497866 -0.546338 
0.159661 -1.220564 
-0.256614 -1.472881 
0.957005 -0.307432 
-1.115749 -0.842209 
-0.716938 -1.203984 
-0.656049 -1.213578 
0.984984 -0.903348 
-1.400493 -0.449453 
-0.624897 -1.426447 
0.314502 -1.094097 
-0.193442 -1.326021 
-1.404802 -0.500378 
0.229645 -1.209026 
-1.318147 -0.517395 
-0.992349 -1.140985 
-0.610299 -1.276374 
-0.533358 -1.253504 
-1.011385 -1.260958 
-0.425206 -1.461193 
0.082863 -1.378066 
1.156686 -0.171726 
-0.863066 -1.254043 
1.062074 -0.414293 
-1.577804 -0.044481 
1.182886 -0.166689 
0.047620 -1.153362 
1.002823 -0.592414 
-0.506118 -1.243662 
-0.527732 -1.211968 
-0.910613 -0.957215 
-1.043614 -1.037210 
0.821063 -0.879501 
0.847317 -0.812676 
-0.228611 -1.201896 
-0.097712 -1.371226 
0.022289 -1.321226 
-1.120607 -1.058140 
-0.080785 -1.371196 
0.997892 -0.769081 
1.083393 -0.728000 
1.038817 -0.674023 
-1.372494 -0.442348 
-1.287421 -0.602967 
-1.433929 -0.132582 
-1.245636 -0.690414 
-1.371370 -0.556575 
0.518106 -1.142319 
0.568544 -0.954437 
1.110776 -0.149293 
0.978892 -0.146587 
-0.009061 -1.271961 
-1.085542 -1.182861 
1.091516 -0.100926 
0.248288 -1.386617 
-1.394227 -0.060194 
1.135771 -0.634785 
0.139276 -1.454453 
0.127203 -1.350574 
0.569112 -1.268790 
0.070000 -1.199803 
-1.398900 -0.862774 
0.950171 -0.298372 
1.227176 -0.147244 
1.073311 -0.510468 
0.549152 -0.938995 
0.966402 -0.279319 
-0.577574 -1.402316 
-1.248092 -0.927886 
0.714146 -0.774066 
-1.610639 -0.159806 
0.941245 -0.315632 
-1.464895 -0.352140 
1.134568 -0.380013 
-0.255161 -1.265942 
0.481203 -1.224247 
-0.632868 -1.239326 
-1.102628 -1.156663 
-1.005345 -1.065755 
-1.416953 -0.074252 
-0.734929 -1.268700 
1.046806 -0.143244 
0.100674 -1.135543 
-1.407813 -0.483779 
0.254761 -1.265353 
-0.655998 -1.145505 
0.767222 -0.633095 
-0.042877 -1.262277 
-0.619621 -1.104308 
0.012706 -1.353828 
-0.325919 -1.358963 
-0.298625 -1.366962 
-1.507313 -0.093935 
0.082375 -1.305692 
-0.063680 -1.399905 
0.373395 -1.376218 
-1.298690 -0.741135 
-0.391725 -1.452396 
-1.351363 -0.898744 
0.958726 -0.351400 
1.153531 -0.473465 
0.695148 -0.952986 
-0.657769 -1.290541 
0.664549 -1.172840 
-1.471691 -0.220257 
-1.554795 -0.142621 
-0.586155 -1.416699 
-1.686585 -0.064649 
1.251719 -0.062858 
-1.340594 -0.199532 
0.198433 -1.333697 
-1.415709 -0.429844 
-0.907416 -1.249869 
-1.648318 -0.364137 
-1.049699 -1.068444 
-1.498820 -0.430809 
0.852359 -0.953728 
0.571543 -0.941764 
-1.613848 -0.154834 
-0.893593 -1.115449 
1.212334 -0.043996 
0.261711 -1.301446 
0.063894 -1.414625 
1.048794 -0.344376 
0.316384 -1.314059 
-0.482909 -1.255312 
-1.474044 -0.186531 
-0.063874 -1.406994 
-0.857287 -1.174959 
0.287530 -1.376348 
-0.169186 -1.366041 
0.328662 -1.335073 
-0.717465 -1.153319 
0.968140 -0.093641 
-0.757948 -1.102204 
-1.628763 -0.391962 
0.775307 -0.851186 
-1.009203 -1.129601 
0.117382 -1.293348 
-0.240869 -1.348615 
-0.961269 -1.207134 
-0.214631 -1.197696 
0.681371 -1.100564 
-0.450139 -1.374021 
-1.181905 -0.655306 
0.198173 -1.283331 
0.848788 -0.485272 
-1.054666 -1.135634 
0.529220 -1.095820 
0.835087 -0.724259 
0.657488 -0.902675 
0.775836 -1.005433 
-0.728163 -1.205578 
-0.730244 -1.330393 
0.775161 -1.118745 
-1.082817 -1.179011 
0.858434 -0.469612 
-0.184339 -1.425607 
0.745897 -0.727105 
-0.337851 -1.162670 
-0.766877 -1.382461 
0.945821 -0.350141 
1.083945 -0.013373 
0.777397 -0.962208 
-1.501351 -0.517554 
0.836296 -0.659885 
1.112577 -0.703878 
0.853309 -1.028943 
0.973931 -0.368067 
-0.620391 -1.406358 
0.295976 -1.173666 
0.332541 -1.291710 
1.009173 -0.456106 
1.078255 -0.419773 
-0.698485 -1.414685 
-0.331890 -1.419606 
0.462846 -0.944040 
0.341988 -1.366584 
1.168406 -0.178069 
0.556805 -0.891435 
0.765518 -0.852924 
-0.774876 -1.132932 
-0.203674 -1.288205 
-1.244445 -0.933594 
0.681040 -1.172991 
0.758702 -0.719904 
0.286683 -1.141456 
-0.244597 -1.366719 
0.178916 -1.303157 
0.952517 -0.375262 
0.551385 -1.043166 
0.084085 -1.345603 
-0.905559 -0.929971 
0.736143 -0.714137 
-0.627349 -1.400647 
-1.597457 -0.259639 
-0.588031 -1.288181 
1.057425 -0.587706 
0.931712 -0.978694 
-1.340481 -0.928373 
-1.355173 -0.521984 
-0.976658 -1.092346 
-0.135344 -1.271833 
-0.865408 -1.015044 
1.035009 -0.696790 
0.967726 -0.496496 
-0.291387 -1.313914 
1.004858 -0.081517 
-1.087566 -0.756170 
-0.819329 -1.083287 
-1.383389 -0.151681 
0.982710 -0.406164 
-0.661094 -1.111673 
-1.436277 -0.103806 
-1.027326 -1.012772 
-0.374142 -1.272215 
-1.234279 -0.507207 
-1.433881 -0.333252 
-1.400080 -0.346642 
-0.747963 -1.214259 
0.883807 -0.683037 
-0.024432 -1.260251 
0.375270 -1.233076 
1.019060 -0.217607 
0.099589 -1.369572 
-0.173133 -1.320476 
-1.392291 -0.889735 
-1.440223 -0.452389 
1.042353 -0.373332 
-1.279814 -0.622406 
0.999955 -0.175451 
-1.395863 -0.179354 
-1.040427 -1.200488 
-1.023338 -1.066241 
-1.421183 -0.164823 
1.243109 -0.021112 
0.587580 -1.265746 
-1.374756 -0.737888 
-1.191109 -1.089706 
-0.446433 -1.335035 
-1.158706 -0.770617 
-0.490309 -1.425303 
-1.557348 -0.302797 
-0.535629 -1.298857 
-0.859918 -1.243477 
-1.358743 -0.551632 
0.918484 -0.944211 
0.874808 -0.902222 
0.376471 -1.208895 
1.071479 -0.172343 
-0.577733 -1.438700 
0.024666 -1.267707 
0.911531 -0.480342 
-1.493810 -0.022583 
-1.381088 -0.355315 
0.505215 -1.235617 
0.338478 -1.395844 
-1.373059 -0.698721 
-0.943571 -1.152783 
0.743384 -0.892920 
-0.733461 -1.117784 
-1.204347 -0.941974 
-1.297416 -0.917388 
-1.564025 -0.603229 
1.017854 -0.478978 
-1.457606 -0.664600 
-1.328524 -0.480438 
-0.119387 -1.217804 
1.126842 -0.591954 
0.006440 -1.459932 
1.059733 -0.240623 
-0.487520 -1.405148 
0.592077 -0.890485 
-1.340866 -0.505128 
1.026270 -0.049656 
1.225062 -0.292419 
1.047393 -0.096146 
-1.259829 -0.544329 
-1.356876 -0.628931 
1.066290 -0.699783 
-1.437613 -0.808846 
-0.941256 -0.921850 
-0.787852 -1.183540 
-0.091975 -1.368036 
-1.383867 -0.516081 
0.775764 -1.041596 
0.993591 -0.668104 
-1.369017 -0.257010 
0.870101 -0.963340 
-1.295690 -0.734113 
-1.631398 -0.176347 
-1.117156 -0.838161 
-1.113756 -1.022637 
1.003196 -0.416668 
0.808085 -0.850671 
1.038690 -0.342896 
1.172777 -0.164019 
0.597594 -0.955244 
-1.534303 -0.168995 
-1.512352 -0.050190 
0.802667 -0.605103 
-0.561078 -1.145046 
0.153349 -1.284119 
-0.102146 -1.365195 
-1.176966 -0.776631 
0.340618 -1.221655 
-1.393116 -0.334651 
0.617947 -0.998864 
-1.468646 -0.790200 
0.507101 -0.913626 
-1.484999 -0.769476 
-0.719122 -1.401200 
-0.003701 -1.323302 
0.827422 -0.986729 
-0.383422 -1.235749 
-0.735740 -1.043072 
1.046764 -0.390066 
-0.316695 -1.272116 
-0.408860 -1.454483 
-1.646815 -0.028245 
0.461876 -1.171805 
-1.176550 -1.025776 
-1.363341 -0.028982 
1.166620 -0.407705 
-0.616737 -1.270934 
-0.248461 -1.357370 
0.766841 -0.700963 
-1.391336 -0.059452 
0.987265 -0.232822 
0.751243 -0.786422 
-0.476053 -1.340366 
-1.126866 -0.705921 
1.123273 -0.437472 
-0.286907 -1.451365 
-1.485555 -0.581598 
0.435062 -0.993830 
0.564746 -0.908670 
0.770372 -0.663482 
0.752042 -1.050840 
1.174259 -0.519631 
0.895248 -0.802376 
0.945513 -0.361517 
0.064448 -1.238358 
0.793208 -0.651119 
0.745139 -1.122038 
0.645404 -0.876954 
1.211526 -0.429600 
-0.446089 -1.242641 
-0.476693 -1.144544 
0.622117 -1.086095 
0.155474 -1.360288 
-1.392743 -0.180424 
-0.020165 -1.168462 
0.976631 -0.514054 
-0.053560 -1.322415 
0.210528 -1.380294 
0.913660 -0.929003 
0.550368 -1.084289 
-1.533233 -0.608598 
1.045857 -0.273613 
-0.571640 -1.181180 
0.527191 -0.893022 
1.164229 -0.372876 
-0.522329 -1.188306 
1.081977 -0.141170 
-1.664613 -0.087462 
-0.161092 -1.151398 
0.586618 -0.956880 
-1.619139 -0.191036 
0.751702 -1.154872 
-1.454428 -0.729071 
0.186006 -1.109495 
-1.369547 -0.129185 
1.090735 -0.365804 
-1.049799 -1.164116 
-0.845844 -1.155117 
-1.340677 -0.415964 
-1.592378 -0.056366 
0.974553 -0.832798 
-1.662189 -0.058639 
0.489646 -0.995793 
-1.608438 -0.084775 
0.683241 -0.852910 
-1.449793 -0.765893 
0.670483 -1.215881 
0.006153 -1.198057 
1.006328 -0.540838 
-0.093837 -1.368400 
0.891263 -0.805586 
-1.507165 -0.417671 
1.053550 -0.199374 
-1.557189 -0.228444 
-1.234680 -0.833182 
-1.283891 -0.761365 
-0.990669 -0.959699 
-1.519907 -0.376483 
0.085735 -1.313810 
1.148441 -0.250975 
0.148807 -1.348260 
1.100129 -0.526541 
0.950012 -0.255161 
1.077730 -0.761501 
-1.473341 -0.752126 
-0.432802 -1.199311 
0.845372 -1.025459 
0.067970 -1.179946 
-1.336515 -0.296875 
0.914343 -0.299350 
0.408469 -1.280840 
-1.262503 -0.829636 
-0.140726 -1.308435 
0.508130 -1.142653 
-1.355447 -0.126953 
-1.169864 -1.083176 
0.067974 -1.468930 
-0.112343 -1.167521 
-0.806197 -1.119477 
-0.183827 -1.163173 
0.440153 -0.968830 
-0.544671 -1.377893 
-1.427260 -0.221082 
0.197145 -1.300149 
1.212850 -0.336484 
-1.388757 -0.276257 
-1.554320 -0.149764 
0.756555 -0.722311 
-1.176538 -0.782364 
0.741375 -0.917632 
-0.111193 -1.450780 
-0.172366 -1.370535 
-1.280478 -0.878439 
-1.247451 -0.767108 
-0.108754 -1.260116 
-0.952575 -1.291014 
-0.516558 -1.200698 
-1.444923 -0.406010 
0.421702 -1.267674 
-1.206079 -0.594902 
0.916670 -0.328981 
-0.839336 -1.284697 
0.004963 -1.178773 
-1.127523 -0.761424 
-1.380718 -0.438657 
1.131218 -0.272325 
-0.817226 -1.109116 
1.152414 -0.370293 
-0.893738 -1.049870 
1.227746 -0.456738 
-1.641947 -0.308575 
0.004404 -1.363184 
0.518501 -1.004904 
0.242485 -1.241378 
-0.986127 -0.848249 
0.434775 -1.174190 
1.158206 -0.036860 
1.065014 -0.232126 
0.445882 -1.300367 
0.046011 -1.446231 
0.652436 -0.878957 
-0.160773 -1.354756 
0.163997 -1.316928 
-0.837783 -1.327172 
0.534106 -1.092916 
-0.662937 -1.158549 
0.160990 -1.173703 
1.266124 -0.125544 
-1.433212 -0.761838 
1.195818 -0.267460 
-0.760483 -1.227906 
1.078829 -0.039786 
0.300418 -1.259814 
0.804867 -1.021210 
-1.675037 -0.018757 
0.101668 -1.358395 
-1.199122 -0.707969 
-1.602635 -0.204053 
-1.570484 -0.149910 
1.186759 -0.316930 
-0.501600 -1.123607 
-0.806946 -0.988964 
0.949916 -0.279613 
0.912614 -0.407390 
0.656348 -1.127527 
0.989183 -0.895996 
0.591205 -0.892338 
-0.339753 -1.490476 
-0.435832 -1.352351 
-0.676557 -1.190218 
-1.265508 -0.474396 
0.397955 -1.088428 
1.043088 -0.337884 
4.851678 -0.442217 
2.411485 -1.026552 
4.545225 -0.998472 
4.480179 -0.692945 
4.506940 -0.864976 
4.713139 -0.286126 
2.484452 -1.086420 
2.178119 -0.299018 
4.881589 -0.012717 
2.202134 -0.546338 
3.859661 -1.220564 
3.443386 -1.472881 
4.657005 -0.307432 
2.584251 -0.842209 
2.983062 -1.203984 
3.043951 -1.213578 
4.684984 -0.903348 
2.299507 -0.449453 
3.075103 -1.426447 
4.014502 -1.094097 
3.506558 -1.326021 
2.295198 -0.500378 
3.929645 -1.209026 
2.381853 -0.517395 
2.707651 -1.140985 
3.089701 -1.276374 
3.166642 -1.253504 
2.688615 -1.260958 
3.274794 -1.461193 
3.782863 -1.378066 
4.856686 -0.171726 
2.836934 -1.254043 
4.762074 -0.414293 
2.122196 -0.044481 
4.882886 -0.166689 
3.747620 -1.153362 
4.702823 -0.592414 
3.193882 -1.243662 
3.172268 -1.211968 
2.789387 -0.957215 
2.656386 -1.037210 
4.521063 -0.879501 
4.547317 -0.812676 
3.471389 -1.201896 
3.602288 -1.371226 
3.722289 -1.321226 
2.579393 -1.058140 
3.619215 -1.371196 
4.697892 -0.769081 
4.783393 -0.728000 
4.738817 -0.674023 
2.327506 -0.442348 
2.412579 -0.602967 
2.266071 -0.132582 
2.454364 -0.690414 
2.328630 -0.556575 
4.218106 -1.142319 
4.268544 -0.954437 
4.810776 -0.149293 
4.678892 -0.146587 
3.690939 -1.271961 
2.614458 -1.182861 
4.791516 -0.100926 
3.948288 -1.386617 
2.305773 -0.060194 
4.835771 -0.634785 
3.839276 -1.454453 
3.827203 -1.350574 
4.269112 -1.268790 
3.770000 -1.199803 
2.301100 -0.862774 
4.650171 -0.298372 
4.927176 -0.147244 
4.773311 -0.510468 
4.249152 -0.938995 
4.666402 -0.279319 
3.122426 -1.402316 
2.451908 -0.927886 
4.414146 -0.774066 
2.089361 -0.159806 
4.641245 -0.315632 
2.235105 -0.352140 
4.834568 -0.380013 
3.444839 -1.265942 
4.181203 -1.224247 
3.067132 -1.239326 
2.597372 -1.156663 
2.694655 -1.065755 
2.283047 -0.074252 
2.965071 -1.268700 
4.746806 -0.143244 
3.800674 -1.135543 
2.292187 -0.483779 
3.954761 -1.265353 
3.044002 -1.145505 
4.467222 -0.633095 
3.657123 -1.262277 
3.080379 -1.104308 
3.712706 -1.353828 
3.374081 -1.358963 
3.401375 -1.366962 
2.192687 -0.093935 
3.782375 -1.305692 
3.636320 -1.399905 
4.073395 -1.376218 
2.401310 -0.741135 
3.308275 -1.452396 
2.348637 -0.898744 
4.658726 -0.351400 
4.853531 -0.473465 
4.395148 -0.952986 
3.042231 -1.290541 
4.364549 -1.172840 
2.228309 -0.220257 
2.145205 -0.142621 
3.113845 -1.416699 
2.013415 -0.064649 
4.951719 -0.062858 
2.359406 -0.199532 
3.898433 -1.333697 
2.284291 -0.429844 
2.792584 -1.249869 
2.051682 -0.364137 
2.650301 -1.068444 
2.201180 -0.430809 
4.552359 -0.953728 
4.271543 -0.941764 
2.086152 -0.154834 
2.806407 -1.115449 
4.912334 -0.043996 
3.961711 -1.301446 
3.763894 -1.414625 
4.748794 -0.344376 
4.016384 -1.314059 
3.217091 -1.255312 
2.225956 -0.186531 
3.636126 -1.406994 
2.842713 -1.174959 
3.987530 -1.376348 
3.530814 -1.366041 
4.028662 -1.335073 
2.982535 -1.153319 
4.668140 -0.093641 
2.942052 -1.102204 
2.071237 -0.391962 
4.475307 -0.851186 
2.690797 -1.129601 
3.817382 -1.293348 
3.459131 -1.348615 
2.738731 -1.207134 
3.485369 -1.197696 
4.381371 -1.100564 
3.249861 -1.374021 
2.518095 -0.655306 
3.898173 -1.283331 
4.548788 -0.485272 
2.645334 -1.135634 
4.229220 -1.095820 
4.535087 -0.724259 
4.357488 -0.902675 
4.475836 -1.005433 
2.971837 -1.205578 
2.969756 -1.330393 
4.475161 -1.118745 
2.617183 -1.179011 
4.558434 -0.469612 
3.515661 -1.425607 
4.445897 -0.727105 
3.362149 -1.162670 
2.933123 -1.382461 
4.645821 -0.350141 
4.783945 -0.013373 
4.477397 -0.962208 
2.198649 -0.517554 
4.536296 -0.659885 
4.812577 -0.703878 
4.553309 -1.028943 
4.673931 -0.368067 
3.079609 -1.406358 
3.995976 -1.173666 
4.032541 -1.291710 
4.709173 -0.456106 
4.778255 -0.419773 
3.001515 -1.414685 
3.368110 -1.419606 
4.162846 -0.944040 
4.041988 -1.366584 
4.868406 -0.178069 
4.256805 -0.891435 
4.465518 -0.852924 
2.925124 -1.132932 
3.496326 -1.288205 
2.455555 -0.933594 
4.381040 -1.172991 
4.458702 -0.719904 
3.986683 -1.141456 
3.455403 -1.366719 
3.878916 -1.303157 
4.652517 -0.375262 
4.251385 -1.043166 
3.784085 -1.345603 
2.794441 -0.929971 
4.436143 -0.714137 
3.072651 -1.400647 
2.102543 -0.259639 
3.111969 -1.288181 
4.757425 -0.587706 
4.631712 -0.978694 
2.359519 -0.928373 
2.344827 -0.521984 
2.723342 -1.092346 
3.564656 -1.271833 
2.834592 -1.015044 
4.735009 -0.696790 
4.667726 -0.496496 
3.408613 -1.313914 
4.704858 -0.081517 
2.612434 -0.756170 
2.880671 -1.083287 
2.316611 -0.151681 
4.682710 -0.406164 
3.038906 -1.111673 
2.263723 -0.103806 
2.672674 -1.012772 
3.325858 -1.272215 
2.465721 -0.507207 
2.266119 -0.333252 
2.299920 -0.346642 
2.952037 -1.214259 
4.583807 -0.683037 
3.675568 -1.260251 
4.075270 -1.233076 
4.719060 -0.217607 
3.799589 -1.369572 
3.526867 -1.320476 
2.307709 -0.889735 
2.259777 -0.452389 
4.742353 -0.373332 
2.420186 -0.622406 
4.699955 -0.175451 
2.304137 -0.179354 
2.659573 -1.200488 
2.676662 -1.066241 
2.278817 -0.164823 
4.943109 -0.021112 
4.287580 -1.265746 
2.325244 -0.737888 
2.508891 -1.089706 
3.253567 -1.335035 
2.541294 -0.770617 
3.209691 -1.425303 
2.142652 -0.302797 
3.164371 -1.298857 
2.840082 -1.243477 
2.341257 -0.551632 
4.618484 -0.944211 
4.574808 -0.902222 
4.076471 -1.208895 
4.771479 -0.172343 
3.122267 -1.438700 
3.724666 -1.267707 
4.611531 -0.480342 
2.206190 -0.022583 
2.318912 -0.355315 
4.205215 -1.235617 
4.038478 -1.395844 
2.326941 -0.698721 
2.756429 -1.152783 
4.443384 -0.892920 
2.966539 -1.117784 
2.495653 -0.941974 
2.402584 -0.917388 
2.135975 -0.603229 
4.717854 -0.478978 
2.242394 -0.664600 
2.371476 -0.480438 
3.580613 -1.217804 
4.826842 -0.591954 
3.706440 -1.459932 
4.759733 -0.240623 
3.212480 -1.405148 
4.292077 -0.890485 
2.359134 -0.505128 
4.726270 -0.049656 
4.925062 -0.292419 
4.747393 -0.096146 
2.440171 -0.544329 
2.343124 -0.628931 
4.766290 -0.699783 
2.262387 -0.808846 
2.758744 -0.921850 
2.912148 -1.183540 
3.608025 -1.368036 
2.316133 -0.516081 
4.475764 -1.041596 
4.693591 -0.668104 
2.330983 -0.257010 
4.570101 -0.963340 
2.404310 -0.734113 
2.068602 -0.176347 
2.582844 -0.838161 
2.586244 -1.022637 
4.703196 -0.416668 
4.508085 -0.850671 
4.738690 -0.342896 
4.872777 -0.164019 
4.297594 -0.955244 
2.165697 -0.168995 
2.187648 -0.050190 
4.502667 -0.605103 
3.138922 -1.145046 
3.853349 -1.284119 
3.597854 -1.365195 
2.523034 -0.776631 
4.040618 -1.221655 
2.306884 -0.334651 
4.317947 -0.998864 
2.231354 -0.790200 
4.207101 -0.913626 
2.215001 -0.769476 
2.980878 -1.401200 
3.696299 -1.323302 
4.527422 -0.986729 
3.316578 -1.235749 
2.964260 -1.043072 
4.746764 -0.390066 
3.383305 -1.272116 
3.291140 -1.454483 
2.053185 -0.028245 
4.161876 -1.171805 
2.523450 -1.025776 
2.336659 -0.028982 
4.866620 -0.407705 
3.083263 -1.270934 
3.451539 -1.357370 
4.466841 -0.700963 
2.308664 -0.059452 
4.687265 -0.232822 
4.451243 -0.786422 
3.223947 -1.340366 
2.573134 -0.705921 
4.823273 -0.437472 
3.413093 -1.451365 
2.214445 -0.581598 
4.135062 -0.993830 
4.264746 -0.908670 
4.470372 -0.663482 
4.452042 -1.050840 
4.874259 -0.519631 
4.595248 -0.802376 
4.645513 -0.361517 
3.764448 -1.238358 
4.493208 -0.651119 
4.445139 -1.122038 
4.345404 -0.876954 
4.911526 -0.429600 
3.253911 -1.242641 
3.223307 -1.144544 
4.322117 -1.086095 
3.855474 -1.360288 
2.307257 -0.180424 
3.679835 -1.168462 
4.676631 -0.514054 
3.646440 -1.322415 
3.910528 -1.380294 
4.613660 -0.929003 
4.250368 -1.084289 
2.166767 -0.608598 
4.745857 -0.273613 
3.128360 -1.181180 
4.227191 -0.893022 
4.864229 -0.372876 
3.177671 -1.188306 
4.781977 -0.141170 
2.035387 -0.087462 
3.538908 -1.151398 
4.286618 -0.956880 
2.080861 -0.191036 
4.451702 -1.154872 
2.245572 -0.729071 
3.886006 -1.109495 
2.330453 -0.129185 
4.790735 -0.365804 
2.650201 -1.164116 
2.854156 -1.155117 
2.359323 -0.415964 
2.107622 -0.056366 
4.674553 -0.832798 
2.037811 -0.058639 
4.189646 -0.995793 
2.091562 -0.084775 
4.383241 -0.852910 
2.250207 -0.765893 
4.370483 -1.215881 
3.706153 -1.198057 
4.706328 -0.540838 
3.606163 -1.368400 
4.591263 -0.805586 
2.192835 -0.417671 
4.753550 -0.199374 
2.142811 -0.228444 
2.465320 -0.833182 
2.416109 -0.761365 
2.709331 -0.959699 
2.180093 -0.376483 
3.785735 -1.313810 
4.848441 -0.250975 
3.848807 -1.348260 
4.800129 -0.526541 
4.650012 -0.255161 
4.777730 -0.761501 
2.226659 -0.752126 
3.267198 -1.199311 
4.545372 -1.025459 
3.767970 -1.179946 
2.363485 -0.296875 
4.614343 -0.299350 
4.108469 -1.280840 
2.437497 -0.829636 
3.559274 -1.308435 
4.208130 -1.142653 
2.344553 -0.126953 
2.530136 -1.083176 
3.767974 -1.468930 
3.587657 -1.167521 
2.893803 -1.119477 
3.516173 -1.163173 
4.140153 -0.968830 
3.155329 -1.377893 
2.272740 -0.221082 
3.897145 -1.300149 
4.912850 -0.336484 
2.311243 -0.276257 
2.145680 -0.149764 
4.456555 -0.722311 
2.523462 -0.782364 
4.441375 -0.917632 
3.588807 -1.450780 
3.527634 -1.370535 
2.419522 -0.878439 
2.452549 -0.767108 
3.591246 -1.260116 
2.747425 -1.291014 
3.183442 -1.200698 
2.255077 -0.406010 
4.121702 -1.267674 
2.493921 -0.594902 
4.616670 -0.328981 
2.860664 -1.284697 
3.704963 -1.178773 
2.572477 -0.761424 
2.319282 -0.438657 
4.831218 -0.272325 
2.882774 -1.109116 
4.852414 -0.370293 
2.806262 -1.049870 
4.927746 -0.456738 
2.058053 -0.308575 
3.704404 -1.363184 
4.218501 -1.004904 
3.942485 -1.241378 
2.713873 -0.848249 
4.134775 -1.174190 
4.858206 -0.036860 
4.765014 -0.232126 
4.145882 -1.300367 
3.746011 -1.446231 
4.352436 -0.878957 
3.539227 -1.354756 
3.863997 -1.316928 
2.862217 -1.327172 
4.234106 -1.092916 
3.037063 -1.158549 
3.860990 -1.173703 
4.966124 -0.125544 
2.266788 -0.761838 
4.895818 -0.267460 
2.939517 -1.227906 
4.778829 -0.039786 
4.000418 -1.259814 
4.504867 -1.021210 
2.024963 -0.018757 
3.801668 -1.358395 
2.500878 -0.707969 
2.097365 -0.204053 
2.129516 -0.149910 
4.886759 -0.316930 
3.198400 -1.123607 
2.893054 -0.988964 
4.649916 -0.279613 
4.612614 -0.407390 
4.356348 -1.127527 
4.689183 -0.895996 
4.291205 -0.892338 
3.360247 -1.490476 
3.264168 -1.352351 
3.023443 -1.190218 
2.434492 -0.474396 
4.097955 -1.088428 
4.743088 -0.337884 
