0, 0, 0, 0, 0, 37, 987, 0, 0, 0, 0, 0, 0, 0, 678, 346, 0, 0, 0, 0, 0, 0, 0, 1024
0, 0, 0, 0, 0, 0, 548, 476, 0, 0, 0, 0, 0, 0, 307, 717, 0, 0, 0, 0, 0, 0, 0, 1024
0, 0, 0, 0, 0, 0, 23, 1001, 0, 0, 0, 0, 0, 0, 0, 1024, 0, 0, 0, 0, 0, 0, 0, 1024
0, 0, 0, 0, 0, 0, 5, 1019, 0, 0, 0, 0, 0, 0, 0, 1024, 0, 0, 0, 0, 0, 0, 0, 1024
0, 0, 0, 0, 0, 0, 518, 506, 0, 0, 0, 0, 0, 0, 31, 993, 0, 0, 0, 0, 0, 0, 0, 1024
0, 0, 0, 0, 0, 0, 1024, 0, 0, 0, 0, 0, 0, 0, 16, 1008, 0, 0, 0, 0, 0, 0, 0, 1024
0, 0, 0, 0, 0, 0, 1006, 18, 0, 0, 0, 0, 0, 0, 46, 978, 0, 0, 0, 0, 0, 0, 0, 1024
0, 0, 0, 0, 0, 0, 1024, 0, 0, 0, 0, 0, 0, 0, 16, 1008, 0, 0, 0, 0, 0, 0, 0, 1024
0, 0, 2, 0, 1, 1, 629, 391, 0, 0, 2, 0, 1, 2, 207, 812, 0, 0, 2, 0, 1, 1, 4, 1016
294, 405, 98, 66, 44, 30, 47, 40, 349, 354, 95, 65, 44, 29, 59, 29, 398, 292, 97, 64, 46, 29, 34, 64
699, 308, 15, 2, 0, 0, 0, 0, 798, 213, 8, 4, 1, 0, 0, 0, 1001, 14, 6, 3, 0, 0, 0, 0
823, 180, 13, 7, 1, 0, 0, 0, 941, 69, 6, 8, 0, 0, 0, 0, 993, 21, 5, 5, 0, 0, 0, 0
267, 397, 100, 133, 82, 42, 3, 0, 554, 129, 101, 128, 79, 32, 1, 0, 938, 68, 14, 4, 0, 0, 0, 0
196, 686, 122, 19, 1, 0, 0, 0, 299, 427, 189, 93, 16, 0, 0, 0, 489, 167, 155, 115, 81, 17, 0, 0
23, 93, 281, 474, 153, 0, 0, 0, 1, 34, 94, 238, 401, 252, 4, 0, 0, 2, 19, 64, 146, 285, 412, 96
1, 2, 6, 87, 780, 146, 2, 0, 0, 2, 4, 7, 71, 603, 337, 0, 0, 0, 0, 3, 3, 16, 184, 818
0, 5, 5, 217, 796, 1, 0, 0, 0, 0, 5, 4, 12, 926, 77, 0, 0, 0, 0, 0, 2, 5, 27, 990
0, 0, 0, 614, 386, 24, 0, 0, 0, 0, 0, 0, 5, 994, 25, 0, 0, 0, 0, 0, 0, 0, 120, 904
0, 0, 0, 352, 495, 177, 0, 0, 0, 0, 0, 0, 163, 829, 32, 0, 0, 0, 0, 0, 0, 0, 504, 520
0, 0, 0, 46, 682, 296, 0, 0, 0, 0, 0, 0, 62, 935, 27, 0, 0, 0, 0, 0, 0, 0, 675, 349
0, 68, 171, 199, 457, 129, 0, 0, 0, 0, 11, 215, 286, 499, 13, 0, 0, 0, 0, 0, 7, 294, 593, 130
0, 688, 161, 70, 105, 0, 0, 0, 0, 0, 287, 561, 126, 50, 0, 0, 0, 0, 0, 0, 246, 611, 167, 0
1, 1023, 0, 0, 0, 0, 0, 0, 0, 0, 988, 36, 0, 0, 0, 0, 0, 0, 0, 2, 1004, 18, 0, 0
0, 1024, 0, 0, 0, 0, 0, 0, 0, 0, 1024, 0, 0, 0, 0, 0, 0, 0, 0, 859, 165, 0, 0, 0
8, 663, 218, 114, 18, 3, 0, 0, 0, 252, 507, 202, 59, 4, 0, 0, 34, 87, 345, 541, 17, 0, 0, 0
0, 53, 273, 339, 221, 82, 23, 1, 12, 53, 265, 372, 225, 54, 10, 1, 622, 241, 91, 26, 12, 0, 0, 0
0, 0, 0, 0, 0, 0, 912, 112, 0, 0, 0, 0, 0, 0, 345, 679, 0, 0, 0, 0, 0, 0, 0, 1024
0, 0, 0, 0, 0, 0, 56, 968, 0, 0, 0, 0, 0, 0, 6, 1018, 0, 0, 0, 0, 0, 0, 0, 1024
0, 0, 0, 0, 0, 0, 0, 1024, 0, 0, 0, 0, 0, 0, 0, 1024, 0, 0, 0, 0, 0, 0, 0, 1024
0, 0, 0, 0, 0, 0, 0, 1024, 0, 0, 0, 0, 0, 0, 0, 1024, 0, 0, 0, 0, 0, 0, 0, 1024
0, 0, 0, 0, 0, 0, 130, 894, 0, 0, 0, 0, 0, 0, 0, 1024, 0, 0, 0, 0, 0, 0, 0, 1024
0, 0, 0, 0, 0, 0, 175, 849, 0, 0, 0, 0, 0, 0, 0, 1024, 0, 0, 0, 0, 0, 0, 0, 1024
0, 0, 0, 0, 0, 0, 66, 958, 0, 0, 0, 0, 0, 0, 0, 1024, 0, 0, 0, 0, 0, 0, 0, 1024
0, 0, 0, 0, 0, 0, 322, 702, 0, 0, 0, 0, 0, 0, 0, 1024, 0, 0, 0, 0, 0, 0, 0, 1024
0, 0, 0, 0, 0, 0, 32, 992, 0, 0, 0, 0, 0, 0, 6, 1018, 0, 0, 0, 0, 0, 0, 0, 1024
75, 335, 150, 62, 41, 66, 145, 150, 137, 324, 102, 68, 44, 64, 104, 181, 257, 193, 83, 67, 42, 50, 64, 268
506, 510, 8, 0, 0, 0, 0, 0, 659, 358, 7, 0, 0, 0, 0, 0, 966, 58, 0, 0, 0, 0, 0, 0
863, 151, 10, 0, 0, 0, 0, 0, 969, 49, 6, 0, 0, 0, 0, 0, 979, 39, 6, 0, 0, 0, 0, 0
626, 323, 47, 21, 7, 0, 0, 0, 906, 59, 38, 16, 5, 0, 0, 0, 962, 45, 17, 0, 0, 0, 0, 0
235, 504, 203, 76, 6, 0, 0, 0, 355, 267, 165, 162, 66, 9, 0, 0, 399, 143, 130, 108, 130, 97, 17, 0
6, 34, 126, 436, 416, 6, 0, 0, 1, 6, 23, 108, 358, 510, 18, 0, 0, 1, 4, 16, 54, 163, 479, 307
0, 0, 8, 8, 337, 671, 0, 0, 0, 0, 2, 7, 22, 231, 762, 0, 0, 0, 0, 0, 5, 6, 55, 958
0, 0, 0, 107, 887, 30, 0, 0, 0, 0, 0, 0, 0, 735, 289, 0, 0, 0, 0, 0, 0, 0, 0, 1024
0, 0, 0, 528, 496, 0, 0, 0, 0, 0, 0, 0, 0, 1024, 0, 0, 0, 0, 0, 0, 0, 0, 18, 1006
0, 0, 5, 529, 486, 4, 0, 0, 0, 0, 0, 0, 229, 795, 0, 0, 0, 0, 0, 0, 0, 0, 447, 577
0, 0, 0, 26, 812, 186, 0, 0, 0, 0, 0, 0, 107, 880, 37, 0, 0, 0, 0, 0, 0, 0, 826, 198
0, 0, 44, 183, 633, 164, 0, 0, 0, 0, 0, 62, 245, 717, 0, 0, 0, 0, 0, 0, 0, 76, 804, 144
0, 344, 278, 171, 207, 24, 0, 0, 0, 0, 153, 480, 211, 180, 0, 0, 0, 0, 0, 0, 161, 552, 282, 29
0, 1006, 18, 0, 0, 0, 0, 0, 0, 0, 952, 72, 0, 0, 0, 0, 0, 0, 0, 0, 946, 78, 0, 0
0, 1024, 0, 0, 0, 0, 0, 0, 0, 0, 1024, 0, 0, 0, 0, 0, 0, 0, 0, 849, 175, 0, 0, 0
1, 333, 220, 159, 153, 116, 39, 3, 2, 45, 493, 230, 152, 76, 26, 0, 77, 190, 344, 345, 48, 18, 2, 0
2, 45, 175, 302, 288, 125, 49, 6, 8, 69, 221, 324, 261, 83, 24, 2, 590, 231, 92, 54, 20, 5, 0, 0
0, 0, 0, 0, 0, 0, 789, 235, 0, 0, 0, 0, 0, 0, 2, 1022, 0, 0, 0, 0, 0, 0, 0, 1024
0, 0, 0, 0, 0, 0, 0, 1024, 0, 0, 0, 0, 0, 0, 0, 1024, 0, 0, 0, 0, 0, 0, 0, 1024
0, 0, 0, 0, 0, 0, 0, 1024, 0, 0, 0, 0, 0, 0, 0, 1024, 0, 0, 0, 0, 0, 0, 0, 1024
0, 0, 0, 0, 0, 0, 0, 1024, 0, 0, 0, 0, 0, 0, 0, 1024, 0, 0, 0, 0, 0, 0, 0, 1024
0, 0, 0, 0, 0, 0, 0, 1024, 0, 0, 0, 0, 0, 0, 0, 1024, 0, 0, 0, 0, 0, 0, 0, 1024
0, 0, 0, 0, 0, 0, 0, 1024, 0, 0, 0, 0, 0, 0, 0, 1024, 0, 0, 0, 0, 0, 0, 0, 1024
0, 0, 0, 0, 0, 0, 0, 1024, 0, 0, 0, 0, 0, 0, 0, 1024, 0, 0, 0, 0, 0, 0, 0, 1024
0, 0, 0, 0, 0, 0, 0, 1024, 0, 0, 0, 0, 0, 0, 0, 1024, 0, 0, 0, 0, 0, 0, 0, 1024
10, 69, 67, 28, 21, 18, 53, 758, 11, 92, 50, 22, 22, 16, 31, 780, 9, 81, 59, 23, 22, 16, 19, 795
346, 300, 91, 46, 44, 48, 82, 67, 439, 210, 87, 52, 31, 48, 88, 69, 481, 182, 75, 42, 35, 36, 59, 114
845, 179, 0, 0, 0, 0, 0, 0, 965, 59, 0, 0, 0, 0, 0, 0, 999, 25, 0, 0, 0, 0, 0, 0
898, 110, 7, 6, 1, 2, 0, 0, 980, 30, 9, 2, 2, 1, 0, 0, 984, 26, 9, 2, 2, 1, 0, 0
820, 200, 4, 0, 0, 0, 0, 0, 991, 33, 0, 0, 0, 0, 0, 0, 995, 29, 0, 0, 0, 0, 0, 0
494, 390, 117, 23, 0, 0, 0, 0, 532, 264, 101, 92, 34, 1, 0, 0, 514, 216, 105, 55, 70, 45, 19, 0
61, 197, 255, 310, 190, 11, 0, 0, 4, 147, 191, 193, 270, 211, 8, 0, 0, 56, 124, 164, 136, 166, 281, 97
19, 57, 74, 91, 388, 390, 5, 0, 7, 47, 56, 70, 93, 323, 428, 0, 0, 20, 33, 42, 58, 69, 128, 674
0, 4, 6, 14, 955, 45, 0, 0, 0, 0, 2, 6, 7, 766, 243, 0, 0, 0, 0, 0, 3, 7, 7, 1007
0, 0, 0, 323, 683, 18, 0, 0, 0, 0, 0, 0, 0, 1011, 13, 0, 0, 0, 0, 0, 0, 0, 8, 1016
0, 0, 0, 388, 596, 40, 0, 0, 0, 0, 0, 0, 45, 975, 4, 0, 0, 0, 0, 0, 0, 0, 387, 637
0, 0, 0, 96, 829, 99, 0, 0, 0, 0, 0, 0, 224, 788, 12, 0, 0, 0, 0, 0, 0, 0, 811, 213
0, 0, 0, 151, 402, 471, 0, 0, 0, 0, 0, 0, 308, 667, 49, 0, 0, 0, 0, 0, 0, 0, 824, 200
0, 57, 171, 118, 314, 364, 0, 0, 0, 0, 96, 155, 211, 562, 0, 0, 0, 0, 0, 0, 143, 174, 586, 121
0, 959, 65, 0, 0, 0, 0, 0, 0, 0, 951, 73, 0, 0, 0, 0, 0, 0, 0, 133, 818, 73, 0, 0
0, 1024, 0, 0, 0, 0, 0, 0, 0, 90, 934, 0, 0, 0, 0, 0, 0, 0, 2, 954, 68, 0, 0, 0
0, 229, 219, 240, 178, 107, 42, 9, 0, 54, 436, 274, 156, 79, 21, 4, 325, 149, 266, 241, 31, 12, 0, 0
0, 57, 253, 311, 195, 117, 44, 15, 11, 121, 273, 285, 184, 86, 29, 3, 757, 137, 62, 26, 9, 1, 0, 0
0, 0, 0, 0, 0, 0, 476, 548, 0, 0, 0, 0, 0, 0, 1, 1023, 0, 0, 0, 0, 0, 0, 0, 1024
0, 0, 0, 0, 0, 0, 0, 1024, 0, 0, 0, 0, 0, 0, 0, 1024, 0, 0, 0, 0, 0, 0, 0, 1024
0, 0, 0, 0, 0, 0, 0, 1024, 0, 0, 0, 0, 0, 0, 0, 1024, 0, 0, 0, 0, 0, 0, 0, 1024
0, 0, 0, 0, 0, 0, 0, 1024, 0, 0, 0, 0, 0, 0, 0, 1024, 0, 0, 0, 0, 0, 0, 0, 1024
0, 0, 0, 0, 0, 0, 0, 1024, 0, 0, 0, 0, 0, 0, 0, 1024, 0, 0, 0, 0, 0, 0, 0, 1024
0, 0, 0, 0, 0, 0, 0, 1024, 0, 0, 0, 0, 0, 0, 0, 1024, 0, 0, 0, 0, 0, 0, 0, 1024
0, 0, 0, 0, 0, 0, 0, 1024, 0, 0, 0, 0, 0, 0, 0, 1024, 0, 0, 0, 0, 0, 0, 0, 1024
0, 0, 0, 0, 0, 0, 0, 1024, 0, 0, 0, 0, 0, 0, 0, 1024, 0, 0, 0, 0, 0, 0, 0, 1024
3, 38, 22, 15, 9, 17, 28, 892, 9, 38, 21, 12, 13, 16, 29, 886, 5, 38, 17, 14, 9, 10, 21, 910
265, 448, 89, 44, 16, 17, 53, 92, 401, 336, 74, 41, 16, 27, 60, 69, 568, 177, 69, 32, 19, 16, 39, 104
968, 56, 0, 0, 0, 0, 0, 0, 1018, 6, 0, 0, 0, 0, 0, 0, 1024, 0, 0, 0, 0, 0, 0, 0
933, 77, 11, 3, 0, 0, 0, 0, 988, 27, 9, 0, 0, 0, 0, 0, 990, 27, 7, 0, 0, 0, 0, 0
826, 198, 0, 0, 0, 0, 0, 0, 1024, 0, 0, 0, 0, 0, 0, 0, 1024, 0, 0, 0, 0, 0, 0, 0
490, 439, 77, 18, 0, 0, 0, 0, 648, 231, 95, 42, 8, 0, 0, 0, 595, 207, 126, 59, 34, 3, 0, 0
44, 260, 257, 272, 151, 39, 1, 0, 18, 205, 220, 247, 221, 98, 15, 0, 0, 71, 157, 185, 206, 214, 145, 46
26, 75, 81, 134, 251, 444, 13, 0, 12, 42, 69, 121, 124, 336, 318, 2, 0, 9, 33, 58, 88, 129, 159, 548
0, 2, 12, 19, 878, 113, 0, 0, 0, 0, 2, 11, 21, 643, 347, 0, 0, 0, 0, 1, 5, 12, 32, 974
0, 0, 0, 374, 650, 0, 0, 0, 0, 0, 0, 0, 2, 1022, 0, 0, 0, 0, 0, 0, 0, 0, 3, 1021
0, 0, 0, 606, 397, 21, 0, 0, 0, 0, 0, 0, 164, 860, 0, 0, 0, 0, 0, 0, 0, 0, 281, 743
0, 0, 0, 147, 811, 66, 0, 0, 0, 0, 0, 0, 254, 763, 7, 0, 0, 0, 0, 0, 0, 0, 820, 204
0, 0, 0, 147, 485, 390, 2, 0, 0, 0, 0, 0, 503, 484, 37, 0, 0, 0, 0, 0, 0, 6, 836, 182
0, 2, 100, 144, 259, 519, 0, 0, 0, 0, 9, 135, 206, 667, 7, 0, 0, 0, 0, 0, 77, 134, 646, 167
0, 692, 221, 111, 0, 0, 0, 0, 0, 0, 790, 134, 100, 0, 0, 0, 0, 0, 0, 231, 616, 141, 36, 0
0, 1016, 8, 0, 0, 0, 0, 0, 0, 59, 962, 3, 0, 0, 0, 0, 0, 0, 0, 877, 147, 0, 0, 0
0, 111, 142, 235, 244, 223, 59, 10, 0, 33, 233, 296, 273, 156, 28, 5, 231, 221, 204, 278, 75, 13, 2, 0
9, 160, 326, 262, 142, 60, 26, 7, 47, 258, 321, 220, 87, 45, 11, 3, 780, 148, 39, 20, 5, 0, 0, 0
0, 0, 0, 0, 0, 0, 154, 870, 0, 0, 0, 0, 0, 0, 0, 1024, 0, 0, 0, 0, 0, 0, 0, 1024
0, 0, 0, 0, 0, 0, 0, 1024, 0, 0, 0, 0, 0, 0, 0, 1024, 0, 0, 0, 0, 0, 0, 0, 1024
0, 0, 0, 0, 0, 0, 0, 1024, 0, 0, 0, 0, 0, 0, 0, 1024, 0, 0, 0, 0, 0, 0, 0, 1024
0, 0, 0, 0, 0, 0, 0, 1024, 0, 0, 0, 0, 0, 0, 0, 1024, 0, 0, 0, 0, 0, 0, 0, 1024
0, 0, 0, 0, 0, 0, 0, 1024, 0, 0, 0, 0, 0, 0, 0, 1024, 0, 0, 0, 0, 0, 0, 0, 1024
0, 0, 0, 0, 0, 0, 0, 1024, 0, 0, 0, 0, 0, 0, 0, 1024, 0, 0, 0, 0, 0, 0, 0, 1024
0, 0, 0, 0, 0, 0, 0, 1024, 0, 0, 0, 0, 0, 0, 0, 1024, 0, 0, 0, 0, 0, 0, 0, 1024
0, 0, 0, 0, 0, 0, 0, 1024, 0, 0, 0, 0, 0, 0, 0, 1024, 0, 0, 0, 0, 0, 0, 0, 1024
0, 0, 0, 0, 0, 0, 0, 1024, 0, 0, 0, 0, 0, 0, 0, 1024, 0, 0, 0, 0, 0, 0, 0, 1024
166, 495, 69, 9, 14, 14, 25, 232, 226, 368, 137, 11, 15, 10, 32, 225, 405, 124, 87, 92, 34, 18, 17, 247
822, 201, 1, 0, 0, 0, 0, 0, 928, 96, 0, 0, 0, 0, 0, 0, 1020, 4, 0, 0, 0, 0, 0, 0
636, 207, 65, 37, 35, 18, 20, 6, 746, 137, 50, 40, 26, 20, 5, 0, 810, 91, 44, 36, 27, 16, 0, 0
239, 542, 171, 38, 22, 5, 6, 1, 542, 346, 86, 29, 14, 6, 1, 0, 696, 280, 37, 5, 6, 0, 0, 0
179, 335, 178, 133, 159, 40, 0, 0, 256, 208, 174, 115, 117, 139, 15, 0, 226, 152, 137, 116, 84, 89, 146, 74
3, 37, 80, 128, 257, 456, 63, 0, 3, 26, 45, 89, 178, 323, 360, 0, 0, 5, 29, 28, 64, 91, 201, 606
0, 1, 10, 20, 80, 761, 152, 0, 0, 0, 5, 16, 28, 159, 816, 0, 0, 0, 0, 1, 10, 21, 42, 950
0, 0, 0, 16, 832, 176, 0, 0, 0, 0, 0, 0, 0, 713, 311, 0, 0, 0, 0, 0, 0, 0, 0, 1024
0, 0, 0, 742, 282, 0, 0, 0, 0, 0, 0, 0, 51, 969, 4, 0, 0, 0, 0, 0, 0, 0, 41, 983
0, 0, 0, 715, 196, 113, 0, 0, 0, 0, 0, 0, 497, 518, 9, 0, 0, 0, 0, 0, 0, 0, 468, 556
0, 0, 0, 385, 625, 14, 0, 0, 0, 0, 0, 0, 523, 501, 0, 0, 0, 0, 0, 0, 0, 8, 803, 213
0, 0, 0, 455, 488, 81, 0, 0, 0, 0, 0, 0, 753, 271, 0, 0, 0, 0, 0, 0, 0, 55, 944, 25
0, 0, 46, 208, 378, 392, 0, 0, 0, 0, 6, 126, 342, 526, 24, 0, 0, 0, 0, 0, 46, 241, 642, 95
4, 446, 222, 175, 140, 37, 0, 0, 3, 29, 514, 184, 196, 98, 0, 0, 0, 1, 25, 150, 464, 210, 163, 11
0, 889, 133, 2, 0, 0, 0, 0, 0, 133, 884, 7, 0, 0, 0, 0, 0, 0, 1, 812, 211, 0, 0, 0
0, 8, 155, 261, 288, 185, 94, 33, 2, 19, 197, 355, 263, 142, 42, 4, 307, 134, 177, 262, 100, 33, 10, 1
16, 154, 353, 244, 139, 54, 28, 4, 78, 286, 305, 182, 85, 38, 18, 0, 789, 120, 46, 30, 7, 0, 0, 0
0, 0, 0, 0, 0, 0, 12, 1012, 0, 0, 0, 0, 0, 0, 0, 1024, 0, 0, 0, 0, 0, 0, 0, 1024
0, 0, 0, 0, 0, 0, 0, 1024, 0, 0, 0, 0, 0, 0, 0, 1024, 0, 0, 0, 0, 0, 0, 0, 1024
0, 0, 0, 0, 0, 0, 0, 1024, 0, 0, 0, 0, 0, 0, 0, 1024, 0, 0, 0, 0, 0, 0, 0, 1024
0, 0, 0, 0, 0, 0, 0, 1024, 0, 0, 0, 0, 0, 0, 0, 1024, 0, 0, 0, 0, 0, 0, 0, 1024
0, 0, 0, 0, 0, 0, 0, 1024, 0, 0, 0, 0, 0, 0, 0, 1024, 0, 0, 0, 0, 0, 0, 0, 1024
0, 0, 0, 0, 0, 0, 0, 1024, 0, 0, 0, 0, 0, 0, 0, 1024, 0, 0, 0, 0, 0, 0, 0, 1024
0, 0, 0, 0, 0, 0, 0, 1024, 0, 0, 0, 0, 0, 0, 0, 1024, 0, 0, 0, 0, 0, 0, 0, 1024
0, 0, 0, 0, 0, 0, 0, 1024, 0, 0, 0, 0, 0, 0, 0, 1024, 0, 0, 0, 0, 0, 0, 0, 1024
0, 0, 0, 0, 0, 0, 0, 1024, 0, 0, 0, 0, 0, 0, 0, 1024, 0, 0, 0, 0, 0, 0, 0, 1024
125, 618, 52, 3, 8, 10, 15, 193, 111, 355, 328, 5, 7, 11, 14, 193, 264, 136, 102, 175, 123, 5, 16, 203
563, 446, 15, 0, 0, 0, 0, 0, 761, 254, 9, 0, 0, 0, 0, 0, 1009, 15, 0, 0, 0, 0, 0, 0
444, 239, 131, 99, 53, 33, 19, 6, 608, 153, 112, 74, 38, 30, 7, 2, 705, 127, 80, 51, 36, 20, 2, 3
0, 677, 207, 92, 32, 16, 0, 0, 88, 724, 102, 80, 26, 4, 0, 0, 740, 239, 35, 9, 1, 0, 0, 0
8, 161, 132, 202, 350, 171, 0, 0, 7, 148, 116, 105, 206, 368, 74, 0, 13, 107, 106, 66, 71, 137, 305, 219
0, 0, 0, 0, 8, 627, 389, 0, 0, 0, 0, 0, 0, 163, 845, 16, 0, 0, 0, 0, 0, 0, 12, 1012
0, 0, 0, 0, 0, 589, 435, 0, 0, 0, 0, 0, 0, 2, 1022, 0, 0, 0, 0, 0, 0, 0, 0, 1024
0, 0, 0, 0, 311, 708, 5, 0, 0, 0, 0, 0, 0, 383, 641, 0, 0, 0, 0, 0, 0, 0, 0, 1024
0, 0, 0, 307, 565, 152, 0, 0, 0, 0, 0, 0, 85, 904, 35, 0, 0, 0, 0, 0, 0, 0, 66, 958
0, 0, 13, 621, 329, 61, 0, 0, 0, 0, 0, 0, 489, 535, 0, 0, 0, 0, 0, 0, 0, 0, 494, 530
0, 0, 0, 254, 750, 20, 0, 0, 0, 0, 0, 0, 563, 460, 1, 0, 0, 0, 0, 0, 0, 22, 838, 164
0, 0, 0, 177, 814, 33, 0, 0, 0, 0, 0, 0, 614, 410, 0, 0, 0, 0, 0, 0, 0, 110, 877, 37
0, 0, 11, 34, 536, 440, 3, 0, 0, 2, 11, 20, 437, 535, 19, 0, 0, 0, 2, 10, 19, 118, 848, 27
38, 206, 418, 58, 67, 236, 1, 0, 62, 121, 454, 75, 57, 253, 2, 0, 3, 90, 97, 239, 277, 57, 236, 25
152, 506, 349, 17, 0, 0, 0, 0, 167, 294, 545, 18, 0, 0, 0, 0, 66, 183, 288, 439, 48, 0, 0, 0
42, 165, 262, 370, 120, 37, 21, 7, 160, 199, 341, 241, 51, 25, 6, 1, 407, 223, 226, 146, 19, 3, 0, 0
31, 258, 388, 221, 75, 15, 4, 0, 157, 417, 252, 137, 26, 3, 0, 0, 734, 183, 57, 15, 3, 0, 0, 0
0, 0, 0, 0, 0, 0, 0, 1024, 0, 0, 0, 0, 0, 0, 0, 1024, 0, 0, 0, 0, 0, 0, 0, 1024
0, 0, 0, 0, 0, 0, 0, 1024, 0, 0, 0, 0, 0, 0, 0, 1024, 0, 0, 0, 0, 0, 0, 0, 1024
0, 0, 0, 0, 0, 0, 0, 1024, 0, 0, 0, 0, 0, 0, 0, 1024, 0, 0, 0, 0, 0, 0, 0, 1024
0, 0, 0, 0, 0, 0, 0, 1024, 0, 0, 0, 0, 0, 0, 0, 1024, 0, 0, 0, 0, 0, 0, 0, 1024
0, 0, 0, 0, 0, 0, 0, 1024, 0, 0, 0, 0, 0, 0, 0, 1024, 0, 0, 0, 0, 0, 0, 0, 1024
0, 0, 0, 0, 0, 0, 0, 1024, 0, 0, 0, 0, 0, 0, 0, 1024, 0, 0, 0, 0, 0, 0, 0, 1024
0, 0, 0, 0, 0, 0, 0, 1024, 0, 0, 0, 0, 0, 0, 0, 1024, 0, 0, 0, 0, 0, 0, 0, 1024
0, 0, 0, 0, 0, 0, 0, 1024, 0, 0, 0, 0, 0, 0, 0, 1024, 0, 0, 0, 0, 0, 0, 0, 1024
3, 46, 12, 8, 3, 5, 13, 934, 3, 30, 29, 7, 3, 5, 14, 933, 0, 2, 6, 39, 21, 5, 5, 946
121, 848, 38, 4, 2, 5, 2, 4, 71, 483, 454, 3, 2, 5, 2, 4, 245, 115, 100, 348, 203, 2, 5, 6
681, 341, 2, 0, 0, 0, 0, 0, 843, 181, 0, 0, 0, 0, 0, 0, 1014, 10, 0, 0, 0, 0, 0, 0
543, 152, 86, 54, 81, 75, 31, 2, 617, 131, 63, 66, 93, 49, 5, 0, 684, 132, 100, 43, 49, 12, 4, 0
29, 729, 131, 60, 61, 11, 3, 0, 421, 409, 79, 73, 36, 5, 1, 0, 778, 220, 20, 2, 3, 1, 0, 0
39, 248, 158, 171, 261, 145, 2, 0, 114, 137, 143, 132, 199, 263, 36, 0, 127, 84, 99, 98, 99, 130, 247, 140
0, 0, 0, 14, 78, 498, 434, 0, 0, 0, 0, 1, 28, 190, 791, 14, 0, 0, 0, 0, 0, 14, 92, 918
0, 0, 0, 0, 0, 768, 256, 0, 0, 0, 0, 0, 0, 12, 1011, 1, 0, 0, 0, 0, 0, 0, 2, 1022
0, 0, 0, 0, 283, 739, 2, 0, 0, 0, 0, 0, 0, 358, 666, 0, 0, 0, 0, 0, 0, 0, 0, 1024
0, 0, 0, 253, 358, 413, 0, 0, 0, 0, 0, 0, 113, 821, 90, 0, 0, 0, 0, 0, 0, 0, 139, 885
0, 0, 0, 495, 360, 169, 0, 0, 0, 0, 0, 0, 373, 624, 27, 0, 0, 0, 0, 0, 0, 0, 501, 523
0, 0, 0, 98, 491, 435, 0, 0, 0, 0, 0, 0, 320, 692, 12, 0, 0, 0, 0, 0, 0, 12, 552, 460
0, 0, 0, 129, 699, 196, 0, 0, 0, 0, 0, 3, 426, 589, 6, 0, 0, 0, 0, 0, 0, 102, 831, 91
0, 0, 0, 0, 390, 634, 0, 0, 0, 0, 0, 0, 165, 859, 0, 0, 0, 0, 0, 0, 0, 17, 1007, 0
0, 125, 446, 148, 221, 84, 0, 0, 0, 6, 486, 173, 190, 169, 0, 0, 0, 0, 0, 277, 333, 207, 207, 0
7, 364, 487, 115, 33, 13, 5, 0, 16, 274, 600, 105, 23, 3, 3, 0, 18, 163, 292, 466, 78, 4, 2, 1
0, 94, 250, 269, 238, 116, 51, 6, 64, 241, 272, 240, 132, 64, 10, 1, 337, 321, 232, 98, 31, 5, 0, 0
14, 231, 294, 174, 142, 67, 49, 21, 175, 318, 204, 159, 78, 42, 16, 0, 514, 243, 108, 61, 40, 21, 5, 0
0, 0, 0, 0, 0, 0, 0, 1024, 0, 0, 0, 0, 0, 0, 0, 1024, 0, 0, 0, 0, 0, 0, 0, 1024
0, 0, 0, 0, 0, 0, 0, 1024, 0, 0, 0, 0, 0, 0, 0, 1024, 0, 0, 0, 0, 0, 0, 0, 1024
0, 0, 0, 0, 0, 0, 0, 1024, 0, 0, 0, 0, 0, 0, 0, 1024, 0, 0, 0, 0, 0, 0, 0, 1024
0, 0, 0, 0, 0, 0, 0, 1024, 0, 0, 0, 0, 0, 0, 0, 1024, 0, 0, 0, 0, 0, 0, 0, 1024
0, 0, 0, 0, 0, 0, 0, 1024, 0, 0, 0, 0, 0, 0, 0, 1024, 0, 0, 0, 0, 0, 0, 0, 1024
0, 0, 0, 0, 0, 0, 0, 1024, 0, 0, 0, 0, 0, 0, 0, 1024, 0, 0, 0, 0, 0, 0, 0, 1024
0, 0, 0, 0, 0, 0, 0, 1024, 0, 0, 0, 0, 0, 0, 0, 1024, 0, 0, 0, 0, 0, 0, 0, 1024
0, 0, 0, 0, 0, 0, 0, 1024, 0, 0, 0, 0, 0, 0, 0, 1024, 0, 0, 0, 0, 0, 0, 0, 1024
1, 99, 94, 11, 7, 9, 15, 788, 1, 39, 149, 14, 8, 11, 13, 789, 0, 0, 5, 26, 170, 8, 12, 803
134, 852, 38, 0, 0, 0, 0, 0, 49, 457, 507, 11, 0, 0, 0, 0, 274, 122, 95, 256, 277, 0, 0, 0
548, 470, 6, 0, 0, 0, 0, 0, 716, 308, 0, 0, 0, 0, 0, 0, 1001, 23, 0, 0, 0, 0, 0, 0
689, 140, 47, 54, 42, 35, 13, 4, 797, 57, 45, 51, 36, 25, 11, 2, 819, 69, 55, 37, 25, 17, 2, 0
125, 775, 76, 47, 1, 0, 0, 0, 737, 190, 65, 32, 0, 0, 0, 0, 903, 111, 10, 0, 0, 0, 0, 0
48, 311, 204, 211, 212, 36, 2, 0, 82, 247, 174, 188, 188, 135, 10, 0, 142, 159, 127, 129, 126, 151, 147, 43
0, 1, 2, 16, 152, 599, 254, 0, 0, 0, 2, 7, 35, 432, 548, 0, 0, 0, 0, 1, 5, 13, 202, 803
0, 0, 0, 0, 1, 475, 548, 0, 0, 0, 0, 0, 0, 36, 972, 16, 0, 0, 0, 0, 0, 0, 4, 1020
0, 0, 0, 0, 82, 632, 310, 0, 0, 0, 0, 0, 0, 150, 814, 60, 0, 0, 0, 0, 0, 0, 15, 1009
0, 0, 0, 28, 328, 606, 62, 0, 0, 0, 0, 0, 1, 781, 237, 5, 0, 0, 0, 0, 0, 0, 79, 945
0, 0, 0, 77, 634, 313, 0, 0, 0, 0, 0, 0, 120, 849, 55, 0, 0, 0, 0, 0, 0, 0, 353, 671
0, 0, 0, 22, 519, 483, 0, 0, 0, 0, 0, 0, 76, 919, 29, 0, 0, 0, 0, 0, 0, 0, 686, 338
0, 0, 0, 0, 492, 532, 0, 0, 0, 0, 0, 0, 66, 956, 2, 0, 0, 0, 0, 0, 0, 0, 941, 83
0, 0, 0, 3, 500, 520, 1, 0, 0, 0, 0, 3, 429, 592, 0, 0, 0, 0, 0, 0, 1, 187, 836, 0
0, 41, 211, 113, 522, 137, 0, 0, 0, 15, 224, 120, 512, 153, 0, 0, 0, 3, 28, 185, 123, 388, 297, 0
2, 163, 532, 239, 66, 13, 2, 7, 8, 146, 632, 190, 36, 5, 7, 0, 22, 118, 348, 428, 93, 7, 8, 0
1, 106, 263, 295, 209, 98, 33, 19, 76, 241, 315, 221, 115, 39, 12, 5, 492, 268, 151, 83, 16, 11, 3, 0
8, 191, 273, 201, 154, 86, 52, 27, 150, 299, 216, 157, 89, 57, 24, 0, 446, 231, 137, 101, 49, 24, 4, 0
0, 0, 0, 0, 0, 0, 0, 1024, 0, 0, 0, 0, 0, 0, 0, 1024, 0, 0, 0, 0, 0, 0, 0, 1024
0, 0, 0, 0, 0, 0, 0, 1024, 0, 0, 0, 0, 0, 0, 0, 1024, 0, 0, 0, 0, 0, 0, 0, 1024
0, 0, 0, 0, 0, 0, 0, 1024, 0, 0, 0, 0, 0, 0, 0, 1024, 0, 0, 0, 0, 0, 0, 0, 1024
0, 0, 0, 0, 0, 0, 0, 1024, 0, 0, 0, 0, 0, 0, 0, 1024, 0, 0, 0, 0, 0, 0, 0, 1024
0, 0, 0, 0, 0, 0, 0, 1024, 0, 0, 0, 0, 0, 0, 0, 1024, 0, 0, 0, 0, 0, 0, 0, 1024
0, 0, 0, 0, 0, 0, 0, 1024, 0, 0, 0, 0, 0, 0, 0, 1024, 0, 0, 0, 0, 0, 0, 0, 1024
0, 0, 0, 0, 0, 0, 0, 1024, 0, 0, 0, 0, 0, 0, 0, 1024, 0, 0, 0, 0, 0, 0, 0, 1024
0, 0, 0, 0, 0, 0, 0, 1024, 0, 0, 0, 0, 0, 0, 0, 1024, 0, 0, 0, 0, 0, 0, 0, 1024
39, 308, 102, 8, 7, 11, 15, 534, 0, 18, 413, 22, 9, 10, 12, 540, 0, 0, 8, 90, 355, 10, 12, 549
172, 770, 82, 0, 0, 0, 0, 0, 130, 261, 605, 28, 0, 0, 0, 0, 270, 117, 68, 131, 434, 4, 0, 0
820, 202, 2, 0, 0, 0, 0, 0, 916, 105, 3, 0, 0, 0, 0, 0, 1020, 4, 0, 0, 0, 0, 0, 0
832, 166, 15, 11, 0, 0, 0, 0, 928, 75, 14, 7, 0, 0, 0, 0, 974, 46, 4, 0, 0, 0, 0, 0
590, 421, 13, 0, 0, 0, 0, 0, 974, 49, 1, 0, 0, 0, 0, 0, 1011, 13, 0, 0, 0, 0, 0, 0
87, 478, 231, 158, 63, 7, 0, 0, 204, 335, 241, 126, 107, 10, 1, 0, 196, 244, 223, 151, 90, 92, 27, 1
4, 15, 43, 119, 290, 415, 138, 0, 3, 12, 43, 89, 225, 418, 233, 1, 0, 2, 13, 29, 82, 140, 344, 414
0, 0, 0, 6, 21, 670, 327, 0, 0, 0, 0, 3, 5, 52, 961, 3, 0, 0, 0, 0, 1, 6, 23, 994
0, 0, 0, 0, 296, 591, 137, 0, 0, 0, 0, 0, 0, 364, 656, 4, 0, 0, 0, 0, 0, 0, 24, 1000
1, 2, 7, 9, 646, 342, 17, 0, 1, 2, 6, 9, 44, 823, 135, 4, 0, 0, 1, 2, 5, 9, 94, 913
2, 4, 15, 25, 498, 468, 12, 0, 4, 10, 14, 18, 66, 907, 5, 0, 0, 3, 5, 9, 18, 33, 336, 620
0, 0, 0, 0, 534, 490, 0, 0, 0, 0, 0, 0, 45, 979, 0, 0, 0, 0, 0, 0, 0, 5, 917, 102
0, 0, 0, 0, 340, 678, 6, 0, 0, 0, 0, 0, 58, 921, 45, 0, 0, 0, 0, 0, 0, 1, 903, 120
2, 7, 9, 8, 464, 526, 8, 0, 8, 6, 7, 20, 395, 586, 2, 0, 0, 8, 5, 7, 14, 252, 695, 43
18, 89, 130, 125, 575, 75, 10, 2, 32, 127, 129, 149, 536, 46, 5, 0, 17, 83, 115, 100, 124, 495, 89, 1
15, 320, 377, 194, 88, 24, 5, 1, 188, 428, 243, 120, 37, 7, 1, 0, 279, 361, 227, 119, 33, 4, 1, 0
229, 494, 163, 70, 38, 18, 11, 1, 634, 233, 82, 40, 20, 14, 1, 0, 811, 107, 56, 29, 14, 5, 2, 0
208, 473, 187, 88, 26, 6, 4, 0, 465, 321, 128, 56, 15, 7, 0, 0, 829, 124, 26, 9, 4, 0, 0, 0
0, 0, 0, 0, 0, 0, 0, 1024, 0, 0, 0, 0, 0, 0, 0, 1024, 0, 0, 0, 0, 0, 0, 0, 1024
0, 0, 0, 0, 0, 0, 0, 1024, 0, 0, 0, 0, 0, 0, 0, 1024, 0, 0, 0, 0, 0, 0, 0, 1024
0, 0, 0, 0, 0, 0, 0, 1024, 0, 0, 0, 0, 0, 0, 0, 1024, 0, 0, 0, 0, 0, 0, 0, 1024
0, 0, 0, 0, 0, 0, 0, 1024, 0, 0, 0, 0, 0, 0, 0, 1024, 0, 0, 0, 0, 0, 0, 0, 1024
0, 0, 0, 0, 0, 0, 0, 1024, 0, 0, 0, 0, 0, 0, 0, 1024, 0, 0, 0, 0, 0, 0, 0, 1024
0, 0, 0, 0, 0, 0, 0, 1024, 0, 0, 0, 0, 0, 0, 0, 1024, 0, 0, 0, 0, 0, 0, 0, 1024
0, 0, 0, 0, 0, 0, 0, 1024, 0, 0, 0, 0, 0, 0, 0, 1024, 0, 0, 0, 0, 0, 0, 0, 1024
0, 0, 0, 0, 0, 0, 0, 1024, 0, 0, 0, 0, 0, 0, 0, 1024, 0, 0, 0, 0, 0, 0, 0, 1024
38, 614, 92, 6, 13, 7, 9, 245, 0, 24, 719, 7, 14, 7, 8, 245, 0, 0, 11, 27, 709, 16, 8, 253
328, 668, 28, 0, 0, 0, 0, 0, 48, 388, 588, 0, 0, 0, 0, 0, 206, 118, 84, 185, 431, 0, 0, 0
733, 277, 14, 0, 0, 0, 0, 0, 871, 150, 3, 0, 0, 0, 0, 0, 989, 34, 1, 0, 0, 0, 0, 0
852, 172, 0, 0, 0, 0, 0, 0, 1011, 13, 0, 0, 0, 0, 0, 0, 1019, 5, 0, 0, 0, 0, 0, 0
501, 522, 1, 0, 0, 0, 0, 0, 990, 34, 0, 0, 0, 0, 0, 0, 1009, 15, 0, 0, 0, 0, 0, 0
193, 549, 163, 97, 22, 0, 0, 0, 453, 287, 139, 103, 42, 0, 0, 0, 490, 205, 142, 99, 64, 24, 0, 0
8, 123, 202, 229, 269, 141, 51, 1, 5, 132, 219, 218, 243, 167, 40, 0, 0, 21, 144, 191, 194, 172, 216, 86
0, 2, 9, 35, 78, 783, 112, 5, 0, 3, 7, 24, 57, 200, 723, 10, 0, 0, 0, 7, 14, 41, 79, 883
0, 0, 0, 0, 950, 74, 0, 0, 0, 0, 0, 0, 0, 919, 105, 0, 0, 0, 0, 0, 0, 0, 0, 1024
4, 12, 19, 55, 882, 52, 0, 0, 2, 14, 12, 41, 105, 840, 10, 0, 0, 0, 8, 9, 19, 47, 158, 783
28, 64, 79, 93, 340, 353, 59, 8, 61, 64, 74, 94, 181, 513, 36, 1, 15, 43, 55, 80, 79, 111, 435, 206
15, 16, 12, 20, 347, 607, 6, 1, 19, 15, 18, 15, 85, 869, 3, 0, 14, 14, 10, 15, 15, 41, 832, 83
3, 3, 16, 40, 455, 493, 14, 0, 4, 6, 26, 32, 279, 662, 15, 0, 0, 3, 5, 19, 29, 129, 803, 36
0, 8, 26, 60, 288, 573, 69, 0, 7, 23, 32, 87, 308, 549, 18, 0, 1, 9, 20, 33, 82, 263, 567, 49
26, 120, 159, 236, 290, 148, 43, 2, 84, 160, 176, 206, 267, 102, 29, 0, 43, 115, 135, 177, 223, 252, 70, 9
29, 262, 351, 218, 98, 42, 16, 8, 235, 324, 243, 142, 48, 26, 4, 2, 296, 268, 235, 149, 49, 24, 2, 1
60, 384, 312, 158, 68, 25, 13, 4, 374, 299, 204, 91, 39, 12, 4, 1, 663, 222, 87, 32, 16, 4, 0, 0
149, 339, 202, 117, 73, 61, 28, 23, 400, 253, 135, 95, 63, 25, 20, 1, 687, 147, 69, 41, 21, 19, 7, 1
0, 0, 0, 0, 0, 0, 0, 1024, 0, 0, 0, 0, 0, 0, 0, 1024, 0, 0, 0, 0, 0, 0, 0, 1024
0, 0, 0, 0, 0, 0, 0, 1024, 0, 0, 0, 0, 0, 0, 0, 1024, 0, 0, 0, 0, 0, 0, 0, 1024
0, 0, 0, 0, 0, 0, 0, 1024, 0, 0, 0, 0, 0, 0, 0, 1024, 0, 0, 0, 0, 0, 0, 0, 1024
0, 0, 0, 0, 0, 0, 0, 1024, 0, 0, 0, 0, 0, 0, 0, 1024, 0, 0, 0, 0, 0, 0, 0, 1024
0, 0, 0, 0, 0, 0, 0, 1024, 0, 0, 0, 0, 0, 0, 0, 1024, 0, 0, 0, 0, 0, 0, 0, 1024
0, 0, 0, 0, 0, 0, 0, 1024, 0, 0, 0, 0, 0, 0, 0, 1024, 0, 0, 0, 0, 0, 0, 0, 1024
0, 0, 0, 0, 0, 0, 0, 1024, 0, 0, 0, 0, 0, 0, 0, 1024, 0, 0, 0, 0, 0, 0, 0, 1024
0, 0, 0, 0, 0, 0, 0, 1024, 0, 0, 0, 0, 0, 0, 0, 1024, 0, 0, 0, 0, 0, 0, 0, 1024
0, 539, 103, 16, 9, 4, 10, 343, 0, 15, 625, 21, 6, 5, 11, 341, 0, 0, 0, 21, 618, 27, 5, 353
283, 735, 6, 0, 0, 0, 0, 0, 175, 278, 571, 0, 0, 0, 0, 0, 293, 120, 75, 80, 453, 3, 0, 0
845, 170, 9, 0, 0, 0, 0, 0, 939, 83, 2, 0, 0, 0, 0, 0, 1010, 14, 0, 0, 0, 0, 0, 0
806, 118, 43, 30, 22, 5, 0, 0, 878, 51, 42, 34, 19, 0, 0, 0, 955, 54, 15, 0, 0, 0, 0, 0
610, 384, 23, 7, 0, 0, 0, 0, 957, 47, 17, 3, 0, 0, 0, 0, 1014, 10, 0, 0, 0, 0, 0, 0
164, 581, 169, 74, 32, 4, 0, 0, 416, 329, 165, 74, 38, 2, 0, 0, 474, 199, 180, 95, 47, 28, 1, 0
9, 64, 156, 184, 243, 228, 131, 9, 9, 95, 154, 210, 230, 224, 101, 1, 1, 22, 103, 144, 188, 196, 217, 153
0, 2, 6, 28, 74, 677, 237, 0, 0, 1, 3, 20, 51, 237, 708, 4, 0, 0, 0, 2, 11, 39, 91, 881
0, 0, 0, 14, 798, 212, 0, 0, 0, 0, 0, 0, 22, 893, 109, 0, 0, 0, 0, 0, 0, 3, 31, 990
9, 62, 94, 148, 528, 174, 9, 0, 32, 75, 97, 153, 261, 401, 5, 0, 8, 43, 59, 72, 103, 173, 272, 294
35, 191, 218, 170, 172, 180, 51, 7, 155, 208, 159, 153, 182, 146, 21, 0, 83, 192, 158, 152, 127, 151, 136, 25
46, 234, 189, 143, 222, 157, 30, 3, 209, 219, 127, 125, 174, 163, 5, 2, 154, 229, 119, 117, 131, 140, 126, 8
20, 219, 108, 131, 344, 169, 22, 11, 191, 117, 93, 132, 312, 165, 13, 1, 133, 126, 91, 83, 127, 252, 202, 10
47, 201, 208, 158, 160, 200, 50, 0, 183, 206, 164, 137, 154, 170, 10, 0, 143, 191, 153, 130, 122, 111, 157, 17
44, 275, 213, 181, 178, 118, 15, 0, 250, 201, 154, 155, 142, 111, 11, 0, 275, 185, 133, 113, 129, 111, 77, 1
75, 269, 260, 171, 127, 73, 33, 16, 240, 253, 215, 159, 99, 42, 15, 1, 266, 249, 198, 164, 105, 32, 10, 0
38, 166, 153, 173, 169, 156, 102, 67, 178, 180, 184, 161, 154, 103, 55, 9, 325, 242, 164, 116, 70, 65, 41, 1
23, 155, 142, 142, 217, 196, 87, 30, 155, 138, 140, 194, 207, 124, 34, 0, 514, 260, 135, 73, 10, 0, 0, 0
0, 0, 0, 0, 0, 0, 0, 1024, 0, 0, 0, 0, 0, 0, 0, 1024, 0, 0, 0, 0, 0, 0, 0, 1024
0, 0, 0, 0, 0, 0, 0, 1024, 0, 0, 0, 0, 0, 0, 0, 1024, 0, 0, 0, 0, 0, 0, 0, 1024
0, 0, 0, 0, 0, 0, 0, 1024, 0, 0, 0, 0, 0, 0, 0, 1024, 0, 0, 0, 0, 0, 0, 0, 1024
0, 0, 0, 0, 0, 0, 0, 1024, 0, 0, 0, 0, 0, 0, 0, 1024, 0, 0, 0, 0, 0, 0, 0, 1024
0, 0, 0, 0, 0, 0, 0, 1024, 0, 0, 0, 0, 0, 0, 0, 1024, 0, 0, 0, 0, 0, 0, 0, 1024
0, 0, 0, 0, 0, 0, 0, 1024, 0, 0, 0, 0, 0, 0, 0, 1024, 0, 0, 0, 0, 0, 0, 0, 1024
0, 0, 0, 0, 0, 0, 0, 1024, 0, 0, 0, 0, 0, 0, 0, 1024, 0, 0, 0, 0, 0, 0, 0, 1024
0, 0, 0, 0, 0, 0, 0, 1024, 0, 0, 0, 0, 0, 0, 0, 1024, 0, 0, 0, 0, 0, 0, 0, 1024
1, 91, 53, 7, 9, 10, 6, 847, 0, 5, 138, 13, 4, 14, 7, 843, 0, 0, 1, 9, 126, 24, 12, 852
78, 839, 76, 3, 4, 4, 3, 17, 89, 127, 760, 20, 5, 2, 4, 17, 68, 109, 115, 176, 507, 24, 4, 21
674, 340, 10, 0, 0, 0, 0, 0, 805, 184, 35, 0, 0, 0, 0, 0, 903, 106, 15, 0, 0, 0, 0, 0
782, 125, 41, 34, 26, 13, 3, 0, 880, 47, 36, 38, 20, 3, 0, 0, 909, 65, 32, 14, 4, 0, 0, 0
461, 528, 20, 12, 3, 0, 0, 0, 937, 66, 15, 6, 0, 0, 0, 0, 994, 30, 0, 0, 0, 0, 0, 0
62, 285, 161, 130, 182, 184, 20, 0, 162, 211, 150, 131, 197, 161, 12, 0, 171, 163, 145, 102, 98, 155, 174, 16
0, 2, 5, 26, 75, 227, 659, 30, 0, 2, 9, 34, 102, 207, 599, 71, 0, 0, 1, 8, 32, 68, 213, 702
0, 0, 0, 0, 0, 472, 552, 0, 0, 0, 0, 0, 0, 42, 905, 77, 0, 0, 0, 0, 0, 0, 4, 1020
0, 0, 0, 0, 681, 343, 0, 0, 0, 0, 0, 0, 0, 911, 113, 0, 0, 0, 0, 0, 0, 0, 0, 1024
0, 3, 3, 9, 885, 124, 0, 0, 0, 3, 2, 10, 30, 959, 20, 0, 0, 0, 2, 1, 4, 10, 324, 683
9, 33, 57, 59, 413, 417, 36, 0, 26, 42, 56, 64, 118, 672, 46, 0, 8, 33, 38, 52, 48, 71, 421, 353
25, 121, 121, 114, 242, 368, 33, 0, 63, 124, 100, 117, 203, 406, 11, 0, 30, 107, 86, 94, 110, 176, 318, 103
20, 247, 306, 210, 144, 86, 11, 0, 167, 315, 229, 147, 127, 37, 2, 0, 114, 314, 220, 156, 105, 92, 23, 0
81, 365, 282, 153, 69, 61, 13, 0, 427, 281, 146, 77, 61, 32, 0, 0, 434, 266, 130, 80, 52, 55, 7, 0
149, 379, 194, 130, 111, 51, 6, 4, 464, 209, 149, 115, 67, 16, 1, 3, 530, 190, 106, 97, 59, 34, 5, 3
140, 387, 239, 125, 70, 40, 23, 0, 459, 281, 133, 76, 47, 27, 1, 0, 599, 206, 98, 77, 32, 12, 0, 0
168, 452, 260, 88, 35, 17, 4, 0, 501, 340, 99, 60, 18, 6, 0, 0, 792, 155, 56, 16, 4, 1, 0, 0
149, 330, 190, 136, 77, 69, 32, 9, 418, 211, 148, 98, 67, 41, 9, 0, 696, 165, 86, 31, 12, 2, 0, 0
0, 0, 0, 0, 0, 0, 0, 1024, 0, 0, 0, 0, 0, 0, 0, 1024, 0, 0, 0, 0, 0, 0, 0, 1024
0, 0, 0, 0, 0, 0, 0, 1024, 0, 0, 0, 0, 0, 0, 0, 1024, 0, 0, 0, 0, 0, 0, 0, 1024
0, 0, 0, 0, 0, 0, 0, 1024, 0, 0, 0, 0, 0, 0, 0, 1024, 0, 0, 0, 0, 0, 0, 0, 1024
0, 0, 0, 0, 0, 0, 0, 1024, 0, 0, 0, 0, 0, 0, 0, 1024, 0, 0, 0, 0, 0, 0, 0, 1024
0, 0, 0, 0, 0, 0, 0, 1024, 0, 0, 0, 0, 0, 0, 0, 1024, 0, 0, 0, 0, 0, 0, 0, 1024
0, 0, 0, 0, 0, 0, 0, 1024, 0, 0, 0, 0, 0, 0, 0, 1024, 0, 0, 0, 0, 0, 0, 0, 1024
0, 0, 0, 0, 0, 0, 0, 1024, 0, 0, 0, 0, 0, 0, 0, 1024, 0, 0, 0, 0, 0, 0, 0, 1024
0, 0, 0, 0, 0, 0, 0, 1024, 0, 0, 0, 0, 0, 0, 0, 1024, 0, 0, 0, 0, 0, 0, 0, 1024
0, 0, 0, 0, 0, 0, 0, 1024, 0, 0, 0, 0, 0, 0, 0, 1024, 0, 0, 0, 0, 0, 0, 0, 1024
72, 577, 98, 18, 11, 8, 11, 229, 119, 261, 372, 16, 12, 7, 12, 225, 204, 162, 90, 193, 121, 12, 7, 235
820, 199, 5, 0, 0, 0, 0, 0, 926, 89, 9, 0, 0, 0, 0, 0, 965, 59, 0, 0, 0, 0, 0, 0
699, 237, 55, 27, 3, 3, 0, 0, 841, 129, 35, 15, 4, 0, 0, 0, 880, 122, 17, 5, 0, 0, 0, 0
596, 401, 26, 1, 0, 0, 0, 0, 964, 52, 8, 0, 0, 0, 0, 0, 1013, 11, 0, 0, 0, 0, 0, 0
75, 244, 159, 146, 120, 175, 103, 2, 193, 191, 138, 143, 123, 176, 60, 0, 192, 172, 123, 119, 106, 108, 153, 51
0, 0, 1, 8, 19, 80, 635, 281, 0, 1, 6, 19, 33, 86, 610, 269, 0, 0, 1, 12, 16, 36, 81, 878
0, 0, 0, 0, 0, 405, 511, 108, 0, 0, 0, 0, 0, 84, 750, 190, 0, 0, 0, 0, 0, 0, 0, 1024
0, 0, 0, 0, 504, 520, 0, 0, 0, 0, 0, 0, 0, 902, 122, 0, 0, 0, 0, 0, 0, 0, 24, 1000
0, 0, 0, 0, 887, 137, 0, 0, 0, 0, 0, 0, 109, 915, 0, 0, 0, 0, 0, 0, 0, 0, 322, 702
8, 71, 77, 119, 336, 325, 85, 3, 51, 86, 72, 86, 258, 424, 47, 0, 27, 74, 58, 71, 65, 143, 380, 206
36, 242, 214, 159, 151, 173, 46, 3, 182, 254, 176, 120, 157, 125, 10, 0, 150, 243, 165, 119, 117, 119, 95, 16
28, 304, 338, 173, 94, 57, 28, 2, 271, 345, 193, 112, 62, 36, 4, 1, 332, 328, 169, 99, 50, 34, 11, 1
64, 412, 267, 148, 89, 41, 3, 0, 462, 264, 137, 97, 53, 11, 0, 0, 536, 240, 109, 81, 40, 15, 3, 0
246, 426, 249, 72, 22, 9, 0, 0, 682, 236, 72, 24, 10, 0, 0, 0, 784, 168, 45, 23, 4, 0, 0, 0
514, 337, 89, 42, 20, 17, 5, 0, 819, 112, 51, 19, 16, 4, 3, 0, 884, 78, 30, 25, 5, 2, 0, 0
623, 319, 52, 11, 8, 10, 1, 0, 859, 116, 27, 6, 10, 6, 0, 0, 947, 51, 10, 10, 5, 1, 0, 0
675, 265, 47, 5, 0, 0, 0, 0, 882, 94, 15, 1, 0, 0, 0, 0, 942, 45, 5, 0, 0, 0, 0, 0
0, 0, 0, 0, 0, 0, 0, 1024, 0, 0, 0, 0, 0, 0, 0, 1024, 0, 0, 0, 0, 0, 0, 0, 1024
0, 0, 0, 0, 0, 0, 0, 1024, 0, 0, 0, 0, 0, 0, 0, 1024, 0, 0, 0, 0, 0, 0, 0, 1024
0, 0, 0, 0, 0, 0, 0, 1024, 0, 0, 0, 0, 0, 0, 0, 1024, 0, 0, 0, 0, 0, 0, 0, 1024
0, 0, 0, 0, 0, 0, 0, 1024, 0, 0, 0, 0, 0, 0, 0, 1024, 0, 0, 0, 0, 0, 0, 0, 1024
0, 0, 0, 0, 0, 0, 0, 1024, 0, 0, 0, 0, 0, 0, 0, 1024, 0, 0, 0, 0, 0, 0, 0, 1024
0, 0, 0, 0, 0, 0, 0, 1024, 0, 0, 0, 0, 0, 0, 0, 1024, 0, 0, 0, 0, 0, 0, 0, 1024
0, 0, 0, 0, 0, 0, 0, 1024, 0, 0, 0, 0, 0, 0, 0, 1024, 0, 0, 0, 0, 0, 0, 0, 1024
0, 0, 0, 0, 0, 0, 0, 1024, 0, 0, 0, 0, 0, 0, 0, 1024, 0, 0, 0, 0, 0, 0, 0, 1024
0, 1, 54, 9, 4, 6, 6, 944, 0, 5, 53, 6, 6, 4, 8, 942, 0, 0, 6, 38, 21, 6, 5, 948
32, 820, 133, 10, 2, 3, 4, 20, 15, 109, 850, 21, 3, 3, 3, 20, 58, 104, 63, 586, 185, 2, 5, 21
778, 246, 0, 0, 0, 0, 0, 0, 899, 125, 0, 0, 0, 0, 0, 0, 991, 33, 0, 0, 0, 0, 0, 0
588, 194, 136, 63, 29, 13, 1, 0, 707, 122, 119, 44, 29, 3, 0, 0, 802, 156, 43, 23, 0, 0, 0, 0
214, 729, 63, 15, 3, 0, 0, 0, 843, 137, 35, 9, 0, 0, 0, 0, 977, 45, 2, 0, 0, 0, 0, 0
33, 269, 166, 121, 113, 183, 134, 5, 149, 247, 129, 103, 132, 191, 72, 1, 179, 217, 117, 98, 79, 123, 165, 46
0, 0, 4, 13, 24, 61, 260, 662, 0, 2, 12, 21, 40, 74, 388, 487, 0, 0, 4, 12, 22, 51, 88, 847
0, 0, 0, 0, 0, 353, 539, 132, 0, 0, 0, 0, 0, 18, 854, 152, 0, 0, 0, 0, 0, 0, 0, 1024
0, 0, 0, 0, 283, 741, 0, 0, 0, 0, 0, 0, 0, 831, 193, 0, 0, 0, 0, 0, 0, 0, 0, 1024
0, 0, 0, 0, 891, 133, 0, 0, 0, 0, 0, 0, 98, 926, 0, 0, 0, 0, 0, 0, 0, 0, 525, 499
2, 13, 60, 130, 423, 328, 67, 1, 8, 50, 60, 100, 355, 415, 36, 0, 8, 34, 38, 57, 80, 156, 517, 134
11, 103, 183, 155, 170, 315, 80, 7, 75, 184, 139, 144, 196, 264, 22, 0, 106, 165, 110, 115, 131, 146, 235, 16
26, 224, 187, 203, 206, 159, 18, 1, 169, 207, 184, 158, 202, 101, 3, 0, 156, 197, 173, 138, 161, 141, 56, 2
23, 254, 262, 213, 177, 92, 3, 0, 208, 269, 224, 146, 135, 40, 2, 0, 214, 235, 207, 140, 109, 102, 17, 0
94, 390, 319, 125, 71, 20, 5, 0, 503, 319, 111, 63, 23, 5, 0, 0, 607, 248, 100, 47, 17, 5, 0, 0
196, 554, 186, 57, 22, 6, 3, 0, 705, 208, 70, 29, 6, 4, 2, 0, 873, 100, 40, 6, 3, 2, 0, 0
319, 480, 148, 58, 13, 4, 2, 0, 746, 187, 64, 21, 4, 2, 0, 0, 861, 114, 37, 7, 3, 2, 0, 0
640, 257, 71, 14, 5, 2, 1, 2, 845, 107, 26, 9, 1, 2, 2, 0, 893, 76, 15, 3, 1, 2, 2, 0
0, 0, 0, 0, 0, 0, 0, 1024, 0, 0, 0, 0, 0, 0, 0, 1024, 0, 0, 0, 0, 0, 0, 0, 1024
0, 0, 0, 0, 0, 0, 0, 1024, 0, 0, 0, 0, 0, 0, 0, 1024, 0, 0, 0, 0, 0, 0, 0, 1024
0, 0, 0, 0, 0, 0, 0, 1024, 0, 0, 0, 0, 0, 0, 0, 1024, 0, 0, 0, 0, 0, 0, 0, 1024
0, 0, 0, 0, 0, 0, 0, 1024, 0, 0, 0, 0, 0, 0, 0, 1024, 0, 0, 0, 0, 0, 0, 0, 1024
0, 0, 0, 0, 0, 0, 0, 1024, 0, 0, 0, 0, 0, 0, 0, 1024, 0, 0, 0, 0, 0, 0, 0, 1024
0, 0, 0, 0, 0, 0, 0, 1024, 0, 0, 0, 0, 0, 0, 0, 1024, 0, 0, 0, 0, 0, 0, 0, 1024
0, 0, 0, 0, 0, 0, 0, 1024, 0, 0, 0, 0, 0, 0, 0, 1024, 0, 0, 0, 0, 0, 0, 0, 1024
0, 0, 0, 0, 0, 0, 0, 1024, 0, 0, 0, 0, 0, 0, 0, 1024, 0, 0, 0, 0, 0, 0, 0, 1024
2, 203, 194, 26, 10, 5, 10, 574, 3, 15, 397, 13, 7, 11, 12, 566, 0, 3, 12, 322, 95, 5, 12, 575
0, 1012, 12, 0, 0, 0, 0, 0, 0, 143, 881, 0, 0, 0, 0, 0, 0, 185, 136, 611, 92, 0, 0, 0
156, 849, 19, 0, 0, 0, 0, 0, 108, 776, 140, 0, 0, 0, 0, 0, 265, 755, 4, 0, 0, 0, 0, 0
440, 403, 87, 59, 26, 5, 3, 1, 647, 234, 72, 56, 6, 6, 3, 0, 755, 181, 53, 24, 4, 5, 2, 0
9, 973, 33, 9, 0, 0, 0, 0, 107, 883, 29, 5, 0, 0, 0, 0, 622, 400, 2, 0, 0, 0, 0, 0
3, 625, 214, 72, 54, 49, 7, 0, 8, 676, 177, 70, 56, 33, 4, 0, 18, 557, 254, 84, 46, 40, 24, 1
1, 23, 69, 105, 100, 160, 404, 162, 10, 56, 88, 109, 139, 188, 416, 18, 1, 25, 68, 107, 90, 144, 168, 421
0, 0, 0, 0, 0, 268, 717, 39, 0, 0, 0, 0, 0, 27, 945, 52, 0, 0, 0, 0, 0, 0, 13, 1011
0, 0, 0, 0, 5, 1019, 0, 0, 0, 0, 0, 0, 0, 791, 233, 0, 0, 0, 0, 0, 0, 0, 0, 1024
0, 0, 0, 3, 660, 361, 0, 0, 0, 0, 0, 0, 181, 843, 0, 0, 0, 0, 0, 0, 0, 0, 453, 571
0, 0, 0, 43, 585, 396, 0, 0, 0, 0, 0, 0, 226, 798, 0, 0, 0, 0, 0, 0, 0, 1, 873, 150
0, 6, 2, 2, 12, 999, 3, 0, 1, 5, 3, 1, 6, 1007, 1, 0, 0, 3, 4, 2, 1, 4, 986, 24
5, 35, 66, 129, 360, 403, 25, 1, 25, 76, 87, 170, 373, 292, 1, 0, 6, 50, 78, 112, 170, 277, 330, 1
22, 116, 186, 225, 282, 151, 34, 8, 126, 181, 210, 234, 202, 62, 9, 0, 140, 143, 182, 203, 185, 153, 18, 0
63, 210, 199, 221, 177, 112, 34, 8, 254, 189, 219, 184, 119, 46, 13, 0, 311, 197, 210, 155, 101, 43, 7, 0
71, 409, 341, 149, 46, 8, 0, 0, 347, 421, 184, 61, 11, 0, 0, 0, 682, 224, 90, 24, 4, 0, 0, 0
229, 400, 255, 93, 32, 13, 2, 0, 542, 305, 112, 44, 18, 3, 0, 0, 722, 217, 59, 25, 1, 0, 0, 0
504, 226, 126, 63, 49, 17, 7, 0, 680, 142, 78, 53, 25, 11, 3, 0, 823, 99, 37, 21, 9, 3, 0, 0
0, 0, 0, 0, 0, 0, 0, 1024, 0, 0, 0, 0, 0, 0, 0, 1024, 0, 0, 0, 0, 0, 0, 0, 1024
0, 0, 0, 0, 0, 0, 0, 1024, 0, 0, 0, 0, 0, 0, 0, 1024, 0, 0, 0, 0, 0, 0, 0, 1024
0, 0, 0, 0, 0, 0, 0, 1024, 0, 0, 0, 0, 0, 0, 0, 1024, 0, 0, 0, 0, 0, 0, 0, 1024
0, 0, 0, 0, 0, 0, 0, 1024, 0, 0, 0, 0, 0, 0, 0, 1024, 0, 0, 0, 0, 0, 0, 0, 1024
0, 0, 0, 0, 0, 0, 0, 1024, 0, 0, 0, 0, 0, 0, 0, 1024, 0, 0, 0, 0, 0, 0, 0, 1024
0, 0, 0, 0, 0, 0, 0, 1024, 0, 0, 0, 0, 0, 0, 0, 1024, 0, 0, 0, 0, 0, 0, 0, 1024
0, 0, 0, 0, 0, 0, 0, 1024, 0, 0, 0, 0, 0, 0, 0, 1024, 0, 0, 0, 0, 0, 0, 0, 1024
0, 2, 0, 2, 2, 2, 1, 1015, 0, 2, 1, 2, 3, 0, 2, 1014, 0, 0, 2, 0, 2, 4, 0, 1016
9, 649, 167, 13, 7, 6, 6, 167, 3, 114, 713, 10, 7, 5, 9, 163, 0, 0, 24, 588, 230, 6, 7, 169
25, 999, 0, 0, 0, 0, 0, 0, 0, 438, 586, 0, 0, 0, 0, 0, 0, 234, 129, 656, 5, 0, 0, 0
53, 941, 30, 0, 0, 0, 0, 0, 51, 909, 64, 0, 0, 0, 0, 0, 320, 704, 0, 0, 0, 0, 0, 0
437, 349, 89, 50, 27, 9, 54, 9, 593, 233, 67, 43, 18, 9, 43, 18, 661, 209, 39, 42, 8, 6, 11, 48
36, 979, 9, 0, 0, 0, 0, 0, 196, 828, 0, 0, 0, 0, 0, 0, 737, 287, 0, 0, 0, 0, 0, 0
0, 914, 83, 26, 1, 0, 0, 0, 6, 917, 80, 21, 0, 0, 0, 0, 1, 815, 165, 40, 3, 0, 0, 0
10, 236, 171, 152, 154, 136, 140, 25, 26, 301, 189, 184, 123, 129, 69, 3, 8, 144, 255, 180, 144, 137, 95, 61
0, 3, 12, 15, 42, 226, 669, 57, 0, 6, 14, 20, 51, 115, 805, 13, 0, 3, 8, 10, 21, 53, 103, 826
0, 0, 0, 0, 3, 981, 40, 0, 0, 0, 0, 0, 0, 713, 311, 0, 0, 0, 0, 0, 0, 0, 2, 1022
0, 0, 0, 4, 451, 569, 0, 0, 0, 0, 0, 0, 173, 827, 24, 0, 0, 0, 0, 0, 0, 0, 411, 613
0, 0, 0, 41, 685, 298, 0, 0, 0, 0, 0, 0, 365, 659, 0, 0, 0, 0, 0, 0, 0, 0, 951, 73
0, 0, 0, 0, 62, 962, 0, 0, 0, 0, 0, 0, 11, 1013, 0, 0, 0, 0, 0, 0, 0, 0, 1024, 0
3, 31, 61, 72, 436, 339, 57, 25, 24, 65, 82, 86, 456, 279, 31, 1, 15, 42, 67, 73, 94, 311, 408, 14
7, 47, 129, 231, 277, 189, 112, 32, 41, 136, 176, 243, 252, 116, 57, 3, 59, 139, 151, 169, 211, 198, 81, 16
15, 203, 276, 197, 143, 125, 52, 13, 185, 283, 199, 156, 124, 62, 14, 1, 282, 224, 178, 118, 121, 77, 19, 5
81, 364, 273, 157, 90, 37, 17, 5, 366, 314, 167, 105, 49, 13, 8, 2, 635, 199, 114, 53, 14, 8, 1, 0
63, 300, 228, 158, 114, 87, 60, 14, 307, 242, 172, 120, 87, 69, 24, 3, 501, 210, 127, 102, 64, 18, 2, 0
255, 356, 195, 115, 50, 15, 5, 1, 490, 271, 126, 72, 24, 8, 1, 0, 713, 174, 81, 15, 5, 3, 1, 0
0, 0, 0, 0, 0, 0, 0, 1024, 0, 0, 0, 0, 0, 0, 0, 1024, 0, 0, 0, 0, 0, 0, 0, 1024
0, 0, 0, 0, 0, 0, 0, 1024, 0, 0, 0, 0, 0, 0, 0, 1024, 0, 0, 0, 0, 0, 0, 0, 1024
0, 0, 0, 0, 0, 0, 0, 1024, 0, 0, 0, 0, 0, 0, 0, 1024, 0, 0, 0, 0, 0, 0, 0, 1024
0, 0, 0, 0, 0, 0, 0, 1024, 0, 0, 0, 0, 0, 0, 0, 1024, 0, 0, 0, 0, 0, 0, 0, 1024
0, 0, 0, 0, 0, 0, 0, 1024, 0, 0, 0, 0, 0, 0, 0, 1024, 0, 0, 0, 0, 0, 0, 0, 1024
0, 0, 0, 0, 0, 0, 0, 1024, 0, 0, 0, 0, 0, 0, 0, 1024, 0, 0, 0, 0, 0, 0, 0, 1024
0, 0, 0, 0, 0, 0, 0, 1024, 0, 0, 0, 0, 0, 0, 0, 1024, 0, 0, 0, 0, 0, 0, 0, 1024
0, 100, 111, 11, 13, 3, 9, 777, 0, 48, 165, 14, 8, 6, 15, 768, 0, 0, 18, 98, 115, 4, 8, 781
0, 1022, 2, 0, 0, 0, 0, 0, 0, 43, 981, 0, 0, 0, 0, 0, 0, 0, 0, 678, 346, 0, 0, 0
23, 994, 7, 0, 0, 0, 0, 0, 0, 380, 644, 0, 0, 0, 0, 0, 3, 316, 102, 565, 38, 0, 0, 0
62, 934, 28, 0, 0, 0, 0, 0, 93, 887, 44, 0, 0, 0, 0, 0, 358, 666, 0, 0, 0, 0, 0, 0
434, 331, 88, 23, 10, 32, 106, 0, 605, 182, 82, 12, 9, 31, 86, 17, 618, 170, 54, 37, 10, 18, 13, 104
68, 956, 0, 0, 0, 0, 0, 0, 424, 600, 0, 0, 0, 0, 0, 0, 956, 68, 0, 0, 0, 0, 0, 0
0, 1024, 0, 0, 0, 0, 0, 0, 0, 1024, 0, 0, 0, 0, 0, 0, 75, 865, 84, 0, 0, 0, 0, 0
12, 613, 228, 68, 44, 46, 13, 0, 45, 725, 125, 44, 52, 28, 5, 0, 18, 328, 503, 75, 51, 37, 12, 0
23, 49, 96, 100, 132, 199, 390, 35, 38, 83, 112, 99, 131, 156, 392, 13, 10, 54, 88, 101, 101, 120, 124, 426
0, 0, 0, 0, 2, 850, 172, 0, 0, 0, 0, 0, 0, 544, 480, 0, 0, 0, 0, 0, 0, 0, 8, 1016
0, 0, 0, 2, 261, 760, 1, 0, 0, 0, 0, 0, 51, 935, 38, 0, 0, 0, 0, 0, 0, 1, 350, 673
0, 0, 0, 62, 572, 390, 0, 0, 0, 0, 0, 0, 408, 616, 0, 0, 0, 0, 0, 0, 0, 12, 849, 163
1, 16, 15, 7, 242, 717, 25, 1, 16, 13, 12, 24, 149, 807, 3, 0, 5, 16, 12, 11, 26, 77, 861, 16
0, 56, 112, 121, 337, 359, 36, 3, 51, 100, 92, 156, 356, 258, 11, 0, 59, 89, 79, 90, 170, 286, 247, 4
10, 125, 192, 257, 270, 117, 41, 12, 91, 199, 181, 268, 186, 80, 19, 0, 95, 166, 162, 201, 207, 133, 50, 10
17, 179, 176, 185, 183, 169, 90, 25, 128, 193, 158, 204, 177, 115, 48, 1, 185, 181, 167, 172, 153, 123, 36, 7
16, 225, 263, 214, 147, 95, 54, 10, 204, 282, 229, 152, 102, 47, 8, 0, 579, 221, 134, 68, 16, 6, 0, 0
34, 247, 203, 195, 144, 99, 73, 29, 245, 218, 183, 163, 119, 70, 24, 2, 477, 255, 154, 86, 44, 7, 1, 0
176, 328, 158, 95, 77, 86, 59, 13, 455, 192, 97, 79, 86, 61, 20, 2, 646, 141, 102, 75, 22, 2, 4, 0
0, 0, 0, 0, 0, 0, 0, 1024, 0, 0, 0, 0, 0, 0, 0, 1024, 0, 0, 0, 0, 0, 0, 0, 1024
0, 0, 0, 0, 0, 0, 0, 1024, 0, 0, 0, 0, 0, 0, 0, 1024, 0, 0, 0, 0, 0, 0, 0, 1024
0, 0, 0, 0, 0, 0, 0, 1024, 0, 0, 0, 0, 0, 0, 0, 1024, 0, 0, 0, 0, 0, 0, 0, 1024
0, 0, 0, 0, 0, 0, 0, 1024, 0, 0, 0, 0, 0, 0, 0, 1024, 0, 0, 0, 0, 0, 0, 0, 1024
0, 0, 0, 0, 0, 0, 0, 1024, 0, 0, 0, 0, 0, 0, 0, 1024, 0, 0, 0, 0, 0, 0, 0, 1024
0, 0, 0, 0, 0, 0, 0, 1024, 0, 0, 0, 0, 0, 0, 0, 1024, 0, 0, 0, 0, 0, 0, 0, 1024
0, 0, 0, 0, 0, 0, 0, 1024, 0, 0, 0, 0, 0, 0, 0, 1024, 0, 0, 0, 0, 0, 0, 0, 1024
0, 6, 231, 48, 10, 8, 12, 709, 1, 6, 231, 49, 13, 7, 9, 708, 0, 0, 3, 69, 218, 9, 12, 713
0, 895, 129, 0, 0, 0, 0, 0, 0, 1, 1015, 8, 0, 0, 0, 0, 0, 0, 0, 366, 658, 0, 0, 0
0, 992, 32, 0, 0, 0, 0, 0, 0, 525, 499, 0, 0, 0, 0, 0, 0, 542, 74, 239, 169, 0, 0, 0
67, 932, 25, 0, 0, 0, 0, 0, 143, 836, 45, 0, 0, 0, 0, 0, 413, 611, 0, 0, 0, 0, 0, 0
454, 384, 41, 11, 18, 19, 97, 0, 704, 163, 20, 7, 5, 31, 80, 14, 668, 181, 35, 9, 2, 15, 36, 78
157, 867, 0, 0, 0, 0, 0, 0, 427, 597, 0, 0, 0, 0, 0, 0, 1012, 12, 0, 0, 0, 0, 0, 0
0, 1024, 0, 0, 0, 0, 0, 0, 0, 1024, 0, 0, 0, 0, 0, 0, 257, 767, 0, 0, 0, 0, 0, 0
17, 657, 210, 69, 53, 16, 2, 0, 49, 789, 75, 65, 39, 7, 0, 0, 19, 374, 490, 69, 58, 14, 0, 0
65, 84, 101, 88, 94, 163, 354, 75, 95, 106, 81, 91, 88, 166, 369, 28, 53, 84, 98, 78, 89, 93, 149, 380
0, 0, 0, 0, 177, 667, 180, 0, 0, 0, 0, 0, 0, 706, 318, 0, 0, 0, 0, 0, 0, 0, 73, 951
0, 0, 0, 3, 493, 528, 0, 0, 0, 0, 0, 0, 74, 950, 0, 0, 0, 0, 0, 0, 0, 1, 504, 519
0, 0, 0, 8, 813, 203, 0, 0, 0, 0, 0, 0, 668, 356, 0, 0, 0, 0, 0, 0, 0, 25, 927, 72
0, 1, 3, 5, 363, 651, 1, 0, 0, 1, 3, 4, 240, 776, 0, 0, 0, 0, 1, 3, 3, 103, 913, 1
0, 5, 14, 29, 506, 423, 42, 5, 3, 8, 19, 25, 594, 352, 23, 0, 0, 3, 8, 24, 25, 407, 531, 26
10, 39, 142, 276, 320, 219, 18, 0, 27, 53, 118, 293, 405, 120, 8, 0, 16, 45, 44, 194, 281, 359, 84, 1
14, 129, 150, 230, 245, 202, 43, 11, 106, 150, 205, 232, 215, 98, 17, 1, 205, 210, 209, 152, 119, 78, 51, 0
5, 133, 281, 211, 190, 121, 62, 21, 138, 266, 248, 179, 113, 60, 19, 1, 572, 209, 126, 78, 29, 8, 2, 0
0, 15, 94, 173, 221, 252, 219, 50, 17, 103, 164, 192, 243, 229, 73, 3, 246, 280, 252, 182, 59, 5, 0, 0
152, 281, 200, 131, 93, 76, 55, 4, 331, 235, 165, 96, 96, 63, 6, 0, 638, 200, 97, 49, 8, 0, 0, 0
0, 0, 0, 0, 0, 0, 0, 1024, 0, 0, 0, 0, 0, 0, 0, 1024, 0, 0, 0, 0, 0, 0, 0, 1024
0, 0, 0, 0, 0, 0, 0, 1024, 0, 0, 0, 0, 0, 0, 0, 1024, 0, 0, 0, 0, 0, 0, 0, 1024
0, 0, 0, 0, 0, 0, 0, 1024, 0, 0, 0, 0, 0, 0, 0, 1024, 0, 0, 0, 0, 0, 0, 0, 1024
0, 0, 0, 0, 0, 0, 0, 1024, 0, 0, 0, 0, 0, 0, 0, 1024, 0, 0, 0, 0, 0, 0, 0, 1024
0, 0, 0, 0, 0, 0, 0, 1024, 0, 0, 0, 0, 0, 0, 0, 1024, 0, 0, 0, 0, 0, 0, 0, 1024
0, 0, 0, 0, 0, 0, 0, 1024, 0, 0, 0, 0, 0, 0, 0, 1024, 0, 0, 0, 0, 0, 0, 0, 1024
0, 0, 0, 0, 0, 0, 0, 1024, 0, 0, 0, 0, 0, 0, 0, 1024, 0, 0, 0, 0, 0, 0, 0, 1024
0, 2, 105, 33, 9, 9, 7, 859, 0, 3, 122, 21, 6, 11, 8, 853, 0, 0, 2, 23, 118, 10, 9, 862
0, 737, 263, 12, 3, 1, 2, 6, 0, 4, 987, 22, 3, 2, 1, 5, 0, 0, 0, 112, 894, 10, 2, 6
0, 994, 30, 0, 0, 0, 0, 0, 0, 675, 349, 0, 0, 0, 0, 0, 9, 602, 137, 272, 4, 0, 0, 0
49, 904, 71, 0, 0, 0, 0, 0, 183, 794, 47, 0, 0, 0, 0, 0, 556, 468, 0, 0, 0, 0, 0, 0
484, 376, 13, 14, 31, 18, 88, 0, 757, 109, 10, 8, 28, 21, 88, 3, 706, 159, 10, 6, 15, 29, 38, 61
219, 804, 1, 0, 0, 0, 0, 0, 610, 414, 0, 0, 0, 0, 0, 0, 1012, 12, 0, 0, 0, 0, 0, 0
0, 1019, 5, 0, 0, 0, 0, 0, 2, 1020, 2, 0, 0, 0, 0, 0, 463, 559, 2, 0, 0, 0, 0, 0
34, 552, 246, 71, 47, 44, 29, 1, 69, 695, 109, 56, 50, 36, 9, 0, 33, 504, 301, 71, 44, 42, 28, 1
16, 55, 94, 94, 104, 146, 400, 115, 39, 77, 106, 90, 101, 149, 445, 17, 15, 51, 79, 92, 90, 111, 129, 457
0, 0, 0, 0, 356, 514, 154, 0, 0, 0, 0, 0, 20, 711, 293, 0, 0, 0, 0, 0, 0, 0, 240, 784
0, 0, 0, 0, 729, 295, 0, 0, 0, 0, 0, 0, 59, 965, 0, 0, 0, 0, 0, 0, 0, 0, 934, 90
0, 0, 0, 2, 825, 197, 0, 0, 0, 0, 0, 0, 626, 398, 0, 0, 0, 0, 0, 0, 0, 58, 958, 8
0, 0, 0, 3, 353, 668, 0, 0, 0, 0, 0, 0, 289, 735, 0, 0, 0, 0, 0, 0, 0, 129, 895, 0
1, 8, 22, 25, 500, 450, 18, 0, 6, 19, 21, 51, 789, 138, 0, 0, 2, 12, 18, 29, 50, 557, 356, 0
2, 22, 77, 206, 366, 321, 30, 0, 22, 91, 103, 272, 312, 219, 5, 0, 11, 70, 92, 112, 243, 320, 174, 2
0, 67, 275, 232, 252, 158, 31, 9, 85, 253, 225, 238, 158, 58, 6, 1, 211, 270, 206, 191, 77, 49, 20, 0
0, 75, 246, 249, 202, 147, 78, 27, 122, 250, 241, 209, 129, 61, 11, 1, 457, 223, 192, 105, 39, 7, 1, 0
2, 143, 268, 256, 200, 117, 35, 3, 127, 267, 264, 191, 137, 34, 4, 0, 540, 259, 150, 60, 12, 3, 0, 0
10, 197, 239, 221, 173, 108, 38, 6, 117, 234, 198, 214, 155, 63, 9, 2, 652, 190, 95, 42, 12, 1, 0, 0
0, 0, 0, 0, 0, 0, 0, 1024, 0, 0, 0, 0, 0, 0, 0, 1024, 0, 0, 0, 0, 0, 0, 0, 1024
0, 0, 0, 0, 0, 0, 0, 1024, 0, 0, 0, 0, 0, 0, 0, 1024, 0, 0, 0, 0, 0, 0, 0, 1024
0, 0, 0, 0, 0, 0, 0, 1024, 0, 0, 0, 0, 0, 0, 0, 1024, 0, 0, 0, 0, 0, 0, 0, 1024
0, 0, 0, 0, 0, 0, 0, 1024, 0, 0, 0, 0, 0, 0, 0, 1024, 0, 0, 0, 0, 0, 0, 0, 1024
0, 0, 0, 0, 0, 0, 0, 1024, 0, 0, 0, 0, 0, 0, 0, 1024, 0, 0, 0, 0, 0, 0, 0, 1024
0, 0, 0, 0, 0, 0, 0, 1024, 0, 0, 0, 0, 0, 0, 0, 1024, 0, 0, 0, 0, 0, 0, 0, 1024
0, 0, 0, 0, 0, 0, 0, 1024, 0, 0, 0, 0, 0, 0, 0, 1024, 0, 0, 0, 0, 0, 0, 0, 1024
0, 0, 0, 0, 0, 0, 0, 1024, 0, 0, 0, 0, 0, 0, 0, 1024, 0, 0, 0, 0, 0, 0, 0, 1024
7, 630, 85, 13, 9, 8, 12, 260, 0, 16, 705, 18, 7, 9, 11, 258, 0, 0, 2, 161, 547, 34, 11, 269
4, 1016, 4, 0, 0, 0, 0, 0, 2, 774, 248, 0, 0, 0, 0, 0, 37, 734, 146, 107, 0, 0, 0, 0
71, 844, 109, 0, 0, 0, 0, 0, 186, 766, 72, 0, 0, 0, 0, 0, 397, 627, 0, 0, 0, 0, 0, 0
162, 530, 169, 49, 18, 21, 74, 1, 276, 498, 105, 23, 26, 0, 96, 0, 144, 562, 151, 38, 12, 21, 12, 84
127, 889, 8, 0, 0, 0, 0, 0, 759, 265, 0, 0, 0, 0, 0, 0, 927, 97, 0, 0, 0, 0, 0, 0
0, 1016, 8, 0, 0, 0, 0, 0, 30, 994, 0, 0, 0, 0, 0, 0, 676, 348, 0, 0, 0, 0, 0, 0
20, 264, 185, 110, 124, 94, 129, 98, 45, 314, 165, 117, 99, 102, 145, 37, 34, 277, 172, 117, 98, 78, 116, 132
0, 0, 2, 9, 34, 59, 797, 123, 0, 1, 7, 18, 38, 87, 851, 22, 0, 0, 1, 7, 17, 37, 72, 890
0, 0, 0, 52, 295, 497, 180, 0, 0, 0, 0, 0, 148, 556, 320, 0, 0, 0, 0, 0, 0, 0, 320, 704
0, 0, 0, 124, 891, 9, 0, 0, 0, 0, 0, 0, 545, 479, 0, 0, 0, 0, 0, 0, 0, 0, 992, 32
0, 0, 0, 0, 899, 125, 0, 0, 0, 0, 0, 0, 623, 401, 0, 0, 0, 0, 0, 0, 0, 78, 946, 0
0, 0, 0, 0, 610, 414, 0, 0, 0, 0, 0, 0, 421, 603, 0, 0, 0, 0, 0, 0, 0, 124, 900, 0
0, 0, 0, 101, 754, 169, 0, 0, 0, 0, 0, 100, 859, 65, 0, 0, 0, 0, 0, 0, 55, 802, 167, 0
0, 4, 43, 597, 378, 2, 0, 0, 2, 9, 89, 533, 390, 1, 0, 0, 1, 5, 35, 157, 473, 353, 0, 0
2, 122, 303, 349, 180, 49, 14, 5, 111, 259, 282, 283, 69, 14, 4, 2, 341, 256, 163, 192, 65, 5, 2, 0
3, 196, 316, 259, 154, 64, 28, 4, 163, 336, 257, 163, 76, 25, 4, 0, 634, 220, 97, 51, 16, 5, 1, 0
5, 265, 283, 222, 149, 64, 31, 5, 228, 291, 224, 150, 77, 41, 12, 1, 626, 226, 101, 49, 17, 5, 0, 0
87, 313, 210, 146, 107, 81, 37, 11, 326, 239, 169, 107, 94, 43, 13, 1, 658, 177, 85, 55, 14, 3, 0, 0
0, 0, 0, 0, 0, 0, 0, 1024, 0, 0, 0, 0, 0, 0, 0, 1024, 0, 0, 0, 0, 0, 0, 0, 1024
0, 0, 0, 0, 0, 0, 0, 1024, 0, 0, 0, 0, 0, 0, 0, 1024, 0, 0, 0, 0, 0, 0, 0, 1024
0, 0, 0, 0, 0, 0, 0, 1024, 0, 0, 0, 0, 0, 0, 0, 1024, 0, 0, 0, 0, 0, 0, 0, 1024
0, 0, 0, 0, 0, 0, 0, 1024, 0, 0, 0, 0, 0, 0, 0, 1024, 0, 0, 0, 0, 0, 0, 0, 1024
0, 0, 0, 0, 0, 0, 0, 1024, 0, 0, 0, 0, 0, 0, 0, 1024, 0, 0, 0, 0, 0, 0, 0, 1024
0, 0, 0, 0, 0, 0, 0, 1024, 0, 0, 0, 0, 0, 0, 0, 1024, 0, 0, 0, 0, 0, 0, 0, 1024
0, 0, 0, 0, 0, 0, 0, 1024, 0, 0, 0, 0, 0, 0, 0, 1024, 0, 0, 0, 0, 0, 0, 0, 1024
0, 0, 4, 3, 1, 2, 4, 1010, 0, 0, 4, 3, 1, 2, 5, 1009, 0, 0, 0, 4, 3, 1, 2, 1014
11, 730, 160, 19, 5, 7, 7, 85, 0, 72, 705, 143, 6, 8, 9, 81, 0, 0, 45, 216, 360, 304, 8, 91
16, 1001, 7, 0, 0, 0, 0, 0, 8, 965, 51, 0, 0, 0, 0, 0, 96, 841, 81, 6, 0, 0, 0, 0
66, 836, 122, 0, 0, 0, 0, 0, 138, 824, 62, 0, 0, 0, 0, 0, 400, 624, 0, 0, 0, 0, 0, 0
472, 366, 75, 15, 0, 14, 82, 0, 699, 160, 54, 15, 0, 9, 87, 0, 406, 440, 58, 18, 6, 0, 70, 26
268, 751, 5, 0, 0, 0, 0, 0, 776, 247, 1, 0, 0, 0, 0, 0, 1013, 11, 0, 0, 0, 0, 0, 0
0, 1024, 0, 0, 0, 0, 0, 0, 42, 982, 0, 0, 0, 0, 0, 0, 916, 108, 0, 0, 0, 0, 0, 0
31, 462, 271, 104, 56, 56, 43, 1, 61, 543, 197, 92, 63, 51, 16, 1, 25, 384, 305, 132, 73, 54, 34, 17
1, 12, 31, 30, 51, 81, 759, 59, 6, 32, 28, 38, 52, 108, 747, 13, 0, 7, 27, 27, 35, 55, 94, 779
0, 0, 0, 8, 261, 473, 282, 0, 0, 0, 0, 0, 140, 484, 400, 0, 0, 0, 0, 0, 0, 3, 240, 781
0, 0, 0, 621, 403, 0, 0, 0, 0, 0, 0, 0, 940, 84, 0, 0, 0, 0, 0, 0, 0, 26, 993, 5
0, 0, 0, 0, 1016, 8, 0, 0, 0, 0, 0, 0, 941, 83, 0, 0, 0, 0, 0, 0, 0, 77, 947, 0
0, 0, 0, 0, 473, 551, 0, 0, 0, 0, 0, 0, 538, 486, 0, 0, 0, 0, 0, 0, 0, 224, 800, 0
0, 0, 0, 15, 850, 159, 0, 0, 0, 0, 0, 68, 893, 63, 0, 0, 0, 0, 0, 0, 29, 791, 204, 0
0, 0, 139, 542, 343, 0, 0, 0, 0, 0, 131, 586, 307, 0, 0, 0, 0, 0, 52, 210, 458, 304, 0, 0
0, 4, 83, 273, 341, 247, 63, 13, 3, 35, 166, 407, 335, 68, 9, 1, 46, 114, 281, 382, 189, 12, 0, 0
0, 16, 142, 222, 266, 241, 92, 45, 42, 179, 255, 264, 183, 72, 27, 2, 320, 301, 205, 119, 62, 17, 0, 0
0, 26, 137, 213, 247, 257, 110, 34, 45, 162, 216, 229, 214, 129, 28, 1, 353, 297, 254, 89, 28, 3, 0, 0
11, 140, 212, 207, 176, 115, 92, 39, 134, 219, 193, 197, 121, 93, 34, 1, 481, 226, 146, 85, 41, 12, 1, 0
0, 0, 0, 0, 0, 0, 0, 1024, 0, 0, 0, 0, 0, 0, 0, 1024, 0, 0, 0, 0, 0, 0, 0, 1024
0, 0, 0, 0, 0, 0, 0, 1024, 0, 0, 0, 0, 0, 0, 0, 1024, 0, 0, 0, 0, 0, 0, 0, 1024
0, 0, 0, 0, 0, 0, 0, 1024, 0, 0, 0, 0, 0, 0, 0, 1024, 0, 0, 0, 0, 0, 0, 0, 1024
0, 0, 0, 0, 0, 0, 0, 1024, 0, 0, 0, 0, 0, 0, 0, 1024, 0, 0, 0, 0, 0, 0, 0, 1024
0, 0, 0, 0, 0, 0, 0, 1024, 0, 0, 0, 0, 0, 0, 0, 1024, 0, 0, 0, 0, 0, 0, 0, 1024
0, 0, 0, 0, 0, 0, 0, 1024, 0, 0, 0, 0, 0, 0, 0, 1024, 0, 0, 0, 0, 0, 0, 0, 1024
0, 0, 0, 0, 0, 0, 0, 1024, 0, 0, 0, 0, 0, 0, 0, 1024, 0, 0, 0, 0, 0, 0, 0, 1024
0, 42, 129, 81, 14, 12, 11, 735, 0, 9, 111, 125, 24, 11, 11, 733, 0, 0, 3, 16, 160, 82, 19, 744
20, 849, 154, 1, 0, 0, 0, 0, 0, 192, 641, 191, 0, 0, 0, 0, 0, 46, 142, 149, 544, 143, 0, 0
68, 955, 1, 0, 0, 0, 0, 0, 74, 923, 27, 0, 0, 0, 0, 0, 160, 845, 19, 0, 0, 0, 0, 0
341, 637, 46, 0, 0, 0, 0, 0, 490, 501, 33, 0, 0, 0, 0, 0, 882, 142, 0, 0, 0, 0, 0, 0
748, 136, 43, 1, 3, 28, 65, 0, 829, 65, 33, 1, 4, 32, 60, 0, 781, 91, 53, 3, 1, 14, 79, 2
729, 295, 0, 0, 0, 0, 0, 0, 992, 32, 0, 0, 0, 0, 0, 0, 1024, 0, 0, 0, 0, 0, 0, 0
0, 1024, 0, 0, 0, 0, 0, 0, 214, 810, 0, 0, 0, 0, 0, 0, 1019, 5, 0, 0, 0, 0, 0, 0
3, 903, 76, 21, 9, 5, 7, 0, 5, 943, 46, 11, 8, 9, 2, 0, 109, 470, 396, 25, 12, 5, 7, 0
59, 124, 92, 86, 91, 83, 447, 42, 84, 135, 93, 76, 91, 113, 420, 12, 22, 103, 107, 84, 74, 99, 94, 441
0, 0, 0, 22, 195, 645, 162, 0, 0, 0, 1, 2, 82, 681, 258, 0, 0, 0, 0, 0, 2, 2, 394, 626
0, 0, 0, 814, 210, 0, 0, 0, 0, 0, 0, 0, 971, 53, 0, 0, 0, 0, 0, 0, 0, 65, 955, 4
0, 0, 0, 152, 777, 95, 0, 0, 0, 0, 0, 11, 865, 148, 0, 0, 0, 0, 0, 0, 0, 75, 946, 3
0, 0, 0, 0, 408, 616, 0, 0, 0, 0, 0, 0, 717, 307, 0, 0, 0, 0, 0, 0, 0, 336, 688, 0
0, 0, 0, 17, 946, 61, 0, 0, 0, 0, 0, 58, 946, 20, 0, 0, 0, 0, 0, 0, 21, 942, 61, 0
0, 5, 211, 597, 168, 37, 6, 0, 1, 14, 319, 557, 128, 5, 0, 0, 0, 9, 87, 426, 410, 90, 2, 0
0, 8, 97, 323, 361, 191, 32, 12, 5, 65, 271, 453, 196, 28, 6, 0, 122, 162, 273, 318, 130, 17, 2, 0
0, 20, 146, 300, 244, 190, 82, 42, 56, 205, 302, 228, 146, 70, 17, 0, 413, 288, 177, 85, 53, 8, 0, 0
2, 53, 201, 259, 255, 179, 59, 16, 69, 230, 248, 227, 172, 67, 11, 0, 442, 325, 157, 75, 21, 4, 0, 0
7, 216, 266, 160, 126, 110, 88, 19, 221, 259, 154, 128, 104, 99, 25, 2, 488, 162, 149, 113, 64, 15, 1, 0
0, 0, 0, 0, 0, 0, 0, 1024, 0, 0, 0, 0, 0, 0, 0, 1024, 0, 0, 0, 0, 0, 0, 0, 1024
0, 0, 0, 0, 0, 0, 0, 1024, 0, 0, 0, 0, 0, 0, 0, 1024, 0, 0, 0, 0, 0, 0, 0, 1024
0, 0, 0, 0, 0, 0, 0, 1024, 0, 0, 0, 0, 0, 0, 0, 1024, 0, 0, 0, 0, 0, 0, 0, 1024
0, 0, 0, 0, 0, 0, 0, 1024, 0, 0, 0, 0, 0, 0, 0, 1024, 0, 0, 0, 0, 0, 0, 0, 1024
0, 0, 0, 0, 0, 0, 0, 1024, 0, 0, 0, 0, 0, 0, 0, 1024, 0, 0, 0, 0, 0, 0, 0, 1024
0, 0, 0, 0, 0, 0, 59, 965, 0, 0, 0, 0, 0, 0, 0, 1024, 0, 0, 0, 0, 0, 0, 0, 1024
0, 0, 0, 0, 0, 0, 0, 1024, 0, 0, 0, 0, 0, 0, 0, 1024, 0, 0, 0, 0, 0, 0, 0, 1024
0, 37, 79, 35, 20, 12, 6, 835, 0, 11, 86, 52, 21, 14, 9, 831, 0, 0, 3, 19, 61, 71, 27, 843
0, 830, 110, 34, 25, 15, 7, 3, 0, 330, 475, 146, 36, 23, 11, 3, 23, 282, 58, 72, 407, 111, 42, 29
47, 977, 0, 0, 0, 0, 0, 0, 47, 974, 3, 0, 0, 0, 0, 0, 341, 683, 0, 0, 0, 0, 0, 0
211, 798, 15, 0, 0, 0, 0, 0, 341, 681, 2, 0, 0, 0, 0, 0, 892, 132, 0, 0, 0, 0, 0, 0
713, 165, 42, 34, 6, 38, 25, 1, 827, 65, 29, 34, 5, 16, 36, 12, 779, 107, 26, 38, 10, 4, 20, 40
579, 441, 4, 0, 0, 0, 0, 0, 953, 69, 2, 0, 0, 0, 0, 0, 1016, 8, 0, 0, 0, 0, 0, 0
0, 1024, 0, 0, 0, 0, 0, 0, 190, 834, 0, 0, 0, 0, 0, 0, 1024, 0, 0, 0, 0, 0, 0, 0
8, 788, 170, 16, 14, 15, 12, 1, 33, 868, 75, 11, 12, 15, 10, 0, 368, 311, 277, 26, 15, 13, 12, 2
19, 65, 97, 71, 105, 126, 464, 77, 30, 106, 71, 91, 81, 126, 496, 23, 6, 50, 92, 74, 82, 89, 104, 527
0, 0, 2, 1, 213, 594, 214, 0, 0, 0, 2, 4, 31, 662, 325, 0, 0, 0, 0, 2, 1, 6, 345, 670
0, 0, 12, 821, 191, 0, 0, 0, 0, 0, 0, 150, 779, 95, 0, 0, 0, 0, 0, 0, 0, 117, 901, 6
0, 0, 23, 499, 428, 74, 0, 0, 0, 0, 0, 172, 736, 116, 0, 0, 0, 0, 0, 0, 0, 474, 549, 1
0, 0, 0, 0, 657, 362, 5, 0, 0, 0, 0, 0, 810, 214, 0, 0, 0, 0, 0, 0, 0, 500, 516, 8
0, 0, 0, 69, 955, 0, 0, 0, 0, 0, 0, 235, 789, 0, 0, 0, 0, 0, 0, 0, 90, 934, 0, 0
0, 1, 49, 761, 158, 45, 10, 0, 1, 10, 116, 818, 72, 7, 0, 0, 5, 35, 108, 247, 609, 20, 0, 0
0, 8, 71, 243, 339, 243, 93, 27, 13, 82, 250, 368, 228, 67, 14, 2, 295, 243, 237, 177, 55, 14, 3, 0
0, 25, 139, 312, 280, 173, 71, 24, 36, 161, 327, 279, 153, 55, 11, 2, 531, 250, 154, 59, 20, 9, 1, 0
0, 7, 63, 222, 376, 259, 79, 18, 9, 56, 124, 279, 385, 140, 28, 3, 515, 337, 118, 35, 19, 0, 0, 0
0, 21, 69, 174, 269, 275, 162, 22, 16, 63, 165, 250, 296, 164, 37, 1, 315, 346, 208, 107, 15, 1, 0, 0
0, 0, 0, 0, 0, 0, 0, 1024, 0, 0, 0, 0, 0, 0, 0, 1024, 0, 0, 0, 0, 0, 0, 0, 1024
0, 0, 0, 0, 0, 0, 0, 1024, 0, 0, 0, 0, 0, 0, 0, 1024, 0, 0, 0, 0, 0, 0, 0, 1024
0, 0, 0, 0, 0, 0, 0, 1024, 0, 0, 0, 0, 0, 0, 0, 1024, 0, 0, 0, 0, 0, 0, 0, 1024
0, 0, 0, 0, 0, 0, 0, 1024, 0, 0, 0, 0, 0, 0, 0, 1024, 0, 0, 0, 0, 0, 0, 0, 1024
0, 0, 0, 0, 0, 0, 71, 953, 0, 0, 0, 0, 0, 0, 0, 1024, 0, 0, 0, 0, 0, 0, 0, 1024
0, 0, 0, 0, 0, 0, 388, 636, 0, 0, 0, 0, 0, 0, 0, 1024, 0, 0, 0, 0, 0, 0, 0, 1024
0, 0, 0, 0, 0, 0, 0, 1024, 0, 0, 0, 0, 0, 0, 0, 1024, 0, 0, 0, 0, 0, 0, 0, 1024
0, 0, 0, 0, 0, 0, 0, 1024, 0, 0, 0, 0, 0, 0, 0, 1024, 0, 0, 0, 0, 0, 0, 0, 1024
16, 575, 118, 23, 7, 11, 10, 264, 21, 541, 146, 25, 8, 10, 12, 261, 66, 456, 47, 43, 119, 12, 11, 270
19, 997, 8, 0, 0, 0, 0, 0, 32, 988, 4, 0, 0, 0, 0, 0, 600, 424, 0, 0, 0, 0, 0, 0
170, 801, 53, 0, 0, 0, 0, 0, 379, 617, 28, 0, 0, 0, 0, 0, 944, 80, 0, 0, 0, 0, 0, 0
801, 124, 15, 16, 32, 4, 24, 8, 906, 22, 8, 20, 20, 16, 18, 14, 856, 71, 6, 18, 22, 19, 6, 26
524, 500, 0, 0, 0, 0, 0, 0, 972, 52, 0, 0, 0, 0, 0, 0, 1024, 0, 0, 0, 0, 0, 0, 0
0, 1020, 4, 0, 0, 0, 0, 0, 99, 925, 0, 0, 0, 0, 0, 0, 1020, 4, 0, 0, 0, 0, 0, 0
28, 475, 183, 87, 55, 40, 87, 69, 90, 514, 131, 71, 42, 61, 89, 26, 438, 181, 122, 56, 43, 51, 67, 66
0, 0, 8, 11, 24, 82, 790, 109, 0, 7, 10, 17, 37, 81, 848, 24, 0, 1, 7, 12, 21, 38, 87, 858
0, 0, 0, 0, 100, 543, 381, 0, 0, 0, 0, 0, 26, 536, 462, 0, 0, 0, 0, 0, 0, 0, 221, 803
0, 0, 188, 525, 299, 12, 0, 0, 0, 0, 0, 348, 528, 148, 0, 0, 0, 0, 0, 0, 0, 321, 651, 52
0, 0, 175, 556, 293, 0, 0, 0, 0, 0, 0, 430, 594, 0, 0, 0, 0, 0, 0, 0, 0, 664, 360, 0
0, 0, 0, 0, 990, 34, 0, 0, 0, 0, 0, 0, 1024, 0, 0, 0, 0, 0, 0, 0, 0, 897, 127, 0
0, 0, 0, 177, 847, 0, 0, 0, 0, 0, 0, 294, 730, 0, 0, 0, 0, 0, 0, 0, 154, 870, 0, 0
0, 3, 70, 547, 337, 63, 3, 1, 3, 43, 194, 667, 108, 8, 1, 0, 62, 114, 154, 241, 404, 49, 0, 0
0, 8, 111, 344, 306, 166, 74, 15, 14, 141, 370, 292, 146, 53, 7, 1, 462, 327, 144, 69, 18, 4, 0, 0
0, 49, 227, 335, 257, 121, 33, 2, 4, 186, 341, 266, 177, 48, 2, 0, 691, 227, 86, 18, 1, 1, 0, 0
0, 9, 26, 194, 470, 249, 56, 20, 2, 15, 63, 331, 455, 127, 29, 2, 653, 267, 68, 29, 7, 0, 0, 0
0, 11, 73, 203, 286, 299, 104, 16, 16, 65, 147, 297, 308, 132, 27, 0, 391, 347, 163, 73, 16, 2, 0, 0
0, 0, 0, 0, 0, 0, 0, 1024, 0, 0, 0, 0, 0, 0, 0, 1024, 0, 0, 0, 0, 0, 0, 0, 1024
0, 0, 0, 0, 0, 0, 0, 1024, 0, 0, 0, 0, 0, 0, 0, 1024, 0, 0, 0, 0, 0, 0, 0, 1024
0, 0, 0, 0, 0, 0, 0, 1024, 0, 0, 0, 0, 0, 0, 0, 1024, 0, 0, 0, 0, 0, 0, 0, 1024
0, 0, 0, 0, 0, 0, 0, 1024, 0, 0, 0, 0, 0, 0, 0, 1024, 0, 0, 0, 0, 0, 0, 0, 1024
0, 0, 0, 0, 0, 0, 247, 777, 0, 0, 0, 0, 0, 0, 0, 1024, 0, 0, 0, 0, 0, 0, 0, 1024
0, 0, 0, 0, 0, 0, 508, 516, 0, 0, 0, 0, 0, 0, 0, 1024, 0, 0, 0, 0, 0, 0, 0, 1024
0, 0, 0, 0, 0, 0, 0, 1024, 0, 0, 0, 0, 0, 0, 0, 1024, 0, 0, 0, 0, 0, 0, 0, 1024
0, 0, 0, 0, 0, 0, 0, 1024, 0, 0, 0, 0, 0, 0, 0, 1024, 0, 0, 0, 0, 0, 0, 0, 1024
12, 620, 59, 9, 7, 11, 12, 294, 19, 652, 28, 5, 9, 11, 11, 289, 151, 517, 27, 7, 8, 11, 9, 294
25, 982, 17, 0, 0, 0, 0, 0, 78, 934, 12, 0, 0, 0, 0, 0, 842, 182, 0, 0, 0, 0, 0, 0
330, 679, 15, 0, 0, 0, 0, 0, 587, 427, 10, 0, 0, 0, 0, 0, 979, 45, 0, 0, 0, 0, 0, 0
618, 294, 44, 13, 13, 40, 2, 0, 818, 110, 26, 17, 8, 32, 13, 0, 772, 149, 32, 18, 6, 22, 25, 0
558, 454, 12, 0, 0, 0, 0, 0, 968, 56, 0, 0, 0, 0, 0, 0, 991, 33, 0, 0, 0, 0, 0, 0
0, 1024, 0, 0, 0, 0, 0, 0, 410, 614, 0, 0, 0, 0, 0, 0, 1024, 0, 0, 0, 0, 0, 0, 0
15, 602, 121, 66, 56, 66, 49, 49, 158, 538, 90, 55, 57, 61, 44, 21, 556, 149, 77, 52, 63, 48, 52, 27
1, 2, 7, 17, 13, 28, 858, 98, 2, 6, 14, 12, 16, 43, 902, 29, 1, 4, 11, 11, 15, 22, 53, 907
0, 0, 0, 0, 87, 668, 269, 0, 0, 0, 0, 0, 61, 532, 431, 0, 0, 0, 0, 0, 0, 0, 265, 759
0, 0, 391, 372, 249, 12, 0, 0, 0, 0, 0, 405, 469, 150, 0, 0, 0, 0, 0, 0, 0, 365, 619, 40
0, 0, 453, 375, 196, 0, 0, 0, 0, 0, 0, 689, 335, 0, 0, 0, 0, 0, 0, 0, 0, 957, 67, 0
0, 0, 0, 50, 974, 0, 0, 0, 0, 0, 0, 41, 983, 0, 0, 0, 0, 0, 0, 0, 2, 1015, 7, 0
0, 0, 0, 185, 839, 0, 0, 0, 0, 0, 5, 376, 643, 0, 0, 0, 0, 0, 0, 13, 192, 819, 0, 0
0, 0, 42, 670, 236, 57, 14, 5, 0, 11, 186, 688, 110, 24, 5, 0, 107, 119, 206, 276, 310, 6, 0, 0
0, 41, 324, 395, 184, 67, 11, 2, 35, 293, 405, 207, 70, 13, 1, 0, 773, 175, 55, 17, 3, 1, 0, 0
0, 32, 184, 318, 311, 135, 43, 1, 4, 72, 245, 351, 265, 72, 15, 0, 700, 226, 74, 24, 0, 0, 0, 0
0, 4, 61, 296, 368, 239, 51, 5, 0, 9, 119, 346, 367, 160, 21, 2, 650, 265, 93, 15, 1, 0, 0, 0
0, 6, 89, 246, 386, 218, 45, 2, 1, 23, 193, 381, 306, 83, 5, 0, 594, 294, 89, 15, 0, 0, 0, 0
0, 0, 0, 0, 0, 0, 0, 1024, 0, 0, 0, 0, 0, 0, 0, 1024, 0, 0, 0, 0, 0, 0, 0, 1024
0, 0, 0, 0, 0, 0, 0, 1024, 0, 0, 0, 0, 0, 0, 0, 1024, 0, 0, 0, 0, 0, 0, 0, 1024
0, 0, 0, 0, 0, 0, 0, 1024, 0, 0, 0, 0, 0, 0, 0, 1024, 0, 0, 0, 0, 0, 0, 0, 1024
0, 0, 0, 0, 0, 0, 0, 1024, 0, 0, 0, 0, 0, 0, 0, 1024, 0, 0, 0, 0, 0, 0, 0, 1024
0, 0, 0, 0, 0, 0, 595, 429, 0, 0, 0, 0, 0, 0, 4, 1020, 0, 0, 0, 0, 0, 0, 0, 1024
0, 0, 0, 0, 0, 0, 511, 513, 0, 0, 0, 0, 0, 0, 0, 1024, 0, 0, 0, 0, 0, 0, 0, 1024
0, 0, 0, 0, 0, 0, 0, 1024, 0, 0, 0, 0, 0, 0, 0, 1024, 0, 0, 0, 0, 0, 0, 0, 1024
0, 3, 5, 2, 1, 2, 4, 1007, 1, 6, 2, 1, 2, 2, 4, 1006, 0, 3, 5, 2, 0, 3, 4, 1007
105, 677, 165, 15, 4, 6, 6, 46, 260, 475, 222, 9, 5, 5, 8, 40, 332, 328, 196, 105, 6, 7, 6, 44
54, 870, 93, 7, 0, 0, 0, 0, 93, 864, 64, 3, 0, 0, 0, 0, 856, 165, 3, 0, 0, 0, 0, 0
112, 881, 31, 0, 0, 0, 0, 0, 244, 775, 5, 0, 0, 0, 0, 0, 888, 136, 0, 0, 0, 0, 0, 0
318, 503, 90, 60, 37, 15, 1, 0, 499, 381, 68, 52, 22, 2, 0, 0, 655, 284, 56, 23, 5, 1, 0, 0
254, 755, 14, 1, 0, 0, 0, 0, 693, 330, 1, 0, 0, 0, 0, 0, 1003, 21, 0, 0, 0, 0, 0, 0
0, 1024, 0, 0, 0, 0, 0, 0, 254, 770, 0, 0, 0, 0, 0, 0, 1021, 3, 0, 0, 0, 0, 0, 0
18, 810, 86, 40, 30, 17, 13, 10, 352, 529, 47, 39, 24, 18, 12, 3, 753, 137, 46, 35, 22, 17, 11, 3
6, 19, 32, 36, 26, 82, 780, 43, 16, 31, 26, 31, 35, 102, 776, 7, 12, 29, 21, 30, 23, 54, 101, 754
0, 0, 0, 4, 131, 686, 203, 0, 0, 0, 0, 2, 68, 641, 313, 0, 0, 0, 0, 0, 0, 8, 376, 640
0, 0, 347, 462, 203, 12, 0, 0, 0, 0, 0, 383, 496, 145, 0, 0, 0, 0, 0, 0, 0, 358, 629, 37
0, 0, 662, 351, 11, 0, 0, 0, 0, 0, 0, 957, 67, 0, 0, 0, 0, 0, 0, 0, 10, 1014, 0, 0
0, 0, 26, 594, 404, 0, 0, 0, 0, 0, 0, 507, 517, 0, 0, 0, 0, 0, 0, 0, 71, 953, 0, 0
0, 0, 2, 328, 694, 0, 0, 0, 0, 0, 4, 633, 387, 0, 0, 0, 0, 0, 0, 10, 321, 693, 0, 0
0, 0, 196, 547, 183, 70, 27, 1, 0, 11, 267, 576, 131, 38, 1, 0, 110, 108, 233, 374, 191, 8, 0, 0
0, 64, 227, 333, 250, 111, 33, 6, 31, 244, 357, 244, 111, 32, 5, 0, 743, 192, 67, 19, 1, 2, 0, 0
0, 3, 94, 276, 328, 218, 88, 17, 1, 66, 248, 310, 247, 130, 22, 0, 604, 277, 107, 30, 6, 0, 0, 0
0, 3, 102, 371, 371, 148, 27, 2, 1, 9, 179, 418, 322, 88, 7, 0, 757, 209, 51, 6, 1, 0, 0, 0
0, 1, 82, 190, 341, 274, 96, 8, 1, 26, 157, 379, 328, 94, 6, 1, 519, 309, 147, 17, 0, 0, 0, 0
0, 0, 0, 0, 0, 0, 0, 1024, 0, 0, 0, 0, 0, 0, 0, 1024, 0, 0, 0, 0, 0, 0, 0, 1024
0, 0, 0, 0, 0, 0, 0, 1024, 0, 0, 0, 0, 0, 0, 0, 1024, 0, 0, 0, 0, 0, 0, 0, 1024
0, 0, 0, 0, 0, 0, 0, 1024, 0, 0, 0, 0, 0, 0, 0, 1024, 0, 0, 0, 0, 0, 0, 0, 1024
0, 0, 0, 0, 0, 0, 19, 1005, 0, 0, 0, 0, 0, 0, 0, 1024, 0, 0, 0, 0, 0, 0, 0, 1024
0, 0, 0, 0, 0, 0, 833, 191, 0, 0, 0, 0, 0, 0, 118, 906, 0, 0, 0, 0, 0, 0, 0, 1024
0, 0, 0, 0, 0, 0, 501, 523, 0, 0, 0, 0, 0, 0, 5, 1019, 0, 0, 0, 0, 0, 0, 0, 1024
0, 0, 0, 0, 0, 0, 0, 1024, 0, 0, 0, 0, 0, 0, 0, 1024, 0, 0, 0, 0, 0, 0, 0, 1024
1, 159, 72, 7, 7, 7, 11, 760, 9, 189, 39, 8, 5, 7, 16, 751, 0, 18, 213, 9, 6, 6, 12, 760
161, 844, 19, 0, 0, 0, 0, 0, 240, 658, 126, 0, 0, 0, 0, 0, 445, 283, 296, 0, 0, 0, 0, 0
130, 873, 21, 0, 0, 0, 0, 0, 265, 759, 0, 0, 0, 0, 0, 0, 995, 29, 0, 0, 0, 0, 0, 0
328, 679, 17, 0, 0, 0, 0, 0, 666, 347, 11, 0, 0, 0, 0, 0, 914, 110, 0, 0, 0, 0, 0, 0
547, 303, 75, 64, 23, 8, 4, 0, 799, 101, 71, 32, 16, 5, 0, 0, 831, 132, 37, 17, 6, 1, 0, 0
480, 519, 22, 2, 1, 0, 0, 0, 972, 43, 7, 1, 1, 0, 0, 0, 1008, 13, 2, 1, 0, 0, 0, 0
90, 934, 0, 0, 0, 0, 0, 0, 903, 121, 0, 0, 0, 0, 0, 0, 1024, 0, 0, 0, 0, 0, 0, 0
8, 1006, 6, 3, 1, 0, 0, 0, 520, 498, 5, 1, 0, 0, 0, 0, 969, 51, 3, 1, 0, 0, 0, 0
20, 206, 88, 70, 52, 227, 323, 38, 125, 156, 74, 58, 62, 202, 343, 4, 97, 149, 86, 58, 46, 81, 165, 342
0, 0, 0, 3, 125, 886, 10, 0, 0, 0, 0, 0, 63, 911, 50, 0, 0, 0, 0, 0, 0, 6, 660, 358
0, 0, 326, 486, 186, 26, 0, 0, 0, 0, 0, 434, 481, 109, 0, 0, 0, 0, 0, 0, 0, 440, 526, 58
0, 5, 1014, 5, 0, 0, 0, 0, 0, 0, 59, 965, 0, 0, 0, 0, 0, 0, 0, 0, 205, 819, 0, 0
0, 0, 170, 842, 12, 0, 0, 0, 0, 0, 14, 940, 70, 0, 0, 0, 0, 0, 0, 0, 449, 575, 0, 0
0, 0, 0, 511, 502, 11, 0, 0, 0, 0, 6, 930, 88, 0, 0, 0, 0, 0, 10, 34, 701, 279, 0, 0
0, 1, 107, 636, 216, 53, 8, 3, 1, 6, 271, 582, 142, 17, 5, 0, 8, 17, 96, 501, 380, 20, 2, 0
0, 2, 76, 369, 406, 119, 49, 3, 4, 73, 320, 411, 157, 54, 5, 0, 492, 254, 160, 85, 29, 4, 0, 0
0, 1, 51, 288, 388, 234, 54, 8, 1, 40, 218, 375, 278, 109, 3, 0, 763, 192, 54, 14, 1, 0, 0, 0
0, 0, 38, 315, 449, 187, 31, 4, 0, 3, 117, 411, 408, 80, 5, 0, 759, 208, 51, 6, 0, 0, 0, 0
0, 0, 16, 157, 434, 304, 77, 4, 3, 18, 119, 426, 354, 71, 1, 0, 519, 345, 110, 18, 0, 0, 0, 0
0, 0, 0, 0, 0, 0, 0, 1024, 0, 0, 0, 0, 0, 0, 0, 1024, 0, 0, 0, 0, 0, 0, 0, 1024
0, 0, 0, 0, 0, 0, 0, 1024, 0, 0, 0, 0, 0, 0, 0, 1024, 0, 0, 0, 0, 0, 0, 0, 1024
0, 0, 0, 0, 0, 0, 0, 1024, 0, 0, 0, 0, 0, 0, 0, 1024, 0, 0, 0, 0, 0, 0, 0, 1024
0, 0, 0, 0, 0, 0, 470, 554, 0, 0, 0, 0, 0, 0, 55, 969, 0, 0, 0, 0, 0, 0, 0, 1024
0, 0, 0, 0, 0, 2, 1022, 0, 0, 0, 0, 0, 0, 0, 833, 191, 0, 0, 0, 0, 0, 0, 0, 1024
0, 0, 0, 0, 0, 0, 558, 466, 0, 0, 0, 0, 0, 0, 92, 932, 0, 0, 0, 0, 0, 0, 0, 1024
0, 0, 0, 0, 0, 0, 0, 1024, 0, 0, 0, 0, 0, 0, 0, 1024, 0, 0, 0, 0, 0, 0, 0, 1024
3, 555, 37, 7, 10, 7, 12, 393, 15, 554, 30, 7, 7, 8, 23, 380, 1, 78, 512, 10, 10, 6, 7, 400
65, 928, 31, 0, 0, 0, 0, 0, 258, 711, 55, 0, 0, 0, 0, 0, 610, 193, 221, 0, 0, 0, 0, 0
298, 725, 1, 0, 0, 0, 0, 0, 436, 588, 0, 0, 0, 0, 0, 0, 1003, 21, 0, 0, 0, 0, 0, 0
826, 198, 0, 0, 0, 0, 0, 0, 1007, 17, 0, 0, 0, 0, 0, 0, 1023, 1, 0, 0, 0, 0, 0, 0
686, 298, 31, 9, 0, 0, 0, 0, 903, 105, 16, 0, 0, 0, 0, 0, 915, 89, 18, 2, 0, 0, 0, 0
715, 288, 21, 0, 0, 0, 0, 0, 945, 77, 2, 0, 0, 0, 0, 0, 982, 42, 0, 0, 0, 0, 0, 0
708, 316, 0, 0, 0, 0, 0, 0, 1002, 22, 0, 0, 0, 0, 0, 0, 1023, 1, 0, 0, 0, 0, 0, 0
94, 930, 0, 0, 0, 0, 0, 0, 793, 231, 0, 0, 0, 0, 0, 0, 1024, 0, 0, 0, 0, 0, 0, 0
75, 536, 86, 66, 54, 131, 67, 9, 419, 231, 65, 65, 48, 137, 57, 2, 463, 171, 60, 60, 50, 39, 134, 47
0, 2, 5, 8, 129, 878, 2, 0, 0, 2, 5, 6, 35, 973, 3, 0, 0, 1, 2, 4, 4, 14, 801, 198
0, 0, 480, 322, 211, 11, 0, 0, 0, 0, 0, 515, 390, 119, 0, 0, 0, 0, 0, 0, 0, 587, 391, 46
0, 158, 866, 0, 0, 0, 0, 0, 0, 0, 482, 542, 0, 0, 0, 0, 0, 0, 0, 0, 253, 771, 0, 0
0, 13, 724, 287, 0, 0, 0, 0, 0, 0, 430, 594, 0, 0, 0, 0, 0, 0, 0, 0, 905, 119, 0, 0
0, 0, 5, 455, 473, 86, 5, 0, 0, 1, 20, 831, 158, 14, 0, 0, 0, 1, 24, 150, 759, 90, 0, 0
0, 13, 96, 377, 393, 113, 29, 3, 3, 50, 222, 477, 201, 66, 5, 0, 227, 203, 270, 231, 85, 7, 1, 0
2, 91, 233, 326, 222, 99, 35, 16, 36, 272, 337, 238, 94, 32, 15, 0, 715, 186, 80, 27, 10, 6, 0, 0
0, 2, 43, 200, 409, 231, 101, 38, 5, 50, 188, 343, 327, 99, 12, 0, 544, 321, 118, 31, 9, 1, 0, 0
0, 1, 57, 328, 426, 190, 21, 1, 0, 4, 104, 442, 383, 87, 3, 1, 773, 229, 20, 1, 1, 0, 0, 0
0, 1, 26, 215, 419, 235, 85, 11, 2, 14, 162, 458, 300, 50, 6, 0, 559, 289, 112, 24, 8, 0, 0, 0
0, 0, 0, 0, 0, 0, 4, 1020, 0, 0, 0, 0, 0, 0, 0, 1024, 0, 0, 0, 0, 0, 0, 0, 1024
0, 0, 0, 0, 0, 0, 1, 1023, 0, 0, 0, 0, 0, 0, 0, 1024, 0, 0, 0, 0, 0, 0, 0, 1024
0, 0, 0, 0, 0, 0, 17, 1007, 0, 0, 0, 0, 0, 0, 8, 1016, 0, 0, 0, 0, 0, 0, 0, 1024
0, 0, 0, 0, 0, 55, 628, 341, 0, 0, 0, 0, 0, 0, 597, 427, 0, 0, 0, 0, 0, 0, 0, 1024
0, 0, 0, 0, 0, 195, 829, 0, 0, 0, 0, 0, 0, 0, 1019, 5, 0, 0, 0, 0, 0, 0, 0, 1024
0, 0, 0, 0, 0, 0, 763, 261, 0, 0, 0, 0, 0, 0, 381, 643, 0, 0, 0, 0, 0, 0, 0, 1024
3, 28, 20, 4, 1, 7, 30, 931, 7, 35, 10, 4, 3, 6, 18, 941, 0, 16, 34, 4, 2, 6, 5, 957
5, 943, 16, 6, 4, 3, 6, 41, 11, 935, 19, 6, 3, 4, 10, 36, 1, 316, 647, 3, 5, 2, 6, 44
41, 973, 10, 0, 0, 0, 0, 0, 94, 903, 27, 0, 0, 0, 0, 0, 609, 326, 89, 0, 0, 0, 0, 0
312, 668, 44, 0, 0, 0, 0, 0, 489, 509, 26, 0, 0, 0, 0, 0, 1006, 18, 0, 0, 0, 0, 0, 0
831, 193, 0, 0, 0, 0, 0, 0, 1000, 24, 0, 0, 0, 0, 0, 0, 1018, 6, 0, 0, 0, 0, 0, 0
880, 133, 7, 4, 0, 0, 0, 0, 968, 43, 8, 5, 0, 0, 0, 0, 968, 43, 6, 7, 0, 0, 0, 0
973, 51, 0, 0, 0, 0, 0, 0, 1021, 3, 0, 0, 0, 0, 0, 0, 1020, 4, 0, 0, 0, 0, 0, 0
769, 255, 0, 0, 0, 0, 0, 0, 1024, 0, 0, 0, 0, 0, 0, 0, 1024, 0, 0, 0, 0, 0, 0, 0
116, 908, 0, 0, 0, 0, 0, 0, 984, 40, 0, 0, 0, 0, 0, 0, 1024, 0, 0, 0, 0, 0, 0, 0
6, 914, 51, 38, 11, 4, 0, 0, 808, 147, 29, 30, 6, 4, 0, 0, 825, 119, 36, 25, 15, 4, 0, 0
20, 93, 63, 76, 290, 477, 5, 0, 48, 75, 60, 54, 201, 586, 0, 0, 10, 82, 45, 48, 52, 89, 652, 46
0, 0, 399, 474, 133, 18, 0, 0, 0, 0, 0, 446, 478, 100, 0, 0, 0, 0, 0, 0, 0, 580, 424, 20
0, 467, 557, 0, 0, 0, 0, 0, 0, 0, 631, 393, 0, 0, 0, 0, 0, 0, 0, 0, 481, 543, 0, 0
0, 99, 721, 199, 5, 0, 0, 0, 0, 0, 733, 290, 1, 0, 0, 0, 0, 0, 0, 13, 978, 33, 0, 0
0, 1, 33, 500, 416, 72, 2, 0, 0, 6, 215, 692, 107, 4, 0, 0, 3, 49, 151, 295, 491, 35, 0, 0
0, 35, 162, 296, 355, 140, 33, 3, 38, 151, 311, 335, 146, 39, 4, 0, 466, 319, 173, 55, 10, 1, 0, 0
0, 18, 154, 316, 300, 182, 49, 5, 21, 187, 363, 274, 143, 31, 5, 0, 590, 284, 107, 35, 6, 2, 0, 0
0, 0, 35, 151, 304, 380, 135, 19, 2, 45, 162, 321, 373, 115, 6, 0, 407, 427, 147, 38, 5, 0, 0, 0
0, 3, 21, 241, 453, 265, 38, 3, 0, 3, 48, 300, 498, 158, 17, 0, 772, 219, 31, 2, 0, 0, 0, 0
0, 2, 24, 156, 353, 332, 110, 15, 4, 28, 158, 382, 327, 90, 3, 0, 399, 327, 188, 66, 12, 0, 0, 0
0, 0, 0, 0, 0, 0, 415, 609, 0, 0, 0, 0, 0, 0, 271, 753, 0, 0, 0, 0, 0, 0, 0, 1024
0, 0, 0, 0, 0, 0, 248, 776, 0, 0, 0, 0, 0, 0, 146, 878, 0, 0, 0, 0, 0, 0, 0, 1024
0, 0, 0, 0, 0, 0, 517, 507, 0, 0, 0, 0, 0, 0, 330, 694, 0, 0, 0, 0, 0, 0, 0, 1024
0, 0, 0, 0, 0, 358, 617, 49, 0, 0, 0, 0, 0, 0, 848, 176, 0, 0, 0, 0, 0, 0, 0, 1024
0, 0, 0, 0, 0, 865, 159, 0, 0, 0, 0, 0, 0, 0, 1024, 0, 0, 0, 0, 0, 0, 0, 0, 1024
0, 0, 0, 0, 0, 0, 811, 213, 0, 0, 0, 0, 0, 0, 562, 462, 0, 0, 0, 0, 0, 0, 0, 1024
9, 441, 38, 8, 10, 8, 61, 449, 16, 458, 16, 9, 8, 9, 44, 464, 0, 68, 409, 13, 11, 6, 10, 507
6, 1014, 4, 0, 0, 0, 0, 0, 0, 1012, 12, 0, 0, 0, 0, 0, 0, 454, 570, 0, 0, 0, 0, 0
13, 972, 39, 0, 0, 0, 0, 0, 46, 954, 24, 0, 0, 0, 0, 0, 630, 368, 26, 0, 0, 0, 0, 0
424, 522, 78, 0, 0, 0, 0, 0, 594, 398, 32, 0, 0, 0, 0, 0, 1013, 11, 0, 0, 0, 0, 0, 0
960, 64, 0, 0, 0, 0, 0, 0, 1010, 14, 0, 0, 0, 0, 0, 0, 1024, 0, 0, 0, 0, 0, 0, 0
981, 43, 0, 0, 0, 0, 0, 0, 1022, 2, 0, 0, 0, 0, 0, 0, 1021, 3, 0, 0, 0, 0, 0, 0
1013, 11, 0, 0, 0, 0, 0, 0, 1024, 0, 0, 0, 0, 0, 0, 0, 1024, 0, 0, 0, 0, 0, 0, 0
882, 141, 1, 0, 0, 0, 0, 0, 1021, 2, 1, 0, 0, 0, 0, 0, 1021, 2, 1, 0, 0, 0, 0, 0
198, 826, 0, 0, 0, 0, 0, 0, 978, 46, 0, 0, 0, 0, 0, 0, 1024, 0, 0, 0, 0, 0, 0, 0
0, 1024, 0, 0, 0, 0, 0, 0, 1015, 9, 0, 0, 0, 0, 0, 0, 1021, 3, 0, 0, 0, 0, 0, 0
18, 573, 67, 95, 239, 32, 0, 0, 480, 127, 51, 72, 181, 113, 0, 0, 480, 111, 48, 41, 55, 98, 190, 1
1, 5, 512, 327, 179, 0, 0, 0, 3, 2, 8, 486, 475, 50, 0, 0, 0, 3, 2, 7, 8, 619, 384, 1
0, 763, 261, 0, 0, 0, 0, 0, 0, 0, 679, 345, 0, 0, 0, 0, 0, 0, 0, 0, 405, 619, 0, 0
0, 336, 684, 4, 0, 0, 0, 0, 0, 0, 1016, 8, 0, 0, 0, 0, 0, 0, 0, 74, 946, 4, 0, 0
0, 3, 89, 437, 393, 82, 16, 4, 2, 21, 319, 542, 122, 15, 2, 1, 99, 180, 177, 377, 185, 5, 1, 0
0, 17, 194, 344, 293, 130, 40, 6, 17, 182, 361, 317, 114, 29, 4, 0, 555, 287, 125, 43, 12, 2, 0, 0
0, 7, 119, 331, 343, 179, 40, 5, 16, 116, 360, 363, 131, 36, 2, 0, 611, 266, 101, 37, 9, 0, 0, 0
0, 0, 32, 184, 422, 328, 56, 2, 0, 18, 121, 405, 379, 98, 3, 0, 695, 269, 56, 4, 0, 0, 0, 0
0, 1, 15, 180, 447, 299, 71, 11, 1, 5, 65, 298, 465, 167, 22, 1, 712, 249, 56, 6, 1, 0, 0, 0
0, 0, 18, 100, 322, 346, 184, 22, 0, 25, 112, 390, 352, 105, 8, 0, 276, 364, 259, 85, 8, 0, 0, 0
0, 0, 0, 0, 0, 0, 1022, 2, 0, 0, 0, 0, 0, 0, 916, 108, 0, 0, 0, 0, 0, 0, 0, 1024
0, 0, 0, 0, 0, 0, 946, 78, 0, 0, 0, 0, 0, 0, 618, 406, 0, 0, 0, 0, 0, 0, 0, 1024
0, 0, 0, 0, 0, 196, 678, 150, 0, 0, 0, 0, 0, 0, 703, 321, 0, 0, 0, 0, 0, 0, 0, 1024
0, 0, 0, 0, 0, 829, 195, 0, 0, 0, 0, 0, 0, 0, 1024, 0, 0, 0, 0, 0, 0, 0, 0, 1024
0, 0, 0, 0, 0, 856, 168, 0, 0, 0, 0, 0, 0, 0, 1024, 0, 0, 0, 0, 0, 0, 0, 0, 1024
4, 25, 6, 5, 1, 56, 918, 9, 3, 23, 8, 4, 3, 5, 771, 207, 0, 3, 27, 4, 4, 3, 5, 978
10, 875, 40, 3, 5, 6, 53, 32, 12, 865, 47, 4, 6, 5, 47, 38, 0, 155, 758, 11, 4, 6, 5, 85
5, 1007, 12, 0, 0, 0, 0, 0, 0, 1007, 17, 0, 0, 0, 0, 0, 0, 530, 488, 6, 0, 0, 0, 0
46, 966, 12, 0, 0, 0, 0, 0, 81, 937, 6, 0, 0, 0, 0, 0, 818, 204, 2, 0, 0, 0, 0, 0
394, 629, 1, 0, 0, 0, 0, 0, 605, 419, 0, 0, 0, 0, 0, 0, 1024, 0, 0, 0, 0, 0, 0, 0
715, 309, 0, 0, 0, 0, 0, 0, 890, 134, 0, 0, 0, 0, 0, 0, 1016, 8, 0, 0, 0, 0, 0, 0
817, 164, 15, 12, 15, 1, 0, 0, 935, 57, 8, 16, 8, 0, 0, 0, 981, 42, 1, 0, 0, 0, 0, 0
863, 126, 17, 14, 4, 0, 0, 0, 974, 24, 14, 11, 1, 0, 0, 0, 1014, 10, 0, 0, 0, 0, 0, 0
670, 354, 0, 0, 0, 0, 0, 0, 1020, 4, 0, 0, 0, 0, 0, 0, 1024, 0, 0, 0, 0, 0, 0, 0
134, 890, 0, 0, 0, 0, 0, 0, 1020, 4, 0, 0, 0, 0, 0, 0, 1024, 0, 0, 0, 0, 0, 0, 0
0, 1024, 0, 0, 0, 0, 0, 0, 1019, 5, 0, 0, 0, 0, 0, 0, 1024, 0, 0, 0, 0, 0, 0, 0
7, 987, 10, 5, 14, 1, 0, 0, 966, 31, 5, 6, 12, 4, 0, 0, 950, 34, 16, 5, 4, 10, 5, 0
18, 177, 536, 265, 28, 0, 0, 0, 124, 65, 46, 558, 229, 2, 0, 0, 96, 58, 33, 42, 47, 617, 131, 0
0, 673, 351, 0, 0, 0, 0, 0, 0, 0, 623, 401, 0, 0, 0, 0, 0, 0, 0, 0, 391, 633, 0, 0
0, 560, 419, 41, 4, 0, 0, 0, 0, 6, 965, 48, 5, 0, 0, 0, 0, 1, 13, 316, 694, 0, 0, 0
0, 45, 302, 445, 198, 30, 4, 0, 16, 145, 517, 292, 48, 5, 1, 0, 513, 232, 164, 98, 16, 1, 0, 0
0, 34, 395, 392, 149, 49, 5, 0, 12, 240, 475, 215, 71, 10, 1, 0, 873, 119, 28, 4, 0, 0, 0, 0
0, 4, 110, 265, 296, 286, 57, 6, 4, 57, 256, 369, 280, 54, 4, 0, 684, 254, 74, 9, 3, 0, 0, 0
0, 0, 26, 207, 505, 250, 34, 2, 0, 3, 120, 384, 391, 114, 11, 1, 722, 247, 49, 5, 1, 0, 0, 0
0, 1, 14, 206, 409, 273, 105, 16, 0, 8, 58, 375, 466, 115, 2, 0, 735, 205, 63, 20, 1, 0, 0, 0
0, 2, 27, 94, 273, 332, 223, 41, 6, 49, 144, 345, 350, 88, 10, 0, 209, 361, 290, 112, 20, 0, 0, 0
0, 0, 0, 0, 0, 0, 1024, 0, 0, 0, 0, 0, 0, 0, 1005, 19, 0, 0, 0, 0, 0, 0, 0, 1024
0, 0, 0, 0, 0, 232, 792, 0, 0, 0, 0, 0, 0, 0, 987, 37, 0, 0, 0, 0, 0, 0, 0, 1024
0, 0, 0, 0, 0, 717, 307, 0, 0, 0, 0, 0, 0, 0, 1013, 11, 0, 0, 0, 0, 0, 0, 0, 1024
0, 0, 0, 0, 0, 1024, 0, 0, 0, 0, 0, 0, 0, 0, 1024, 0, 0, 0, 0, 0, 0, 0, 0, 1024
0, 0, 0, 0, 0, 970, 54, 0, 0, 0, 0, 0, 0, 0, 1024, 0, 0, 0, 0, 0, 0, 0, 0, 1024
11, 271, 33, 11, 6, 255, 430, 7, 8, 210, 93, 13, 6, 9, 636, 49, 0, 7, 251, 54, 12, 6, 10, 684
20, 918, 79, 5, 2, 0, 0, 0, 0, 872, 142, 8, 2, 0, 0, 0, 0, 206, 745, 68, 3, 2, 0, 0
23, 985, 16, 0, 0, 0, 0, 0, 0, 991, 33, 0, 0, 0, 0, 0, 0, 498, 522, 4, 0, 0, 0, 0
36, 959, 29, 0, 0, 0, 0, 0, 137, 885, 2, 0, 0, 0, 0, 0, 896, 128, 0, 0, 0, 0, 0, 0
414, 573, 37, 0, 0, 0, 0, 0, 627, 397, 0, 0, 0, 0, 0, 0, 1024, 0, 0, 0, 0, 0, 0, 0
868, 156, 0, 0, 0, 0, 0, 0, 996, 28, 0, 0, 0, 0, 0, 0, 1012, 12, 0, 0, 0, 0, 0, 0
763, 200, 17, 33, 8, 3, 0, 0, 923, 53, 28, 16, 4, 0, 0, 0, 960, 49, 13, 1, 1, 0, 0, 0
743, 222, 36, 20, 3, 0, 0, 0, 960, 40, 21, 3, 0, 0, 0, 0, 1003, 21, 0, 0, 0, 0, 0, 0
898, 126, 0, 0, 0, 0, 0, 0, 1024, 0, 0, 0, 0, 0, 0, 0, 1024, 0, 0, 0, 0, 0, 0, 0
221, 803, 0, 0, 0, 0, 0, 0, 1024, 0, 0, 0, 0, 0, 0, 0, 1024, 0, 0, 0, 0, 0, 0, 0
8, 1016, 0, 0, 0, 0, 0, 0, 1020, 4, 0, 0, 0, 0, 0, 0, 1024, 0, 0, 0, 0, 0, 0, 0
1, 1023, 0, 0, 0, 0, 0, 0, 1013, 11, 0, 0, 0, 0, 0, 0, 1024, 0, 0, 0, 0, 0, 0, 0
64, 422, 475, 63, 0, 0, 0, 0, 326, 134, 94, 441, 29, 0, 0, 0, 274, 137, 50, 56, 86, 411, 10, 0
0, 565, 459, 0, 0, 0, 0, 0, 0, 0, 606, 418, 0, 0, 0, 0, 0, 0, 0, 0, 478, 546, 0, 0
0, 632, 333, 52, 7, 0, 0, 0, 0, 20, 932, 70, 2, 0, 0, 0, 0, 5, 44, 245, 723, 7, 0, 0
0, 12, 325, 402, 225, 51, 9, 0, 0, 88, 494, 364, 66, 12, 0, 0, 392, 225, 214, 162, 29, 2, 0, 0
0, 157, 527, 278, 58, 4, 0, 0, 0, 189, 608, 197, 28, 2, 0, 0, 996, 27, 1, 0, 0, 0, 0, 0
0, 0, 72, 319, 422, 184, 25, 2, 0, 23, 322, 463, 189, 24, 3, 0, 814, 180, 27, 3, 0, 0, 0, 0
0, 0, 50, 261, 466, 212, 33, 2, 0, 6, 149, 407, 344, 111, 7, 0, 860, 146, 16, 2, 0, 0, 0, 0
0, 0, 6, 80, 295, 397, 197, 49, 1, 23, 99, 329, 430, 129, 13, 0, 440, 301, 205, 69, 9, 0, 0, 0
0, 2, 12, 65, 228, 355, 271, 59, 8, 61, 173, 336, 321, 88, 5, 0, 150, 335, 316, 158, 33, 0, 0, 0
0, 0, 0, 0, 0, 85, 939, 0, 0, 0, 0, 0, 0, 0, 1023, 1, 0, 0, 0, 0, 0, 0, 0, 1024
0, 0, 0, 0, 1, 700, 323, 0, 0, 0, 0, 0, 0, 0, 1024, 0, 0, 0, 0, 0, 0, 0, 0, 1024
0, 0, 0, 0, 109, 915, 0, 0, 0, 0, 0, 0, 0, 0, 1024, 0, 0, 0, 0, 0, 0, 0, 0, 1024
0, 0, 0, 0, 285, 739, 0, 0, 0, 0, 0, 0, 0, 0, 1024, 0, 0, 0, 0, 0, 0, 0, 0, 1024
0, 0, 0, 0, 0, 1024, 0, 0, 0, 0, 0, 0, 0, 0, 1024, 0, 0, 0, 0, 0, 0, 0, 0, 1024
10, 370, 97, 13, 15, 353, 166, 0, 5, 340, 129, 13, 14, 17, 495, 11, 0, 7, 334, 128, 18, 13, 14, 510
120, 818, 75, 10, 1, 0, 0, 0, 2, 827, 176, 17, 1, 1, 0, 0, 0, 124, 795, 94, 10, 1, 0, 0
319, 699, 6, 0, 0, 0, 0, 0, 17, 993, 14, 0, 0, 0, 0, 0, 16, 818, 186, 4, 0, 0, 0, 0
68, 946, 10, 0, 0, 0, 0, 0, 279, 741, 4, 0, 0, 0, 0, 0, 957, 66, 1, 0, 0, 0, 0, 0
686, 327, 11, 0, 0, 0, 0, 0, 835, 186, 3, 0, 0, 0, 0, 0, 1023, 1, 0, 0, 0, 0, 0, 0
720, 302, 2, 0, 0, 0, 0, 0, 908, 116, 0, 0, 0, 0, 0, 0, 1013, 11, 0, 0, 0, 0, 0, 0
778, 170, 25, 5, 12, 19, 9, 6, 911, 55, 9, 7, 23, 10, 9, 0, 932, 56, 10, 14, 10, 2, 0, 0
715, 147, 44, 33, 38, 47, 0, 0, 844, 42, 37, 38, 62, 1, 0, 0, 920, 83, 21, 0, 0, 0, 0, 0
708, 316, 0, 0, 0, 0, 0, 0, 1024, 0, 0, 0, 0, 0, 0, 0, 1024, 0, 0, 0, 0, 0, 0, 0
588, 436, 0, 0, 0, 0, 0, 0, 1024, 0, 0, 0, 0, 0, 0, 0, 1024, 0, 0, 0, 0, 0, 0, 0
13, 1011, 0, 0, 0, 0, 0, 0, 1014, 10, 0, 0, 0, 0, 0, 0, 1024, 0, 0, 0, 0, 0, 0, 0
7, 1017, 0, 0, 0, 0, 0, 0, 1001, 23, 0, 0, 0, 0, 0, 0, 1016, 8, 0, 0, 0, 0, 0, 0
49, 664, 284, 27, 0, 0, 0, 0, 503, 158, 116, 245, 2, 0, 0, 0, 467, 111, 86, 79, 83, 198, 0, 0
0, 602, 422, 0, 0, 0, 0, 0, 0, 0, 550, 474, 0, 0, 0, 0, 0, 0, 0, 0, 445, 579, 0, 0
0, 527, 321, 152, 23, 1, 0, 0, 0, 25, 898, 90, 11, 0, 0, 0, 5, 51, 173, 253, 542, 0, 0, 0
0, 25, 291, 469, 193, 43, 3, 0, 0, 113, 478, 337, 92, 4, 0, 0, 655, 256, 82, 28, 3, 0, 0, 0
0, 84, 499, 294, 123, 22, 2, 0, 0, 105, 508, 329, 78, 4, 0, 0, 997, 27, 0, 0, 0, 0, 0, 0
0, 7, 264, 342, 293, 108, 9, 1, 0, 52, 333, 388, 224, 25, 2, 0, 867, 137, 17, 3, 0, 0, 0, 0
0, 1, 62, 326, 438, 166, 31, 0, 0, 3, 124, 434, 377, 82, 4, 0, 867, 137, 20, 0, 0, 0, 0, 0
0, 1, 6, 40, 200, 427, 295, 55, 7, 29, 109, 281, 456, 135, 7, 0, 350, 350, 233, 83, 8, 0, 0, 0
0, 1, 9, 60, 218, 334, 262, 108, 9, 42, 161, 365, 310, 101, 4, 0, 243, 294, 279, 141, 31, 4, 0, 0
0, 0, 0, 0, 0, 412, 612, 0, 0, 0, 0, 0, 0, 0, 1024, 0, 0, 0, 0, 0, 0, 0, 0, 1024
0, 0, 0, 0, 396, 621, 7, 0, 0, 0, 0, 0, 0, 0, 1024, 0, 0, 0, 0, 0, 0, 0, 0, 1024
0, 0, 0, 0, 392, 632, 0, 0, 0, 0, 0, 0, 0, 0, 1024, 0, 0, 0, 0, 0, 0, 0, 0, 1024
0, 0, 0, 0, 631, 393, 0, 0, 0, 0, 0, 0, 0, 0, 1024, 0, 0, 0, 0, 0, 0, 0, 0, 1024
0, 0, 0, 0, 0, 1019, 5, 0, 0, 0, 0, 0, 0, 0, 1019, 5, 0, 0, 0, 0, 0, 0, 0, 1024
39, 477, 179, 36, 12, 234, 47, 0, 15, 424, 241, 47, 15, 8, 270, 4, 0, 15, 419, 223, 65, 18, 9, 275
132, 857, 30, 5, 0, 0, 0, 0, 13, 902, 100, 7, 2, 0, 0, 0, 0, 228, 707, 84, 3, 2, 0, 0
120, 886, 16, 2, 0, 0, 0, 0, 13, 977, 31, 3, 0, 0, 0, 0, 87, 711, 219, 5, 2, 0, 0, 0
56, 928, 40, 0, 0, 0, 0, 0, 179, 838, 7, 0, 0, 0, 0, 0, 1023, 1, 0, 0, 0, 0, 0, 0
724, 293, 7, 0, 0, 0, 0, 0, 895, 129, 0, 0, 0, 0, 0, 0, 1020, 4, 0, 0, 0, 0, 0, 0
964, 60, 0, 0, 0, 0, 0, 0, 1021, 3, 0, 0, 0, 0, 0, 0, 1024, 0, 0, 0, 0, 0, 0, 0
625, 246, 59, 22, 9, 20, 33, 10, 861, 66, 24, 11, 18, 33, 10, 1, 870, 77, 15, 18, 30, 14, 0, 0
450, 285, 120, 90, 56, 23, 0, 0, 709, 136, 94, 60, 24, 1, 0, 0, 857, 119, 42, 5, 1, 0, 0, 0
998, 26, 0, 0, 0, 0, 0, 0, 1024, 0, 0, 0, 0, 0, 0, 0, 1024, 0, 0, 0, 0, 0, 0, 0
672, 352, 0, 0, 0, 0, 0, 0, 1024, 0, 0, 0, 0, 0, 0, 0, 1024, 0, 0, 0, 0, 0, 0, 0
1, 1023, 0, 0, 0, 0, 0, 0, 999, 25, 0, 0, 0, 0, 0, 0, 1024, 0, 0, 0, 0, 0, 0, 0
1, 1023, 0, 0, 0, 0, 0, 0, 1020, 4, 0, 0, 0, 0, 0, 0, 1024, 0, 0, 0, 0, 0, 0, 0
54, 851, 113, 5, 1, 0, 0, 0, 743, 152, 80, 49, 0, 0, 0, 0, 666, 186, 60, 53, 45, 14, 0, 0
0, 614, 410, 0, 0, 0, 0, 0, 0, 29, 591, 404, 0, 0, 0, 0, 0, 8, 21, 17, 498, 480, 0, 0
0, 282, 415, 288, 39, 0, 0, 0, 0, 16, 741, 253, 14, 0, 0, 0, 53, 187, 185, 234, 359, 6, 0, 0
0, 5, 291, 536, 176, 15, 1, 0, 0, 90, 521, 342, 66, 5, 0, 0, 723, 225, 66, 10, 0, 0, 0, 0
0, 9, 304, 539, 145, 25, 2, 0, 0, 22, 375, 474, 134, 19, 0, 0, 965, 54, 5, 0, 0, 0, 0, 0
0, 13, 304, 456, 218, 33, 0, 0, 0, 3, 305, 514, 195, 7, 0, 0, 980, 44, 0, 0, 0, 0, 0, 0
0, 0, 59, 306, 403, 235, 21, 0, 0, 8, 178, 424, 354, 59, 1, 0, 822, 185, 17, 0, 0, 0, 0, 0
0, 0, 5, 82, 283, 379, 218, 57, 11, 57, 216, 396, 274, 64, 6, 0, 348, 364, 222, 78, 12, 0, 0, 0
0, 0, 13, 65, 206, 374, 259, 75, 4, 48, 171, 426, 274, 62, 6, 1, 252, 338, 287, 90, 20, 2, 3, 0
0, 0, 0, 0, 84, 690, 250, 0, 0, 0, 0, 0, 0, 10, 1014, 0, 0, 0, 0, 0, 0, 0, 0, 1024
0, 0, 0, 0, 980, 44, 0, 0, 0, 0, 0, 0, 0, 283, 741, 0, 0, 0, 0, 0, 0, 0, 0, 1024
0, 0, 0, 0, 665, 359, 0, 0, 0, 0, 0, 0, 0, 50, 974, 0, 0, 0, 0, 0, 0, 0, 0, 1024
0, 0, 0, 0, 767, 257, 0, 0, 0, 0, 0, 0, 0, 0, 1024, 0, 0, 0, 0, 0, 0, 0, 0, 1024
0, 0, 0, 0, 0, 1024, 0, 0, 0, 0, 0, 0, 0, 0, 1024, 0, 0, 0, 0, 0, 0, 0, 0, 1024
127, 493, 165, 50, 25, 127, 36, 1, 52, 486, 226, 58, 32, 30, 137, 3, 0, 30, 495, 232, 69, 23, 31, 144
196, 814, 13, 1, 0, 0, 0, 0, 14, 980, 27, 3, 0, 0, 0, 0, 0, 404, 606, 13, 1, 0, 0, 0
250, 774, 0, 0, 0, 0, 0, 0, 42, 982, 0, 0, 0, 0, 0, 0, 128, 854, 42, 0, 0, 0, 0, 0
83, 907, 34, 0, 0, 0, 0, 0, 210, 810, 4, 0, 0, 0, 0, 0, 1022, 2, 0, 0, 0, 0, 0, 0
554, 465, 5, 0, 0, 0, 0, 0, 755, 269, 0, 0, 0, 0, 0, 0, 1019, 5, 0, 0, 0, 0, 0, 0
638, 383, 3, 0, 0, 0, 0, 0, 936, 88, 0, 0, 0, 0, 0, 0, 1001, 23, 0, 0, 0, 0, 0, 0
439, 333, 67, 77, 50, 21, 30, 7, 772, 83, 78, 36, 17, 31, 7, 0, 770, 104, 72, 29, 14, 33, 2, 0
269, 314, 151, 176, 86, 21, 5, 2, 569, 169, 154, 102, 20, 7, 3, 0, 634, 202, 137, 34, 11, 4, 2, 0
714, 306, 4, 0, 0, 0, 0, 0, 1017, 7, 0, 0, 0, 0, 0, 0, 1018, 6, 0, 0, 0, 0, 0, 0
722, 302, 0, 0, 0, 0, 0, 0, 1024, 0, 0, 0, 0, 0, 0, 0, 1024, 0, 0, 0, 0, 0, 0, 0
213, 811, 0, 0, 0, 0, 0, 0, 1023, 1, 0, 0, 0, 0, 0, 0, 1024, 0, 0, 0, 0, 0, 0, 0
20, 1004, 0, 0, 0, 0, 0, 0, 1024, 0, 0, 0, 0, 0, 0, 0, 1024, 0, 0, 0, 0, 0, 0, 0
53, 848, 111, 12, 0, 0, 0, 0, 754, 151, 63, 56, 0, 0, 0, 0, 743, 143, 45, 23, 27, 40, 3, 0
50, 735, 239, 0, 0, 0, 0, 0, 39, 86, 571, 328, 0, 0, 0, 0, 5, 65, 34, 55, 404, 461, 0, 0
0, 495, 346, 165, 18, 0, 0, 0, 0, 19, 831, 161, 13, 0, 0, 0, 67, 206, 132, 148, 470, 1, 0, 0
0, 13, 348, 388, 218, 42, 12, 3, 0, 79, 484, 352, 91, 15, 3, 0, 799, 177, 38, 9, 1, 0, 0, 0
0, 64, 507, 344, 105, 4, 0, 0, 0, 46, 467, 385, 118, 8, 0, 0, 954, 70, 0, 0, 0, 0, 0, 0
0, 57, 362, 365, 205, 34, 1, 0, 0, 32, 373, 461, 146, 12, 0, 0, 876, 132, 15, 1, 0, 0, 0, 0
0, 1, 40, 277, 465, 204, 32, 5, 0, 13, 179, 520, 271, 37, 3, 1, 684, 273, 58, 6, 2, 1, 0, 0
0, 1, 22, 127, 308, 392, 157, 17, 8, 56, 213, 340, 297, 101, 9, 0, 293, 408, 259, 55, 7, 2, 0, 0
0, 0, 4, 81, 312, 382, 188, 25, 1, 30, 144, 438, 316, 61, 2, 0, 351, 394, 194, 50, 3, 0, 0, 0
0, 0, 0, 0, 344, 672, 8, 0, 0, 0, 0, 0, 0, 220, 804, 0, 0, 0, 0, 0, 0, 0, 0, 1024
0, 0, 0, 0, 1024, 0, 0, 0, 0, 0, 0, 0, 0, 869, 155, 0, 0, 0, 0, 0, 0, 0, 0, 1024
0, 0, 0, 0, 906, 118, 0, 0, 0, 0, 0, 0, 0, 267, 757, 0, 0, 0, 0, 0, 0, 0, 0, 1024
0, 0, 0, 0, 790, 234, 0, 0, 0, 0, 0, 0, 0, 0, 1024, 0, 0, 0, 0, 0, 0, 0, 0, 1024
0, 9, 9, 7, 27, 952, 19, 1, 0, 9, 9, 7, 11, 41, 946, 1, 0, 4, 8, 6, 8, 10, 43, 945
183, 599, 140, 58, 30, 12, 2, 0, 37, 674, 185, 79, 32, 11, 5, 1, 0, 35, 649, 205, 82, 35, 12, 6
308, 702, 7, 6, 1, 0, 0, 0, 21, 952, 43, 6, 1, 1, 0, 0, 0, 413, 595, 9, 6, 1, 0, 0
132, 885, 7, 0, 0, 0, 0, 0, 19, 996, 9, 0, 0, 0, 0, 0, 187, 815, 21, 1, 0, 0, 0, 0
208, 741, 69, 1, 2, 0, 2, 1, 382, 618, 18, 1, 2, 1, 1, 1, 905, 109, 5, 2, 0, 2, 1, 0
536, 465, 23, 0, 0, 0, 0, 0, 818, 202, 4, 0, 0, 0, 0, 0, 823, 196, 5, 0, 0, 0, 0, 0
450, 534, 33, 6, 1, 0, 0, 0, 853, 150, 19, 2, 0, 0, 0, 0, 772, 226, 24, 2, 0, 0, 0, 0
222, 519, 112, 76, 50, 33, 12, 0, 691, 173, 88, 28, 33, 11, 0, 0, 751, 158, 56, 30, 27, 2, 0, 0
22, 524, 241, 170, 48, 16, 3, 0, 490, 295, 153, 63, 19, 4, 0, 0, 615, 255, 109, 32, 12, 1, 0, 0
481, 538, 5, 0, 0, 0, 0, 0, 1008, 16, 0, 0, 0, 0, 0, 0, 1019, 5, 0, 0, 0, 0, 0, 0
677, 347, 0, 0, 0, 0, 0, 0, 1024, 0, 0, 0, 0, 0, 0, 0, 1024, 0, 0, 0, 0, 0, 0, 0
483, 537, 4, 0, 0, 0, 0, 0, 1019, 5, 0, 0, 0, 0, 0, 0, 1020, 4, 0, 0, 0, 0, 0, 0
46, 978, 0, 0, 0, 0, 0, 0, 1024, 0, 0, 0, 0, 0, 0, 0, 1024, 0, 0, 0, 0, 0, 0, 0
62, 959, 3, 0, 0, 0, 0, 0, 943, 79, 2, 0, 0, 0, 0, 0, 923, 98, 3, 0, 0, 0, 0, 0
35, 590, 389, 10, 0, 0, 0, 0, 75, 88, 585, 276, 0, 0, 0, 0, 80, 47, 55, 56, 353, 433, 0, 0
0, 619, 295, 100, 10, 0, 0, 0, 0, 16, 914, 87, 7, 0, 0, 0, 4, 49, 118, 217, 628, 8, 0, 0
0, 24, 333, 383, 274, 10, 0, 0, 0, 75, 410, 400, 137, 2, 0, 0, 818, 180, 26, 0, 0, 0, 0, 0
0, 114, 538, 315, 55, 2, 0, 0, 0, 81, 564, 326, 51, 2, 0, 0, 974, 45, 5, 0, 0, 0, 0, 0
0, 52, 484, 424, 61, 3, 0, 0, 0, 79, 517, 367, 60, 1, 0, 0, 929, 89, 6, 0, 0, 0, 0, 0
0, 6, 180, 594, 209, 32, 3, 0, 0, 43, 521, 408, 47, 5, 0, 0, 873, 132, 17, 2, 0, 0, 0, 0
0, 0, 66, 214, 287, 292, 140, 25, 11, 122, 356, 343, 162, 30, 0, 0, 454, 353, 172, 43, 2, 0, 0, 0
0, 5, 22, 82, 243, 329, 245, 66, 31, 74, 184, 342, 291, 69, 1, 0, 231, 311, 284, 141, 24, 1, 0, 0
0, 0, 0, 0, 541, 483, 0, 0, 0, 0, 0, 0, 0, 476, 548, 0, 0, 0, 0, 0, 0, 0, 0, 1024
0, 0, 0, 0, 1024, 0, 0, 0, 0, 0, 0, 0, 0, 698, 326, 0, 0, 0, 0, 0, 0, 0, 0, 1024
0, 0, 0, 0, 1024, 0, 0, 0, 0, 0, 0, 0, 0, 596, 428, 0, 0, 0, 0, 0, 0, 0, 0, 1024
0, 0, 0, 0, 824, 200, 0, 0, 0, 0, 0, 0, 0, 10, 1014, 0, 0, 0, 0, 0, 0, 0, 0, 1024
5, 60, 76, 49, 54, 710, 56, 14, 8, 68, 64, 60, 45, 88, 683, 8, 0, 7, 75, 52, 60, 44, 68, 718
132, 740, 114, 28, 8, 2, 0, 0, 7, 740, 203, 57, 14, 2, 1, 0, 0, 36, 721, 191, 60, 13, 3, 0
268, 730, 20, 6, 0, 0, 0, 0, 40, 918, 57, 9, 0, 0, 0, 0, 0, 354, 636, 27, 7, 0, 0, 0
97, 927, 0, 0, 0, 0, 0, 0, 22, 1000, 2, 0, 0, 0, 0, 0, 280, 688, 56, 0, 0, 0, 0, 0
146, 837, 41, 0, 0, 0, 0, 0, 311, 699, 14, 0, 0, 0, 0, 0, 1016, 8, 0, 0, 0, 0, 0, 0
912, 112, 0, 0, 0, 0, 0, 0, 991, 33, 0, 0, 0, 0, 0, 0, 1024, 0, 0, 0, 0, 0, 0, 0
903, 103, 8, 6, 4, 0, 0, 0, 998, 12, 7, 5, 2, 0, 0, 0, 1002, 10, 6, 5, 1, 0, 0, 0
597, 309, 81, 17, 17, 3, 0, 0, 868, 110, 21, 19, 6, 0, 0, 0, 870, 117, 20, 13, 4, 0, 0, 0
283, 416, 203, 67, 28, 23, 3, 1, 616, 247, 95, 35, 27, 4, 0, 0, 646, 250, 71, 30, 23, 4, 0, 0
704, 320, 0, 0, 0, 0, 0, 0, 1024, 0, 0, 0, 0, 0, 0, 0, 1024, 0, 0, 0, 0, 0, 0, 0
1023, 1, 0, 0, 0, 0, 0, 0, 1024, 0, 0, 0, 0, 0, 0, 0, 1024, 0, 0, 0, 0, 0, 0, 0
549, 475, 0, 0, 0, 0, 0, 0, 1023, 1, 0, 0, 0, 0, 0, 0, 1024, 0, 0, 0, 0, 0, 0, 0
17, 1007, 0, 0, 0, 0, 0, 0, 1023, 1, 0, 0, 0, 0, 0, 0, 1024, 0, 0, 0, 0, 0, 0, 0
112, 909, 3, 0, 0, 0, 0, 0, 993, 31, 0, 0, 0, 0, 0, 0, 1000, 23, 1, 0, 0, 0, 0, 0
46, 674, 301, 3, 0, 0, 0, 0, 187, 257, 393, 187, 0, 0, 0, 0, 195, 201, 97, 76, 334, 121, 0, 0
0, 499, 376, 125, 23, 1, 0, 0, 0, 31, 805, 170, 17, 1, 0, 0, 33, 138, 176, 129, 530, 18, 0, 0
0, 19, 353, 523, 122, 7, 0, 0, 0, 32, 433, 458, 98, 3, 0, 0, 802, 164, 42, 16, 0, 0, 0, 0
0, 57, 303, 482, 167, 15, 0, 0, 0, 45, 328, 484, 156, 11, 0, 0, 905, 111, 8, 0, 0, 0, 0, 0
0, 37, 553, 340, 92, 2, 0, 0, 0, 136, 522, 299, 66, 1, 0, 0, 956, 59, 9, 0, 0, 0, 0, 0
0, 50, 401, 392, 156, 24, 1, 0, 2, 232, 521, 210, 51, 8, 0, 0, 782, 180, 46, 14, 2, 0, 0, 0
0, 13, 92, 294, 364, 204, 48, 9, 7, 222, 432, 273, 79, 10, 1, 0, 574, 322, 104, 20, 3, 1, 0, 0
0, 5, 29, 68, 153, 276, 320, 141, 38, 81, 177, 325, 285, 79, 7, 0, 146, 215, 309, 240, 80, 2, 0, 0
0, 0, 0, 10, 717, 297, 0, 0, 0, 0, 0, 0, 0, 588, 436, 0, 0, 0, 0, 0, 0, 0, 0, 1024
0, 0, 0, 0, 1024, 0, 0, 0, 0, 0, 0, 0, 0, 871, 153, 0, 0, 0, 0, 0, 0, 0, 0, 1024
0, 0, 0, 0, 1024, 0, 0, 0, 0, 0, 0, 0, 0, 226, 798, 0, 0, 0, 0, 0, 0, 0, 0, 1024
0, 0, 0, 0, 448, 576, 0, 0, 0, 0, 0, 0, 0, 38, 986, 0, 0, 0, 0, 0, 0, 0, 0, 1024
7, 217, 72, 55, 49, 436, 167, 21, 6, 198, 87, 58, 45, 74, 545, 11, 0, 10, 189, 89, 56, 36, 70, 574
199, 800, 21, 4, 0, 0, 0, 0, 21, 936, 60, 7, 0, 0, 0, 0, 0, 219, 779, 22, 4, 0, 0, 0
176, 779, 56, 13, 0, 0, 0, 0, 15, 891, 98, 16, 4, 0, 0, 0, 0, 535, 439, 41, 9, 0, 0, 0
101, 923, 0, 0, 0, 0, 0, 0, 13, 1011, 0, 0, 0, 0, 0, 0, 333, 686, 5, 0, 0, 0, 0, 0
226, 783, 15, 0, 0, 0, 0, 0, 374, 650, 0, 0, 0, 0, 0, 0, 1024, 0, 0, 0, 0, 0, 0, 0
539, 471, 14, 0, 0, 0, 0, 0, 691, 325, 8, 0, 0, 0, 0, 0, 994, 30, 0, 0, 0, 0, 0, 0
716, 299, 8, 1, 0, 0, 0, 0, 874, 145, 4, 1, 0, 0, 0, 0, 970, 49, 4, 1, 0, 0, 0, 0
804, 176, 27, 11, 6, 0, 0, 0, 943, 55, 15, 9, 2, 0, 0, 0, 949, 48, 18, 7, 2, 0, 0, 0
442, 414, 125, 29, 7, 6, 1, 0, 727, 216, 54, 16, 7, 4, 0, 0, 767, 193, 39, 15, 8, 2, 0, 0
567, 457, 0, 0, 0, 0, 0, 0, 1018, 6, 0, 0, 0, 0, 0, 0, 1024, 0, 0, 0, 0, 0, 0, 0
760, 264, 0, 0, 0, 0, 0, 0, 1024, 0, 0, 0, 0, 0, 0, 0, 1024, 0, 0, 0, 0, 0, 0, 0
536, 488, 0, 0, 0, 0, 0, 0, 1024, 0, 0, 0, 0, 0, 0, 0, 1024, 0, 0, 0, 0, 0, 0, 0
79, 945, 0, 0, 0, 0, 0, 0, 1024, 0, 0, 0, 0, 0, 0, 0, 1024, 0, 0, 0, 0, 0, 0, 0
97, 927, 0, 0, 0, 0, 0, 0, 1024, 0, 0, 0, 0, 0, 0, 0, 1024, 0, 0, 0, 0, 0, 0, 0
81, 348, 312, 180, 77, 25, 1, 0, 241, 128, 269, 273, 89, 24, 0, 0, 263, 99, 67, 116, 330, 139, 10, 0
0, 227, 568, 200, 25, 3, 1, 0, 0, 71, 594, 350, 7, 2, 0, 0, 204, 150, 83, 121, 432, 34, 0, 0
0, 11, 237, 550, 201, 23, 2, 0, 1, 54, 277, 545, 136, 10, 1, 0, 801, 202, 21, 0, 0, 0, 0, 0
0, 1, 344, 523, 149, 7, 0, 0, 0, 17, 414, 486, 104, 3, 0, 0, 933, 87, 4, 0, 0, 0, 0, 0
0, 20, 433, 469, 84, 16, 2, 0, 0, 168, 601, 235, 20, 0, 0, 0, 927, 83, 14, 0, 0, 0, 0, 0
0, 54, 323, 396, 205, 39, 7, 0, 4, 195, 422, 313, 84, 6, 0, 0, 545, 345, 112, 19, 3, 0, 0, 0
0, 2, 63, 349, 374, 186, 45, 5, 16, 196, 419, 277, 100, 16, 0, 0, 473, 357, 152, 38, 4, 0, 0, 0
0, 1, 21, 67, 205, 295, 303, 100, 36, 128, 246, 322, 218, 40, 2, 0, 136, 262, 301, 236, 53, 4, 0, 0
0, 0, 0, 260, 741, 23, 0, 0, 0, 0, 0, 0, 0, 770, 254, 0, 0, 0, 0, 0, 0, 0, 0, 1024
0, 0, 0, 221, 803, 0, 0, 0, 0, 0, 0, 0, 0, 995, 29, 0, 0, 0, 0, 0, 0, 0, 0, 1024
0, 0, 0, 0, 1024, 0, 0, 0, 0, 0, 0, 0, 0, 216, 808, 0, 0, 0, 0, 0, 0, 0, 0, 1024
0, 0, 0, 0, 217, 807, 0, 0, 0, 0, 0, 0, 0, 0, 1024, 0, 0, 0, 0, 0, 0, 0, 0, 1024
2, 264, 44, 19, 20, 284, 255, 136, 1, 211, 93, 23, 22, 25, 455, 194, 0, 4, 268, 42, 20, 19, 21, 650
54, 958, 12, 0, 0, 0, 0, 0, 0, 945, 77, 2, 0, 0, 0, 0, 0, 220, 785, 19, 0, 0, 0, 0
298, 707, 14, 5, 0, 0, 0, 0, 10, 967, 37, 10, 0, 0, 0, 0, 0, 734, 272, 12, 6, 0, 0, 0
143, 852, 29, 0, 0, 0, 0, 0, 12, 992, 20, 0, 0, 0, 0, 0, 444, 549, 31, 0, 0, 0, 0, 0
157, 816, 51, 0, 0, 0, 0, 0, 275, 734, 15, 0, 0, 0, 0, 0, 1022, 2, 0, 0, 0, 0, 0, 0
240, 735, 49, 0, 0, 0, 0, 0, 485, 509, 30, 0, 0, 0, 0, 0, 1003, 21, 0, 0, 0, 0, 0, 0
324, 688, 12, 0, 0, 0, 0, 0, 602, 417, 5, 0, 0, 0, 0, 0, 1006, 18, 0, 0, 0, 0, 0, 0
460, 472, 89, 3, 0, 0, 0, 0, 631, 359, 34, 0, 0, 0, 0, 0, 967, 55, 2, 0, 0, 0, 0, 0
239, 272, 261, 161, 80, 6, 5, 0, 388, 281, 211, 108, 30, 5, 1, 0, 743, 211, 49, 13, 7, 1, 0, 0
412, 599, 13, 0, 0, 0, 0, 0, 828, 196, 0, 0, 0, 0, 0, 0, 1024, 0, 0, 0, 0, 0, 0, 0
523, 500, 1, 0, 0, 0, 0, 0, 1014, 10, 0, 0, 0, 0, 0, 0, 1023, 1, 0, 0, 0, 0, 0, 0
765, 259, 0, 0, 0, 0, 0, 0, 1024, 0, 0, 0, 0, 0, 0, 0, 1024, 0, 0, 0, 0, 0, 0, 0
437, 587, 0, 0, 0, 0, 0, 0, 1021, 3, 0, 0, 0, 0, 0, 0, 1024, 0, 0, 0, 0, 0, 0, 0
1, 1023, 0, 0, 0, 0, 0, 0, 1017, 7, 0, 0, 0, 0, 0, 0, 1024, 0, 0, 0, 0, 0, 0, 0
32, 373, 203, 76, 102, 180, 58, 0, 306, 133, 85, 160, 100, 213, 27, 0, 294, 144, 51, 32, 158, 132, 201, 12
0, 104, 776, 139, 5, 0, 0, 0, 0, 99, 535, 385, 5, 0, 0, 0, 371, 147, 91, 100, 258, 57, 0, 0
0, 22, 405, 508, 76, 12, 1, 0, 0, 70, 418, 490, 44, 2, 0, 0, 949, 68, 7, 0, 0, 0, 0, 0
0, 192, 553, 251, 28, 0, 0, 0, 11, 389, 481, 134, 9, 0, 0, 0, 1006, 18, 0, 0, 0, 0, 0, 0
0, 42, 590, 328, 55, 9, 0, 0, 7, 332, 564, 100, 18, 3, 0, 0, 899, 107, 18, 0, 0, 0, 0, 0
0, 135, 483, 287, 94, 21, 4, 0, 19, 379, 449, 143, 29, 5, 0, 0, 808, 175, 33, 8, 0, 0, 0, 0
0, 8, 142, 367, 297, 142, 62, 6, 20, 240, 373, 260, 115, 16, 0, 0, 568, 283, 123, 47, 3, 0, 0, 0
0, 5, 24, 103, 178, 279, 285, 118, 30, 127, 225, 300, 242, 67, 1, 0, 169, 222, 332, 204, 64, 1, 0, 0
0, 0, 0, 581, 440, 3, 0, 0, 0, 0, 0, 0, 0, 860, 164, 0, 0, 0, 0, 0, 0, 0, 0, 1024
0, 0, 0, 528, 496, 0, 0, 0, 0, 0, 0, 0, 0, 1014, 10, 0, 0, 0, 0, 0, 0, 0, 0, 1024
0, 0, 0, 0, 1024, 0, 0, 0, 0, 0, 0, 0, 0, 469, 555, 0, 0, 0, 0, 0, 0, 0, 0, 1024
0, 0, 0, 0, 301, 713, 10, 0, 0, 0, 0, 0, 0, 17, 1007, 0, 0, 0, 0, 0, 0, 0, 0, 1024
5, 370, 64, 17, 13, 69, 164, 322, 4, 267, 164, 23, 13, 16, 293, 244, 0, 15, 313, 109, 23, 15, 19, 530
37, 987, 0, 0, 0, 0, 0, 0, 0, 986, 38, 0, 0, 0, 0, 0, 19, 534, 471, 0, 0, 0, 0, 0
184, 824, 13, 3, 0, 0, 0, 0, 146, 858, 16, 3, 1, 0, 0, 0, 359, 585, 70, 7, 2, 1, 0, 0
222, 704, 98, 0, 0, 0, 0, 0, 502, 464, 58, 0, 0, 0, 0, 0, 937, 87, 0, 0, 0, 0, 0, 0
501, 478, 45, 0, 0, 0, 0, 0, 694, 305, 25, 0, 0, 0, 0, 0, 1024, 0, 0, 0, 0, 0, 0, 0
541, 471, 12, 0, 0, 0, 0, 0, 784, 235, 5, 0, 0, 0, 0, 0, 1022, 2, 0, 0, 0, 0, 0, 0
474, 529, 21, 0, 0, 0, 0, 0, 661, 356, 7, 0, 0, 0, 0, 0, 997, 27, 0, 0, 0, 0, 0, 0
509, 463, 48, 4, 0, 0, 0, 0, 708, 290, 26, 0, 0, 0, 0, 0, 971, 49, 4, 0, 0, 0, 0, 0
167, 355, 209, 189, 87, 17, 0, 0, 340, 282, 184, 177, 41, 0, 0, 0, 869, 135, 20, 0, 0, 0, 0, 0
362, 616, 27, 2, 4, 4, 3, 6, 803, 202, 2, 3, 4, 3, 3, 4, 995, 10, 2, 3, 4, 3, 4, 3
862, 162, 0, 0, 0, 0, 0, 0, 1006, 18, 0, 0, 0, 0, 0, 0, 1024, 0, 0, 0, 0, 0, 0, 0
1006, 18, 0, 0, 0, 0, 0, 0, 1024, 0, 0, 0, 0, 0, 0, 0, 1024, 0, 0, 0, 0, 0, 0, 0
883, 141, 0, 0, 0, 0, 0, 0, 1024, 0, 0, 0, 0, 0, 0, 0, 1024, 0, 0, 0, 0, 0, 0, 0
605, 419, 0, 0, 0, 0, 0, 0, 1024, 0, 0, 0, 0, 0, 0, 0, 1024, 0, 0, 0, 0, 0, 0, 0
154, 424, 116, 103, 111, 89, 27, 0, 520, 83, 114, 104, 92, 101, 10, 0, 522, 62, 77, 96, 106, 98, 61, 2
0, 30, 377, 474, 136, 7, 0, 0, 1, 29, 363, 492, 134, 5, 0, 0, 329, 131, 183, 154, 152, 73, 2, 0
0, 22, 220, 618, 155, 9, 0, 0, 0, 20, 358, 564, 79, 3, 0, 0, 982, 40, 2, 0, 0, 0, 0, 0
0, 1, 178, 580, 253, 11, 1, 0, 0, 20, 435, 496, 70, 3, 0, 0, 750, 252, 20, 2, 0, 0, 0, 0
0, 230, 513, 233, 48, 0, 0, 0, 11, 471, 448, 93, 1, 0, 0, 0, 944, 80, 0, 0, 0, 0, 0, 0
0, 123, 567, 275, 52, 7, 0, 0, 14, 450, 460, 89, 9, 2, 0, 0, 899, 111, 12, 2, 0, 0, 0, 0
0, 14, 205, 364, 251, 141, 48, 1, 17, 269, 467, 200, 67, 3, 1, 0, 606, 255, 130, 30, 3, 0, 0, 0
0, 0, 12, 65, 174, 212, 346, 183, 16, 117, 173, 271, 314, 96, 5, 0, 118, 187, 276, 319, 80, 11, 1, 0
