0, 14, 17, 19, 24, 28, 278, 644, 0, 0, 19, 21, 21, 21, 180, 762, 0, 8, 19, 15, 25, 21, 37, 899
9, 668, 316, 11, 13, 2, 4, 1, 0, 632, 347, 21, 10, 8, 3, 3, 65, 840, 87, 12, 11, 4, 3, 2
12, 887, 125, 0, 0, 0, 0, 0, 0, 988, 36, 0, 0, 0, 0, 0, 111, 907, 6, 0, 0, 0, 0, 0
0, 388, 134, 51, 158, 267, 26, 0, 13, 446, 69, 50, 138, 280, 28, 0, 40, 426, 69, 42, 133, 272, 42, 0
111, 309, 228, 308, 68, 0, 0, 0, 53, 271, 249, 348, 103, 0, 0, 0, 235, 267, 167, 240, 115, 0, 0, 0
39, 309, 96, 99, 123, 297, 61, 0, 0, 311, 117, 101, 93, 252, 150, 0, 106, 241, 84, 84, 86, 187, 235, 1
0, 9, 7, 24, 270, 657, 57, 0, 0, 1, 11, 10, 150, 686, 166, 0, 0, 10, 7, 8, 66, 489, 442, 2
0, 12, 25, 46, 276, 418, 247, 0, 0, 8, 15, 39, 143, 513, 306, 0, 3, 10, 18, 34, 90, 484, 382, 3
0, 81, 80, 127, 138, 281, 317, 0, 0, 49, 96, 117, 152, 241, 369, 0, 53, 64, 72, 122, 118, 204, 382, 9
50, 104, 97, 112, 182, 250, 225, 4, 45, 93, 109, 119, 176, 252, 227, 3, 94, 97, 96, 114, 178, 226, 214, 5
287, 86, 358, 244, 44, 5, 0, 0, 298, 222, 366, 126, 11, 1, 0, 0, 399, 409, 191, 23, 2, 0, 0, 0
257, 263, 351, 114, 33, 6, 0, 0, 323, 428, 202, 56, 15, 0, 0, 0, 493, 394, 104, 27, 6, 0, 0, 0
220, 453, 269, 76, 6, 0, 0, 0, 309, 557, 138, 19, 1, 0, 0, 0, 642, 332, 45, 5, 0, 0, 0, 0
144, 416, 406, 53, 5, 0, 0, 0, 155, 628, 219, 22, 0, 0, 0, 0, 613, 362, 44, 5, 0, 0, 0, 0
101, 551, 357, 14, 1, 0, 0, 0, 124, 805, 92, 3, 0, 0, 0, 0, 778, 237, 8, 1, 0, 0, 0, 0
36, 237, 396, 287, 63, 5, 0, 0, 80, 368, 422, 140, 12, 2, 0, 0, 373, 440, 185, 23, 3, 0, 0, 0
7, 379, 242, 204, 186, 6, 0, 0, 49, 464, 260, 229, 22, 0, 0, 0, 439, 279, 246, 60, 0, 0, 0, 0
8, 260, 447, 273, 36, 0, 0, 0, 141, 453, 353, 76, 1, 0, 0, 0, 379, 463, 167, 15, 0, 0, 0, 0
6, 428, 302, 32, 0, 0, 0, 0, 30, 536, 194, 8, 0, 0, 0, 0, 503, 249, 16, 0, 0, 0, 0, 0
0, 1, 2, 1, 2, 10, 327, 681, 0, 1, 1, 1, 1, 5, 218, 797, 0, 1, 2, 1, 3, 9, 16, 992
173, 652, 82, 19, 23, 16, 29, 30, 35, 738, 127, 21, 16, 20, 25, 42, 546, 345, 26, 17, 18, 20, 23, 29
58, 959, 7, 0, 0, 0, 0, 0, 9, 1015, 0, 0, 0, 0, 0, 0, 376, 648, 0, 0, 0, 0, 0, 0
0, 347, 113, 68, 141, 250, 105, 0, 0, 415, 52, 52, 125, 233, 147, 0, 6, 417, 45, 65, 131, 181, 179, 0
276, 370, 135, 155, 87, 1, 0, 0, 204, 384, 161, 146, 125, 4, 0, 0, 484, 202, 114, 116, 107, 1, 0, 0
158, 180, 44, 44, 77, 227, 294, 0, 144, 182, 50, 42, 62, 130, 414, 0, 279, 66, 29, 38, 50, 96, 466, 0
13, 95, 88, 120, 141, 285, 282, 0, 5, 71, 91, 104, 137, 203, 413, 0, 47, 77, 71, 97, 119, 150, 459, 4
8, 10, 13, 14, 76, 521, 382, 0, 8, 6, 16, 11, 56, 362, 563, 2, 6, 8, 17, 8, 33, 176, 765, 11
0, 2, 3, 18, 63, 279, 637, 22, 0, 2, 3, 17, 65, 269, 645, 23, 0, 2, 2, 16, 64, 244, 644, 52
5, 24, 61, 110, 249, 389, 182, 4, 6, 26, 65, 111, 265, 371, 176, 4, 9, 32, 68, 125, 252, 359, 173, 6
5, 131, 367, 289, 143, 78, 11, 0, 21, 310, 358, 153, 117, 60, 5, 0, 129, 423, 197, 133, 89, 52, 1, 0
47, 182, 484, 222, 70, 18, 1, 0, 79, 449, 346, 116, 33, 1, 0, 0, 246, 543, 162, 65, 7, 1, 0, 0
111, 519, 346, 41, 7, 0, 0, 0, 253, 630, 126, 13, 2, 0, 0, 0, 609, 371, 37, 7, 0, 0, 0, 0
192, 442, 339, 40, 11, 0, 0, 0, 271, 600, 127, 23, 3, 0, 0, 0, 712, 266, 40, 6, 0, 0, 0, 0
219, 670, 131, 2, 2, 0, 0, 0, 254, 725, 43, 2, 0, 0, 0, 0, 915, 106, 1, 2, 0, 0, 0, 0
270, 220, 332, 131, 64, 7, 0, 0, 347, 398, 176, 88, 15, 0, 0, 0, 558, 298, 122, 42, 4, 0, 0, 0
310, 428, 212, 54, 16, 4, 0, 0, 364, 534, 102, 17, 7, 0, 0, 0, 782, 198, 29, 15, 0, 0, 0, 0
315, 480, 155, 65, 8, 1, 0, 0, 474, 416, 112, 19, 3, 0, 0, 0, 791, 176, 49, 8, 0, 0, 0, 0
51, 446, 263, 8, 0, 0, 0, 0, 63, 544, 159, 2, 0, 0, 0, 0, 547, 216, 5, 0, 0, 0, 0, 0
776, 54, 10, 7, 16, 19, 74, 68, 791, 33, 13, 6, 11, 17, 38, 115, 818, 11, 10, 10, 11, 22, 22, 120
821, 151, 10, 11, 13, 7, 9, 2, 805, 166, 10, 10, 15, 7, 8, 3, 928, 48, 10, 11, 13, 8, 4, 2
607, 417, 0, 0, 0, 0, 0, 0, 595, 429, 0, 0, 0, 0, 0, 0, 738, 286, 0, 0, 0, 0, 0, 0
431, 165, 82, 93, 91, 122, 40, 0, 432, 203, 67, 54, 93, 108, 67, 0, 497, 157, 60, 53, 91, 90, 76, 0
675, 296, 33, 20, 0, 0, 0, 0, 627, 315, 53, 22, 7, 0, 0, 0, 859, 127, 25, 13, 0, 0, 0, 0
377, 304, 94, 90, 45, 56, 58, 0, 342, 303, 115, 98, 48, 44, 74, 0, 567, 140, 81, 75, 42, 37, 79, 3
213, 189, 124, 121, 129, 195, 53, 0, 179, 191, 129, 112, 128, 186, 98, 1, 297, 143, 95, 114, 107, 143, 123, 2
21, 76, 130, 116, 159, 356, 166, 0, 18, 52, 141, 109, 147, 306, 250, 1, 48, 104, 103, 110, 131, 243, 285, 0
89, 67, 93, 107, 133, 225, 307, 3, 83, 68, 89, 104, 129, 209, 336, 6, 114, 71, 91, 105, 122, 223, 288, 10
157, 93, 85, 168, 216, 229, 76, 0, 150, 101, 89, 158, 220, 226, 80, 0, 236, 45, 89, 185, 213, 205, 51, 0
137, 305, 307, 130, 89, 46, 10, 0, 232, 327, 223, 103, 85, 46, 8, 0, 391, 323, 103, 98, 73, 33, 3, 0
10, 220, 583, 203, 7, 1, 0, 0, 46, 459, 478, 40, 1, 0, 0, 0, 251, 684, 86, 3, 0, 0, 0, 0
11, 458, 428, 111, 16, 0, 0, 0, 97, 606, 267, 53, 1, 0, 0, 0, 451, 454, 103, 16, 0, 0, 0, 0
4, 485, 445, 74, 16, 0, 0, 0, 32, 699, 255, 34, 4, 0, 0, 0, 610, 355, 52, 7, 0, 0, 0, 0
1, 768, 245, 8, 2, 0, 0, 0, 25, 963, 30, 4, 2, 0, 0, 0, 911, 105, 6, 2, 0, 0, 0, 0
2, 357, 474, 163, 26, 2, 0, 0, 52, 656, 266, 48, 2, 0, 0, 0, 567, 366, 82, 9, 0, 0, 0, 0
6, 455, 339, 172, 45, 7, 0, 0, 49, 644, 241, 77, 13, 0, 0, 0, 584, 313, 104, 22, 1, 0, 0, 0
14, 526, 337, 109, 37, 1, 0, 0, 100, 618, 242, 62, 2, 0, 0, 0, 692, 248, 78, 5, 1, 0, 0, 0
11, 359, 236, 134, 28, 0, 0, 0, 67, 448, 207, 45, 1, 0, 0, 0, 448, 244, 69, 7, 0, 0, 0, 0
128, 121, 61, 52, 57, 82, 72, 451, 152, 81, 65, 64, 57, 76, 72, 457, 127, 119, 62, 49, 58, 78, 73, 458
838, 182, 2, 2, 0, 0, 0, 0, 750, 266, 6, 0, 2, 0, 0, 0, 999, 23, 0, 2, 0, 0, 0, 0
675, 341, 8, 0, 0, 0, 0, 0, 637, 382, 5, 0, 0, 0, 0, 0, 934, 90, 0, 0, 0, 0, 0, 0
559, 259, 77, 63, 43, 20, 3, 0, 529, 274, 74, 73, 48, 21, 5, 0, 723, 124, 55, 64, 35, 18, 5, 0
826, 191, 5, 2, 0, 0, 0, 0, 771, 245, 6, 2, 0, 0, 0, 0, 985, 36, 3, 0, 0, 0, 0, 0
864, 160, 0, 0, 0, 0, 0, 0, 839, 185, 0, 0, 0, 0, 0, 0, 991, 33, 0, 0, 0, 0, 0, 0
826, 153, 24, 9, 9, 3, 0, 0, 828, 142, 30, 12, 8, 4, 0, 0, 934, 53, 22, 6, 9, 0, 0, 0
900, 91, 9, 9, 8, 7, 0, 0, 920, 71, 10, 9, 7, 7, 0, 0, 958, 34, 7, 10, 9, 6, 0, 0
997, 27, 0, 0, 0, 0, 0, 0, 1004, 20, 0, 0, 0, 0, 0, 0, 1023, 1, 0, 0, 0, 0, 0, 0
905, 71, 14, 12, 9, 7, 6, 0, 910, 66, 14, 12, 10, 6, 6, 0, 960, 17, 13, 13, 10, 5, 6, 0
684, 268, 35, 18, 9, 7, 3, 0, 727, 227, 35, 16, 9, 8, 2, 0, 868, 96, 29, 15, 9, 6, 1, 0
335, 171, 406, 103, 9, 0, 0, 0, 371, 397, 227, 29, 0, 0, 0, 0, 516, 440, 63, 5, 0, 0, 0, 0
315, 422, 206, 69, 11, 1, 0, 0, 465, 379, 142, 34, 4, 0, 0, 0, 673, 279, 59, 12, 1, 0, 0, 0
101, 493, 331, 85, 13, 1, 0, 0, 203, 539, 234, 39, 9, 0, 0, 0, 640, 311, 62, 9, 2, 0, 0, 0
7, 564, 404, 40, 9, 0, 0, 0, 67, 854, 87, 16, 0, 0, 0, 0, 819, 174, 26, 5, 0, 0, 0, 0
15, 533, 321, 127, 28, 0, 0, 0, 121, 592, 226, 84, 1, 0, 0, 0, 643, 267, 110, 4, 0, 0, 0, 0
0, 409, 402, 155, 54, 4, 0, 0, 40, 532, 354, 91, 7, 0, 0, 0, 584, 312, 106, 22, 0, 0, 0, 0
2, 366, 574, 73, 9, 0, 0, 0, 77, 720, 203, 23, 1, 0, 0, 0, 663, 318, 41, 2, 0, 0, 0, 0
0, 183, 339, 180, 62, 4, 0, 0, 40, 371, 157, 147, 50, 3, 0, 0, 297, 221, 119, 110, 21, 0, 0, 0
367, 307, 127, 74, 53, 37, 32, 27, 300, 341, 136, 84, 56, 45, 30, 32, 512, 209, 97, 66, 51, 36, 25, 28
561, 258, 37, 24, 31, 26, 17, 70, 446, 356, 49, 27, 34, 28, 16, 68, 780, 64, 25, 22, 30, 23, 20, 60
712, 268, 44, 0, 0, 0, 0, 0, 711, 289, 24, 0, 0, 0, 0, 0, 881, 142, 1, 0, 0, 0, 0, 0
551, 273, 76, 58, 29, 24, 13, 0, 417, 378, 96, 58, 35, 23, 17, 0, 722, 131, 63, 47, 23, 25, 13, 0
536, 393, 80, 3, 9, 3, 0, 0, 465, 414, 128, 4, 9, 4, 0, 0, 687, 300, 22, 3, 10, 2, 0, 0
410, 227, 87, 75, 86, 86, 52, 1, 363, 245, 90, 74, 86, 91, 70, 5, 531, 106, 90, 66, 69, 83, 71, 8
116, 598, 132, 80, 54, 35, 9, 0, 48, 587, 185, 85, 62, 36, 20, 1, 567, 226, 78, 61, 49, 31, 12, 0
141, 79, 84, 90, 125, 171, 298, 36, 128, 82, 89, 80, 131, 160, 294, 60, 131, 82, 84, 93, 117, 162, 273, 82
401, 189, 90, 81, 101, 97, 61, 4, 356, 220, 92, 80, 99, 100, 70, 7, 471, 143, 76, 87, 97, 79, 65, 6
633, 179, 83, 51, 34, 27, 13, 4, 600, 195, 90, 54, 37, 30, 13, 5, 737, 111, 67, 41, 32, 21, 12, 3
483, 204, 154, 85, 51, 39, 8, 0, 477, 218, 146, 82, 51, 38, 12, 0, 561, 241, 88, 57, 37, 34, 6, 0
574, 127, 133, 157, 31, 2, 0, 0, 608, 148, 188, 76, 4, 0, 0, 0, 676, 187, 146, 13, 2, 0, 0, 0
725, 141, 101, 49, 8, 0, 0, 0, 756, 144, 101, 23, 0, 0, 0, 0, 813, 150, 53, 8, 0, 0, 0, 0
741, 221, 51, 11, 0, 0, 0, 0, 791, 204, 27, 2, 0, 0, 0, 0, 935, 79, 10, 0, 0, 0, 0, 0
77, 742, 133, 37, 35, 0, 0, 0, 85, 825, 69, 43, 2, 0, 0, 0, 870, 97, 43, 14, 0, 0, 0, 0
7, 470, 431, 83, 32, 1, 0, 0, 65, 630, 267, 57, 5, 0, 0, 0, 640, 302, 67, 15, 0, 0, 0, 0
5, 549, 459, 11, 0, 0, 0, 0, 42, 728, 254, 0, 0, 0, 0, 0, 701, 323, 0, 0, 0, 0, 0, 0
70, 623, 295, 32, 3, 1, 0, 0, 276, 632, 103, 12, 1, 0, 0, 0, 769, 224, 27, 3, 1, 0, 0, 0
0, 60, 327, 303, 72, 6, 0, 0, 3, 90, 339, 259, 71, 6, 0, 0, 65, 149, 346, 174, 31, 3, 0, 0
421, 424, 95, 50, 20, 11, 3, 0, 347, 450, 135, 55, 20, 13, 4, 0, 717, 180, 62, 35, 19, 9, 2, 0
829, 145, 23, 8, 13, 5, 1, 0, 775, 195, 24, 11, 12, 6, 1, 0, 925, 59, 17, 9, 10, 4, 0, 0
835, 135, 54, 0, 0, 0, 0, 0, 830, 144, 50, 0, 0, 0, 0, 0, 919, 103, 2, 0, 0, 0, 0, 0
629, 355, 31, 8, 1, 0, 0, 0, 478, 495, 41, 7, 3, 0, 0, 0, 888, 119, 12, 5, 0, 0, 0, 0
754, 225, 36, 9, 0, 0, 0, 0, 700, 268, 44, 10, 2, 0, 0, 0, 846, 143, 28, 7, 0, 0, 0, 0
973, 50, 1, 0, 0, 0, 0, 0, 946, 76, 2, 0, 0, 0, 0, 0, 1004, 19, 1, 0, 0, 0, 0, 0
268, 346, 34, 34, 39, 52, 235, 16, 215, 389, 41, 31, 35, 56, 222, 35, 515, 102, 32, 29, 32, 49, 193, 72
310, 331, 59, 43, 51, 78, 101, 51, 209, 409, 76, 40, 49, 78, 105, 58, 562, 108, 42, 39, 50, 71, 101, 51
403, 406, 44, 39, 28, 33, 57, 14, 229, 560, 54, 42, 32, 34, 52, 21, 715, 106, 39, 36, 25, 33, 60, 10
415, 471, 81, 39, 16, 2, 0, 0, 262, 601, 95, 41, 21, 4, 0, 0, 790, 151, 45, 32, 6, 0, 0, 0
359, 536, 95, 28, 5, 1, 0, 0, 228, 647, 108, 35, 5, 1, 0, 0, 748, 207, 52, 16, 1, 0, 0, 0
52, 310, 425, 226, 11, 0, 0, 0, 33, 472, 471, 47, 1, 0, 0, 0, 355, 549, 117, 3, 0, 0, 0, 0
0, 95, 485, 360, 78, 6, 0, 0, 18, 350, 480, 157, 19, 0, 0, 0, 230, 527, 229, 35, 3, 0, 0, 0
6, 301, 602, 100, 13, 2, 0, 0, 53, 632, 305, 29, 5, 0, 0, 0, 531, 447, 39, 7, 0, 0, 0, 0
22, 578, 404, 19, 1, 0, 0, 0, 116, 816, 90, 2, 0, 0, 0, 0, 760, 252, 11, 1, 0, 0, 0, 0
66, 619, 332, 6, 1, 0, 0, 0, 116, 726, 177, 5, 0, 0, 0, 0, 695, 295, 33, 1, 0, 0, 0, 0
0, 317, 692, 15, 0, 0, 0, 0, 35, 767, 222, 0, 0, 0, 0, 0, 590, 433, 1, 0, 0, 0, 0, 0
23, 344, 616, 36, 5, 0, 0, 0, 119, 827, 60, 18, 0, 0, 0, 0, 766, 228, 26, 4, 0, 0, 0, 0
2, 25, 277, 344, 103, 17, 0, 0, 6, 41, 324, 306, 80, 11, 0, 0, 34, 70, 423, 192, 44, 5, 0, 0
372, 524, 73, 24, 21, 7, 3, 0, 227, 619, 112, 32, 21, 9, 4, 0, 749, 189, 45, 22, 13, 5, 1, 0
707, 264, 36, 11, 6, 0, 0, 0, 559, 403, 39, 16, 7, 0, 0, 0, 897, 95, 19, 11, 2, 0, 0, 0
845, 176, 3, 0, 0, 0, 0, 0, 788, 230, 6, 0, 0, 0, 0, 0, 995, 28, 1, 0, 0, 0, 0, 0
607, 306, 57, 33, 17, 4, 0, 0, 410, 480, 73, 36, 19, 4, 2, 0, 827, 115, 37, 29, 13, 3, 0, 0
590, 411, 19, 4, 0, 0, 0, 0, 242, 720, 57, 5, 0, 0, 0, 0, 967, 50, 7, 0, 0, 0, 0, 0
875, 141, 5, 3, 0, 0, 0, 0, 797, 219, 5, 3, 0, 0, 0, 0, 992, 25, 6, 1, 0, 0, 0, 0
229, 163, 130, 85, 87, 145, 181, 4, 209, 160, 120, 100, 86, 118, 216, 15, 304, 124, 104, 77, 77, 107, 203, 28
26, 341, 117, 104, 113, 102, 158, 63, 13, 289, 162, 110, 113, 103, 158, 76, 254, 171, 94, 92, 102, 101, 146, 64
12, 27, 41, 74, 113, 277, 456, 24, 7, 26, 38, 65, 115, 242, 502, 29, 23, 30, 30, 75, 103, 225, 517, 21
274, 401, 165, 118, 53, 11, 2, 0, 170, 453, 206, 126, 56, 11, 2, 0, 522, 235, 134, 96, 28, 8, 1, 0
653, 229, 48, 38, 46, 9, 1, 0, 612, 270, 48, 40, 44, 9, 1, 0, 799, 105, 31, 44, 35, 10, 0, 0
607, 283, 95, 39, 0, 0, 0, 0, 618, 321, 82, 3, 0, 0, 0, 0, 869, 129, 26, 0, 0, 0, 0, 0
612, 84, 131, 182, 13, 2, 0, 0, 635, 122, 213, 51, 3, 0, 0, 0, 715, 222, 84, 3, 0, 0, 0, 0
329, 257, 374, 51, 12, 1, 0, 0, 353, 438, 211, 20, 2, 0, 0, 0, 682, 302, 35, 5, 0, 0, 0, 0
263, 497, 236, 23, 5, 0, 0, 0, 331, 569, 107, 15, 2, 0, 0, 0, 716, 277, 27, 3, 1, 0, 0, 0
14, 199, 701, 110, 0, 0, 0, 0, 37, 371, 580, 36, 0, 0, 0, 0, 328, 287, 408, 1, 0, 0, 0, 0
0, 28, 965, 28, 2, 1, 0, 0, 1, 355, 659, 8, 1, 0, 0, 0, 157, 377, 488, 1, 1, 0, 0, 0
0, 98, 794, 131, 1, 0, 0, 0, 13, 645, 325, 40, 1, 0, 0, 0, 393, 489, 134, 8, 0, 0, 0, 0
0, 4, 317, 441, 6, 0, 0, 0, 0, 69, 370, 326, 3, 0, 0, 0, 44, 124, 543, 57, 0, 0, 0, 0
835, 183, 5, 1, 0, 0, 0, 0, 688, 329, 6, 1, 0, 0, 0, 0, 1007, 13, 3, 1, 0, 0, 0, 0
423, 531, 64, 6, 0, 0, 0, 0, 312, 612, 90, 9, 1, 0, 0, 0, 833, 167, 21, 3, 0, 0, 0, 0
571, 453, 0, 0, 0, 0, 0, 0, 287, 737, 0, 0, 0, 0, 0, 0, 1007, 17, 0, 0, 0, 0, 0, 0
112, 908, 4, 0, 0, 0, 0, 0, 42, 880, 102, 0, 0, 0, 0, 0, 1001, 23, 0, 0, 0, 0, 0, 0
369, 602, 50, 3, 0, 0, 0, 0, 171, 692, 158, 3, 0, 0, 0, 0, 902, 114, 8, 0, 0, 0, 0, 0
647, 377, 0, 0, 0, 0, 0, 0, 421, 598, 5, 0, 0, 0, 0, 0, 1001, 23, 0, 0, 0, 0, 0, 0
450, 203, 116, 90, 83, 69, 13, 0, 415, 213, 112, 90, 85, 83, 26, 0, 575, 127, 83, 75, 80, 67, 17, 0
2, 38, 39, 50, 73, 124, 550, 148, 0, 34, 36, 50, 75, 115, 486, 228, 12, 34, 41, 46, 74, 104, 523, 190
4, 48, 79, 105, 138, 290, 353, 7, 1, 25, 80, 109, 131, 271, 392, 15, 14, 67, 69, 103, 123, 260, 380, 8
92, 313, 138, 149, 171, 154, 7, 0, 37, 324, 160, 146, 154, 189, 14, 0, 303, 154, 112, 131, 145, 168, 11, 0
346, 340, 126, 89, 85, 37, 1, 0, 274, 329, 206, 90, 84, 40, 1, 0, 608, 150, 94, 71, 76, 25, 0, 0
366, 428, 177, 52, 1, 0, 0, 0, 409, 451, 140, 24, 0, 0, 0, 0, 686, 275, 55, 8, 0, 0, 0, 0
146, 299, 335, 201, 36, 7, 0, 0, 195, 409, 321, 88, 10, 1, 0, 0, 445, 423, 135, 19, 2, 0, 0, 0
143, 378, 376, 109, 17, 1, 0, 0, 223, 408, 340, 50, 3, 0, 0, 0, 548, 404, 64, 7, 1, 0, 0, 0
73, 518, 318, 66, 35, 14, 0, 0, 208, 613, 124, 53, 22, 4, 0, 0, 616, 297, 68, 33, 10, 0, 0, 0
4, 181, 512, 319, 8, 0, 0, 0, 61, 244, 473, 246, 0, 0, 0, 0, 222, 216, 550, 36, 0, 0, 0, 0
0, 105, 662, 244, 13, 0, 0, 0, 22, 232, 674, 95, 1, 0, 0, 0, 127, 315, 565, 17, 0, 0, 0, 0
0, 50, 464, 500, 3, 6, 1, 0, 3, 345, 263, 406, 2, 5, 0, 0, 144, 330, 463, 81, 5, 1, 0, 0
0, 4, 228, 514, 18, 4, 0, 0, 0, 26, 306, 421, 12, 3, 0, 0, 6, 103, 541, 109, 6, 3, 0, 0
144, 431, 177, 110, 62, 49, 34, 17, 99, 385, 237, 122, 64, 54, 43, 20, 414, 248, 132, 85, 47, 44, 34, 20
144, 629, 159, 37, 19, 18, 13, 5, 97, 575, 241, 56, 17, 19, 13, 6, 666, 249, 42, 17, 17, 16, 12, 5
223, 647, 145, 9, 0, 0, 0, 0, 97, 697, 230, 0, 0, 0, 0, 0, 822, 199, 3, 0, 0, 0, 0, 0
81, 700, 225, 17, 1, 0, 0, 0, 40, 536, 411, 33, 4, 0, 0, 0, 764, 244, 15, 1, 0, 0, 0, 0
169, 769, 75, 9, 2, 0, 0, 0, 89, 743, 177, 12, 3, 0, 0, 0, 842, 161, 15, 6, 0, 0, 0, 0
227, 725, 63, 6, 1, 2, 0, 0, 58, 794, 156, 11, 3, 2, 0, 0, 904, 99, 15, 4, 2, 0, 0, 0
203, 645, 88, 31, 27, 17, 13, 0, 88, 678, 159, 41, 22, 21, 15, 0, 758, 151, 46, 21, 18, 19, 11, 0
140, 84, 49, 55, 49, 114, 506, 27, 106, 111, 48, 56, 50, 101, 502, 50, 181, 59, 48, 43, 42, 109, 500, 42
0, 0, 2, 5, 43, 347, 626, 1, 0, 0, 1, 6, 33, 279, 701, 4, 0, 0, 2, 5, 36, 269, 710, 2
6, 8, 25, 98, 382, 467, 38, 0, 4, 9, 22, 82, 337, 490, 80, 0, 5, 8, 24, 90, 355, 469, 73, 0
155, 507, 168, 114, 66, 14, 0, 0, 47, 511, 240, 131, 75, 20, 0, 0, 607, 173, 97, 86, 52, 9, 0, 0
163, 516, 235, 93, 17, 0, 0, 0, 170, 545, 232, 72, 5, 0, 0, 0, 575, 323, 115, 11, 0, 0, 0, 0
55, 167, 423, 322, 52, 5, 0, 0, 99, 334, 430, 143, 17, 1, 0, 0, 276, 488, 234, 25, 1, 0, 0, 0
15, 81, 545, 323, 53, 6, 1, 0, 32, 204, 620, 152, 15, 1, 0, 0, 265, 551, 186, 21, 1, 0, 0, 0
150, 490, 309, 53, 21, 1, 0, 0, 240, 580, 161, 35, 8, 0, 0, 0, 613, 345, 49, 14, 3, 0, 0, 0
2, 169, 523, 306, 23, 1, 0, 0, 38, 447, 285, 247, 7, 0, 0, 0, 372, 174, 443, 35, 0, 0, 0, 0
4, 88, 380, 485, 65, 2, 0, 0, 27, 111, 520, 347, 19, 0, 0, 0, 82, 178, 674, 89, 1, 0, 0, 0
0, 41, 385, 548, 46, 4, 0, 0, 5, 207, 436, 356, 19, 1, 0, 0, 119, 287, 522, 94, 2, 0, 0, 0
0, 18, 389, 282, 61, 17, 1, 0, 1, 90, 417, 201, 43, 15, 1, 0, 32, 235, 351, 114, 31, 5, 0, 0
10, 148, 279, 232, 128, 128, 65, 34, 9, 99, 267, 254, 154, 125, 77, 39, 45, 230, 232, 201, 107, 111, 64, 34
15, 321, 365, 216, 62, 31, 14, 0, 10, 227, 459, 226, 54, 33, 14, 1, 278, 365, 192, 114, 40, 23, 12, 0
14, 550, 387, 73, 0, 0, 0, 0, 0, 479, 541, 4, 0, 0, 0, 0, 409, 558, 57, 0, 0, 0, 0, 0
0, 327, 438, 189, 35, 34, 1, 0, 0, 218, 497, 211, 73, 25, 0, 0, 284, 441, 171, 75, 40, 13, 0, 0
41, 796, 182, 5, 0, 0, 0, 0, 9, 593, 408, 14, 0, 0, 0, 0, 816, 202, 6, 0, 0, 0, 0, 0
80, 503, 156, 69, 61, 64, 89, 2, 30, 367, 314, 82, 60, 70, 98, 3, 509, 161, 85, 58, 52, 56, 97, 6
29, 199, 154, 164, 141, 135, 197, 5, 6, 159, 175, 174, 146, 136, 220, 8, 148, 141, 129, 152, 134, 108, 199, 13
75, 393, 105, 69, 56, 86, 236, 4, 30, 339, 189, 67, 67, 77, 245, 10, 350, 178, 68, 52, 53, 82, 234, 7
5, 29, 31, 31, 50, 439, 439, 0, 3, 26, 29, 33, 48, 248, 636, 1, 9, 39, 25, 29, 51, 244, 627, 0
0, 0, 3, 35, 224, 761, 1, 0, 0, 0, 2, 28, 180, 788, 26, 0, 0, 0, 2, 29, 186, 769, 38, 0
96, 382, 142, 157, 158, 88, 1, 0, 7, 379, 215, 156, 172, 93, 2, 0, 444, 134, 111, 128, 136, 70, 1, 0
5, 326, 419, 198, 48, 25, 3, 0, 8, 349, 479, 117, 45, 26, 0, 0, 392, 401, 160, 43, 27, 1, 0, 0
2, 112, 457, 366, 81, 6, 0, 0, 12, 257, 517, 215, 23, 0, 0, 0, 187, 543, 258, 36, 0, 0, 0, 0
0, 8, 233, 489, 241, 45, 8, 0, 1, 65, 456, 400, 85, 17, 0, 0, 67, 449, 383, 104, 21, 0, 0, 0
11, 239, 543, 202, 27, 2, 0, 0, 29, 412, 504, 73, 6, 0, 0, 0, 411, 534, 66, 13, 0, 0, 0, 0
9, 222, 273, 472, 46, 2, 0, 0, 17, 323, 279, 386, 19, 0, 0, 0, 283, 156, 475, 110, 0, 0, 0, 0
19, 426, 394, 165, 15, 5, 0, 0, 84, 596, 212, 120, 11, 1, 0, 0, 447, 320, 222, 32, 3, 0, 0, 0
6, 190, 463, 247, 114, 4, 0, 0, 104, 422, 328, 155, 15, 0, 0, 0, 381, 408, 195, 38, 2, 0, 0, 0
11, 148, 344, 215, 46, 4, 0, 0, 95, 290, 228, 143, 12, 0, 0, 0, 270, 266, 180, 49, 3, 0, 0, 0
0, 8, 66, 68, 86, 78, 160, 558, 0, 2, 54, 79, 76, 82, 160, 571, 3, 30, 61, 65, 70, 75, 151, 569
0, 161, 478, 218, 84, 54, 24, 5, 0, 128, 500, 234, 80, 54, 24, 4, 77, 444, 232, 143, 76, 38, 13, 1
1, 274, 607, 142, 0, 0, 0, 0, 3, 363, 632, 26, 0, 0, 0, 0, 44, 740, 240, 0, 0, 0, 0, 0
5, 288, 274, 282, 112, 62, 1, 0, 7, 234, 299, 253, 166, 64, 1, 0, 180, 306, 216, 180, 102, 40, 0, 0
8, 416, 335, 110, 133, 22, 0, 0, 0, 233, 463, 152, 146, 30, 0, 0, 411, 332, 91, 71, 97, 22, 0, 0
13, 360, 209, 122, 95, 89, 123, 13, 2, 264, 286, 130, 103, 88, 126, 25, 229, 269, 126, 90, 79, 82, 109, 40
0, 0, 1, 9, 30, 36, 941, 7, 0, 0, 1, 7, 26, 31, 916, 43, 0, 0, 1, 10, 27, 34, 828, 124
1, 47, 37, 32, 45, 70, 783, 9, 0, 19, 57, 34, 42, 68, 780, 24, 30, 35, 30, 34, 35, 59, 773, 28
0, 0, 0, 0, 3, 362, 659, 0, 0, 0, 0, 0, 3, 157, 864, 0, 0, 0, 0, 0, 3, 126, 895, 0
0, 0, 0, 7, 157, 858, 2, 0, 0, 0, 0, 4, 90, 915, 15, 0, 0, 0, 0, 4, 106, 898, 16, 0
54, 22, 32, 49, 399, 463, 5, 0, 51, 24, 31, 46, 374, 491, 7, 0, 56, 26, 35, 62, 524, 317, 4, 0
157, 91, 177, 157, 225, 197, 20, 0, 163, 156, 158, 182, 241, 116, 8, 0, 235, 208, 160, 210, 186, 25, 0, 0
159, 91, 405, 281, 85, 3, 0, 0, 172, 291, 385, 160, 16, 0, 0, 0, 253, 469, 257, 44, 1, 0, 0, 0
141, 70, 175, 359, 221, 54, 4, 0, 169, 123, 309, 324, 90, 9, 0, 0, 243, 287, 362, 118, 13, 1, 0, 0
141, 177, 425, 222, 54, 5, 0, 0, 170, 310, 378, 144, 21, 1, 0, 0, 424, 433, 152, 14, 1, 0, 0, 0
178, 202, 261, 333, 48, 2, 0, 0, 211, 273, 230, 287, 23, 0, 0, 0, 399, 203, 307, 114, 1, 0, 0, 0
164, 264, 388, 164, 40, 4, 0, 0, 192, 411, 252, 138, 30, 1, 0, 0, 497, 280, 155, 85, 7, 0, 0, 0
187, 509, 243, 68, 17, 0, 0, 0, 336, 528, 124, 36, 0, 0, 0, 0, 781, 188, 46, 9, 0, 0, 0, 0
55, 263, 284, 142, 24, 0, 0, 0, 196, 336, 194, 40, 2, 0, 0, 0, 403, 290, 69, 6, 0, 0, 0, 0
0, 0, 0, 0, 0, 0, 10, 1014, 0, 0, 0, 0, 0, 0, 10, 1014, 0, 0, 0, 0, 0, 0, 11, 1013
0, 167, 541, 170, 30, 25, 23, 68, 0, 113, 651, 111, 31, 25, 22, 71, 0, 444, 385, 65, 23, 23, 26, 58
3, 490, 507, 24, 0, 0, 0, 0, 6, 633, 383, 2, 0, 0, 0, 0, 50, 888, 86, 0, 0, 0, 0, 0
0, 85, 194, 195, 400, 150, 0, 0, 0, 167, 100, 140, 448, 166, 3, 0, 10, 188, 89, 178, 428, 130, 1, 0
1, 40, 203, 124, 301, 352, 3, 0, 0, 21, 173, 148, 273, 394, 15, 0, 37, 183, 89, 111, 277, 322, 5, 0
0, 114, 187, 134, 101, 117, 251, 120, 0, 45, 208, 151, 109, 115, 223, 173, 101, 152, 117, 95, 88, 97, 197, 177
0, 0, 0, 0, 0, 2, 858, 164, 0, 0, 0, 0, 0, 2, 805, 217, 0, 0, 0, 0, 0, 2, 723, 299
0, 0, 0, 0, 0, 3, 1021, 0, 0, 0, 0, 0, 0, 0, 1024, 0, 0, 0, 0, 0, 0, 0, 1024, 0
0, 0, 0, 0, 1, 492, 531, 0, 0, 0, 0, 0, 0, 227, 797, 0, 0, 0, 0, 0, 1, 196, 827, 0
181, 17, 9, 11, 53, 611, 142, 0, 181, 15, 11, 10, 34, 529, 244, 0, 181, 16, 10, 11, 42, 549, 215, 0
313, 75, 50, 64, 252, 259, 11, 0, 305, 82, 53, 60, 235, 279, 10, 0, 319, 79, 49, 102, 277, 190, 8, 0
338, 17, 61, 94, 226, 241, 47, 0, 341, 29, 69, 112, 258, 207, 8, 0, 351, 77, 78, 205, 268, 45, 0, 0
328, 65, 267, 179, 149, 34, 2, 0, 342, 206, 201, 188, 78, 9, 0, 0, 405, 284, 214, 101, 19, 1, 0, 0
299, 82, 119, 254, 226, 39, 4, 1, 320, 107, 201, 306, 81, 8, 1, 0, 366, 207, 323, 107, 19, 2, 0, 0
371, 76, 135, 288, 133, 20, 1, 0, 383, 133, 199, 247, 58, 4, 0, 0, 455, 261, 232, 65, 11, 0, 0, 0
449, 123, 227, 173, 42, 9, 1, 0, 461, 171, 215, 150, 24, 3, 0, 0, 565, 185, 175, 85, 13, 1, 0, 0
321, 506, 186, 11, 0, 0, 0, 0, 323, 503, 193, 5, 0, 0, 0, 0, 794, 219, 11, 0, 0, 0, 0, 0
401, 240, 207, 112, 59, 5, 0, 0, 491, 259, 176, 78, 20, 0, 0, 0, 663, 220, 89, 52, 0, 0, 0, 0
248, 136, 224, 122, 34, 4, 0, 0, 286, 223, 189, 55, 15, 0, 0, 0, 429, 246, 66, 27, 0, 0, 0, 0
0, 0, 0, 0, 0, 0, 0, 1024, 0, 0, 0, 0, 0, 0, 0, 1024, 0, 0, 0, 0, 0, 0, 0, 1024
0, 529, 221, 73, 35, 39, 46, 81, 0, 405, 339, 77, 35, 36, 45, 87, 18, 638, 150, 38, 31, 39, 45, 65
0, 903, 121, 0, 0, 0, 0, 0, 0, 992, 32, 0, 0, 0, 0, 0, 101, 923, 0, 0, 0, 0, 0, 0
0, 123, 120, 187, 552, 42, 0, 0, 0, 159, 81, 118, 589, 77, 0, 0, 33, 152, 70, 129, 593, 47, 0, 0
0, 0, 0, 7, 345, 667, 5, 0, 0, 0, 0, 3, 276, 668, 77, 0, 0, 0, 0, 5, 276, 581, 162, 0
0, 0, 1, 6, 11, 209, 792, 5, 0, 0, 0, 6, 11, 60, 888, 59, 0, 0, 2, 5, 11, 32, 499, 475
0, 0, 0, 0, 0, 0, 1024, 0, 0, 0, 0, 0, 0, 0, 994, 30, 0, 0, 0, 0, 0, 0, 869, 155
0, 0, 0, 0, 0, 274, 750, 0, 0, 0, 0, 0, 0, 43, 981, 0, 0, 0, 0, 0, 0, 15, 1009, 0
0, 0, 0, 0, 11, 958, 55, 0, 0, 0, 0, 0, 7, 737, 280, 0, 0, 0, 0, 0, 5, 525, 494, 0
0, 0, 0, 23, 136, 575, 288, 2, 0, 0, 0, 23, 121, 514, 363, 3, 0, 0, 0, 23, 128, 542, 329, 2
28, 38, 92, 93, 172, 405, 195, 1, 34, 42, 90, 86, 177, 406, 189, 0, 41, 49, 90, 86, 212, 406, 140, 0
151, 67, 68, 89, 204, 316, 129, 0, 161, 73, 72, 109, 243, 295, 71, 0, 193, 82, 88, 187, 292, 171, 11, 0
202, 113, 347, 237, 104, 21, 0, 0, 229, 256, 313, 165, 55, 6, 0, 0, 306, 407, 220, 79, 12, 0, 0, 0
176, 42, 281, 329, 150, 36, 9, 1, 188, 165, 363, 242, 49, 15, 2, 0, 240, 399, 292, 72, 18, 3, 0, 0
156, 44, 276, 345, 177, 19, 4, 3, 165, 143, 378, 255, 73, 7, 3, 0, 295, 393, 241, 85, 5, 5, 0, 0
83, 139, 487, 235, 67, 13, 0, 0, 110, 342, 413, 131, 25, 3, 0, 0, 365, 471, 150, 32, 6, 0, 0, 0
6, 383, 420, 136, 59, 19, 1, 0, 32, 490, 367, 101, 33, 1, 0, 0, 546, 328, 105, 39, 6, 0, 0, 0
18, 473, 416, 106, 9, 2, 0, 0, 65, 553, 349, 52, 4, 1, 0, 0, 625, 326, 69, 2, 2, 0, 0, 0
6, 119, 277, 276, 83, 7, 0, 0, 16, 251, 317, 158, 26, 0, 0, 0, 256, 322, 165, 25, 0, 0, 0, 0
0, 0, 0, 0, 0, 0, 0, 1024, 0, 0, 0, 0, 0, 0, 0, 1024, 0, 0, 0, 0, 0, 0, 0, 1024
3, 486, 209, 97, 40, 31, 39, 119, 0, 368, 320, 112, 36, 30, 37, 121, 40, 584, 148, 51, 31, 31, 44, 95
0, 864, 137, 23, 0, 0, 0, 0, 0, 972, 48, 4, 0, 0, 0, 0, 27, 972, 25, 0, 0, 0, 0, 0
0, 97, 105, 129, 459, 228, 6, 0, 4, 126, 82, 92, 429, 291, 0, 0, 23, 123, 81, 88, 414, 295, 0, 0
0, 0, 0, 2, 193, 818, 11, 0, 0, 0, 0, 1, 129, 722, 172, 0, 0, 0, 0, 1, 106, 642, 275, 0
0, 0, 0, 0, 0, 212, 812, 0, 0, 0, 0, 0, 0, 44, 980, 0, 0, 0, 0, 0, 0, 9, 916, 99
0, 0, 0, 0, 0, 0, 1020, 4, 0, 0, 0, 0, 0, 0, 1018, 6, 0, 0, 0, 0, 0, 0, 996, 28
0, 0, 0, 0, 0, 551, 473, 0, 0, 0, 0, 0, 0, 219, 805, 0, 0, 0, 0, 0, 0, 87, 937, 0
0, 0, 0, 0, 33, 963, 28, 0, 0, 0, 0, 0, 20, 892, 112, 0, 0, 0, 0, 0, 19, 727, 278, 0
0, 0, 2, 21, 156, 577, 267, 1, 0, 0, 2, 21, 148, 564, 287, 2, 0, 0, 2, 26, 155, 574, 265, 2
1, 10, 57, 107, 281, 417, 149, 2, 2, 15, 59, 121, 287, 407, 131, 2, 2, 21, 65, 147, 307, 392, 89, 1
71, 118, 148, 199, 235, 194, 59, 0, 104, 121, 158, 222, 231, 163, 25, 0, 154, 142, 185, 234, 199, 101, 9, 0
159, 156, 265, 236, 180, 26, 2, 0, 199, 249, 231, 238, 91, 16, 0, 0, 304, 287, 246, 143, 43, 1, 0, 0
150, 150, 344, 208, 131, 36, 5, 0, 199, 264, 317, 169, 61, 14, 0, 0, 298, 406, 221, 77, 22, 0, 0, 0
110, 100, 303, 316, 158, 32, 5, 0, 137, 119, 384, 289, 84, 11, 0, 0, 240, 374, 297, 97, 15, 1, 0, 0
37, 85, 494, 353, 39, 15, 1, 0, 58, 206, 556, 170, 25, 9, 0, 0, 183, 544, 255, 24, 18, 0, 0, 0
0, 229, 670, 109, 13, 3, 0, 0, 9, 375, 579, 57, 4, 0, 0, 0, 456, 502, 61, 5, 0, 0, 0, 0
1, 520, 470, 32, 1, 0, 0, 0, 1, 686, 319, 18, 0, 0, 0, 0, 792, 222, 10, 0, 0, 0, 0, 0
33, 395, 224, 106, 10, 0, 0, 0, 48, 446, 231, 39, 4, 0, 0, 0, 470, 244, 49, 5, 0, 0, 0, 0
0, 0, 0, 0, 0, 0, 0, 1024, 0, 0, 0, 0, 0, 0, 0, 1024, 0, 0, 0, 0, 0, 0, 0, 1024
5, 184, 463, 126, 41, 34, 29, 142, 0, 102, 571, 101, 40, 34, 32, 144, 25, 336, 366, 71, 31, 30, 32, 133
0, 408, 537, 79, 0, 0, 0, 0, 0, 582, 418, 24, 0, 0, 0, 0, 16, 875, 133, 0, 0, 0, 0, 0
0, 10, 53, 142, 101, 679, 39, 0, 0, 29, 102, 82, 64, 646, 101, 0, 0, 46, 131, 37, 91, 578, 141, 0
0, 0, 0, 0, 36, 966, 22, 0, 0, 0, 0, 0, 11, 825, 188, 0, 0, 0, 0, 0, 5, 626, 393, 0
0, 0, 0, 0, 0, 130, 894, 0, 0, 0, 0, 0, 0, 9, 1015, 0, 0, 0, 0, 0, 0, 0, 1024, 0
0, 0, 0, 0, 0, 0, 1024, 0, 0, 0, 0, 0, 0, 0, 1024, 0, 0, 0, 0, 0, 0, 0, 1010, 14
0, 0, 0, 0, 0, 754, 270, 0, 0, 0, 0, 0, 0, 236, 788, 0, 0, 0, 0, 0, 0, 15, 1009, 0
0, 0, 0, 0, 4, 985, 35, 0, 0, 0, 0, 0, 2, 731, 291, 0, 0, 0, 0, 0, 0, 404, 620, 0
0, 0, 1, 3, 39, 432, 548, 1, 0, 0, 1, 3, 37, 374, 608, 1, 0, 0, 1, 5, 41, 381, 595, 1
0, 1, 14, 29, 93, 414, 464, 9, 0, 2, 15, 29, 98, 414, 459, 7, 0, 2, 22, 33, 114, 506, 345, 2
19, 38, 66, 113, 266, 368, 154, 0, 28, 43, 85, 168, 335, 251, 114, 0, 43, 67, 154, 288, 264, 155, 53, 0
71, 77, 203, 348, 272, 52, 1, 0, 86, 122, 295, 365, 148, 8, 0, 0, 142, 278, 339, 221, 44, 0, 0, 0
65, 56, 324, 326, 195, 53, 5, 0, 81, 200, 393, 242, 98, 10, 0, 0, 164, 366, 335, 137, 21, 1, 0, 0
79, 44, 114, 347, 377, 61, 1, 1, 97, 81, 156, 391, 282, 16, 1, 0, 145, 151, 242, 387, 97, 2, 0, 0
0, 48, 343, 393, 227, 13, 0, 0, 2, 118, 402, 332, 167, 3, 0, 0, 70, 268, 337, 293, 56, 0, 0, 0
4, 189, 663, 152, 16, 0, 0, 0, 10, 410, 526, 69, 9, 0, 0, 0, 380, 551, 85, 8, 0, 0, 0, 0
0, 250, 645, 123, 6, 0, 0, 0, 1, 556, 417, 50, 0, 0, 0, 0, 618, 379, 27, 0, 0, 0, 0, 0
0, 456, 288, 22, 2, 0, 0, 0, 15, 534, 213, 6, 0, 0, 0, 0, 571, 183, 14, 0, 0, 0, 0, 0
0, 0, 0, 0, 0, 0, 0, 1024, 0, 0, 0, 0, 0, 0, 0, 1024, 0, 0, 0, 0, 0, 0, 0, 1024
0, 89, 478, 128, 115, 41, 30, 143, 0, 39, 540, 127, 104, 40, 31, 143, 0, 297, 330, 112, 83, 35, 32, 135
0, 475, 374, 174, 1, 0, 0, 0, 0, 510, 460, 54, 0, 0, 0, 0, 6, 764, 254, 0, 0, 0, 0, 0
0, 13, 44, 59, 186, 600, 122, 0, 0, 32, 39, 73, 96, 618, 166, 0, 0, 34, 55, 82, 71, 567, 215, 0
0, 0, 0, 0, 12, 1012, 0, 0, 0, 0, 0, 0, 4, 1009, 11, 0, 0, 0, 0, 0, 0, 805, 219, 0
0, 0, 0, 0, 0, 268, 756, 0, 0, 0, 0, 0, 0, 87, 937, 0, 0, 0, 0, 0, 0, 3, 1021, 0
0, 0, 0, 0, 0, 46, 978, 0, 0, 0, 0, 0, 0, 0, 1024, 0, 0, 0, 0, 0, 0, 0, 1024, 0
0, 0, 0, 0, 0, 986, 38, 0, 0, 0, 0, 0, 0, 617, 407, 0, 0, 0, 0, 0, 0, 109, 915, 0
0, 0, 0, 0, 0, 894, 130, 0, 0, 0, 0, 0, 0, 257, 767, 0, 0, 0, 0, 0, 0, 82, 942, 0
0, 0, 0, 0, 0, 19, 1005, 0, 0, 0, 0, 0, 0, 9, 1015, 0, 0, 0, 0, 0, 0, 10, 1014, 0
10, 15, 8, 4, 16, 124, 817, 30, 11, 14, 8, 5, 16, 128, 812, 30, 13, 14, 7, 4, 21, 181, 780, 4
42, 55, 25, 78, 238, 347, 236, 3, 77, 32, 28, 141, 313, 249, 182, 2, 93, 29, 104, 270, 253, 152, 122, 1
42, 51, 95, 240, 341, 254, 1, 0, 68, 54, 168, 337, 299, 98, 0, 0, 99, 153, 326, 286, 160, 0, 0, 0
41, 59, 169, 408, 271, 60, 16, 0, 70, 103, 355, 356, 107, 30, 3, 0, 113, 281, 429, 152, 40, 9, 0, 0
5, 27, 112, 195, 609, 70, 6, 0, 5, 31, 145, 259, 546, 38, 0, 0, 37, 142, 136, 447, 258, 4, 0, 0
0, 5, 205, 402, 390, 22, 0, 0, 0, 27, 329, 418, 246, 4, 0, 0, 4, 164, 385, 407, 63, 1, 0, 0
1, 175, 777, 65, 6, 0, 0, 0, 3, 355, 638, 25, 3, 0, 0, 0, 404, 577, 38, 5, 0, 0, 0, 0
0, 368, 602, 54, 0, 0, 0, 0, 0, 541, 471, 12, 0, 0, 0, 0, 683, 333, 8, 0, 0, 0, 0, 0
14, 405, 243, 96, 10, 0, 0, 0, 33, 472, 228, 33, 2, 0, 0, 0, 500, 208, 52, 8, 0, 0, 0, 0
0, 0, 0, 0, 0, 0, 0, 1024, 0, 0, 0, 0, 0, 0, 0, 1024, 0, 0, 0, 0, 0, 0, 0, 1024
0, 43, 638, 100, 42, 22, 32, 147, 0, 83, 609, 90, 38, 23, 32, 149, 0, 170, 551, 72, 35, 30, 24, 142
0, 353, 476, 193, 2, 0, 0, 0, 0, 466, 502, 56, 0, 0, 0, 0, 23, 640, 345, 16, 0, 0, 0, 0
0, 7, 38, 116, 150, 434, 279, 0, 0, 3, 47, 140, 90, 436, 308, 0, 0, 14, 89, 91, 82, 375, 372, 1
0, 0, 0, 0, 29, 995, 0, 0, 0, 0, 0, 0, 13, 1004, 7, 0, 0, 0, 0, 0, 4, 787, 233, 0
0, 0, 0, 0, 0, 351, 673, 0, 0, 0, 0, 0, 0, 125, 899, 0, 0, 0, 0, 0, 0, 0, 1024, 0
1, 13, 33, 40, 37, 92, 808, 0, 0, 4, 28, 41, 42, 54, 855, 0, 5, 25, 25, 35, 30, 54, 850, 0
0, 0, 0, 0, 0, 126, 897, 1, 0, 0, 0, 0, 0, 3, 1015, 6, 0, 0, 0, 0, 0, 0, 987, 37
0, 0, 0, 0, 0, 76, 948, 0, 0, 0, 0, 0, 0, 0, 1024, 0, 0, 0, 0, 0, 0, 0, 1023, 1
0, 0, 0, 0, 0, 0, 1024, 0, 0, 0, 0, 0, 0, 0, 1024, 0, 0, 0, 0, 0, 0, 0, 1024, 0
0, 0, 0, 0, 0, 25, 998, 1, 0, 0, 0, 0, 0, 25, 998, 1, 0, 0, 0, 0, 0, 70, 954, 0
4, 11, 33, 57, 213, 374, 328, 4, 8, 20, 39, 121, 272, 313, 250, 1, 19, 38, 110, 254, 250, 198, 155, 0
19, 72, 229, 219, 254, 219, 12, 0, 44, 144, 250, 234, 258, 92, 2, 0, 118, 264, 249, 258, 132, 3, 0, 0
1, 30, 160, 360, 343, 126, 4, 0, 6, 98, 263, 410, 193, 53, 1, 0, 47, 228, 423, 249, 76, 1, 0, 0
2, 17, 36, 153, 748, 68, 0, 0, 7, 19, 67, 203, 707, 21, 0, 0, 16, 58, 125, 322, 501, 2, 0, 0
0, 3, 251, 376, 330, 63, 1, 0, 0, 99, 334, 268, 298, 25, 0, 0, 23, 317, 239, 248, 195, 2, 0, 0
0, 164, 760, 91, 8, 1, 0, 0, 14, 409, 573, 27, 1, 0, 0, 0, 488, 512, 22, 2, 0, 0, 0, 0
1, 388, 623, 12, 0, 0, 0, 0, 3, 604, 414, 3, 0, 0, 0, 0, 649, 370, 5, 0, 0, 0, 0, 0
1, 282, 331, 93, 51, 10, 0, 0, 100, 444, 142, 68, 14, 0, 0, 0, 454, 215, 77, 22, 0, 0, 0, 0
0, 0, 0, 0, 1, 1, 4, 1018, 0, 0, 0, 0, 0, 2, 4, 1018, 0, 0, 0, 0, 1, 1, 4, 1018
0, 250, 428, 84, 57, 31, 32, 142, 0, 233, 445, 83, 57, 33, 26, 147, 0, 404, 305, 75, 47, 33, 21, 139
0, 547, 314, 161, 2, 0, 0, 0, 0, 606, 396, 22, 0, 0, 0, 0, 15, 784, 222, 3, 0, 0, 0, 0
0, 16, 81, 163, 131, 297, 336, 0, 0, 24, 109, 143, 103, 294, 351, 0, 0, 49, 126, 113, 87, 261, 384, 4
0, 30, 48, 81, 130, 716, 19, 0, 0, 2, 54, 70, 117, 711, 70, 0, 18, 31, 47, 67, 98, 583, 180, 0
6, 203, 250, 103, 85, 172, 203, 2, 3, 81, 317, 137, 90, 120, 274, 2, 124, 254, 131, 63, 69, 94, 278, 11
13, 21, 38, 46, 48, 87, 767, 4, 8, 21, 34, 48, 39, 79, 781, 14, 13, 28, 39, 39, 31, 71, 758, 45
0, 0, 10, 17, 10, 20, 489, 478, 0, 0, 2, 19, 16, 20, 403, 564, 0, 1, 15, 13, 8, 19, 375, 593
1, 13, 78, 82, 113, 129, 527, 81, 1, 10, 59, 90, 113, 125, 488, 138, 4, 43, 65, 75, 113, 120, 462, 142
0, 0, 0, 0, 0, 10, 1007, 7, 0, 0, 0, 0, 0, 10, 1002, 12, 0, 0, 0, 0, 0, 10, 1006, 8
6, 17, 5, 2, 2, 81, 910, 1, 6, 17, 5, 2, 2, 74, 915, 3, 8, 17, 3, 3, 3, 185, 804, 1
37, 47, 29, 48, 135, 498, 230, 0, 52, 41, 30, 83, 183, 478, 157, 0, 70, 39, 60, 166, 304, 351, 34, 0
138, 123, 107, 143, 328, 162, 23, 0, 189, 113, 126, 240, 260, 96, 0, 0, 243, 125, 232, 260, 145, 19, 0, 0
153, 81, 80, 190, 286, 228, 6, 0, 185, 71, 127, 268, 279, 93, 1, 0, 218, 103, 245, 334, 113, 11, 0, 0
91, 85, 91, 183, 368, 198, 8, 0, 93, 96, 98, 270, 375, 89, 3, 0, 142, 106, 196, 287, 281, 12, 0, 0
54, 147, 484, 274, 58, 7, 0, 0, 86, 359, 461, 99, 18, 1, 0, 0, 335, 539, 112, 36, 2, 0, 0, 0
0, 65, 602, 329, 27, 1, 0, 0, 6, 234, 641, 131, 12, 0, 0, 0, 278, 631, 107, 8, 0, 0, 0, 0
0, 370, 572, 82, 0, 0, 0, 0, 4, 833, 179, 8, 0, 0, 0, 0, 798, 216, 10, 0, 0, 0, 0, 0
5, 375, 301, 83, 4, 0, 0, 0, 100, 469, 175, 24, 0, 0, 0, 0, 482, 234, 51, 1, 0, 0, 0, 0
0, 0, 1, 1, 3, 5, 12, 1002, 0, 0, 1, 1, 2, 3, 12, 1005, 0, 0, 1, 1, 3, 5, 10, 1004
8, 586, 254, 51, 28, 19, 25, 53, 0, 502, 341, 48, 31, 20, 20, 62, 24, 678, 158, 41, 26, 20, 25, 52
54, 907, 62, 1, 0, 0, 0, 0, 21, 903, 100, 0, 0, 0, 0, 0, 248, 758, 18, 0, 0, 0, 0, 0
3, 301, 219, 128, 136, 114, 122, 1, 0, 190, 273, 176, 130, 123, 128, 4, 171, 242, 114, 147, 130, 97, 115, 8
47, 578, 300, 74, 23, 2, 0, 0, 3, 397, 464, 122, 33, 5, 0, 0, 501, 360, 102, 43, 17, 1, 0, 0
59, 498, 192, 76, 62, 68, 52, 17, 37, 423, 267, 88, 60, 73, 52, 24, 393, 292, 88, 69, 56, 56, 46, 24
6, 30, 32, 39, 67, 96, 721, 33, 6, 22, 35, 32, 59, 91, 711, 68, 12, 37, 23, 30, 59, 82, 634, 147
52, 74, 146, 161, 147, 142, 199, 103, 42, 67, 123, 165, 151, 146, 215, 115, 54, 99, 142, 149, 145, 144, 149, 142
49, 72, 90, 114, 139, 178, 349, 33, 41, 65, 95, 109, 143, 162, 350, 59, 62, 78, 95, 103, 141, 175, 331, 39
0, 3, 10, 25, 33, 68, 873, 12, 0, 3, 7, 26, 27, 62, 868, 31, 1, 5, 14, 25, 34, 67, 861, 17
6, 7, 8, 11, 43, 266, 681, 2, 5, 8, 8, 10, 35, 252, 703, 3, 6, 7, 9, 12, 49, 388, 552, 1
4, 53, 42, 56, 143, 665, 60, 1, 13, 52, 51, 91, 251, 543, 23, 0, 41, 55, 90, 229, 324, 282, 3, 0
13, 9, 26, 103, 484, 379, 9, 1, 16, 21, 64, 302, 493, 126, 2, 0, 33, 61, 273, 398, 242, 17, 0, 0
49, 25, 11, 18, 209, 668, 43, 1, 56, 22, 13, 49, 514, 366, 3, 1, 69, 14, 36, 463, 426, 15, 1, 0
34, 21, 46, 183, 364, 367, 9, 0, 38, 30, 103, 244, 443, 166, 0, 0, 56, 108, 199, 362, 289, 10, 0, 0
9, 173, 307, 431, 92, 12, 0, 0, 27, 266, 405, 299, 25, 2, 0, 0, 266, 445, 281, 28, 4, 0, 0, 0
0, 60, 695, 268, 1, 0, 0, 0, 0, 302, 702, 19, 1, 0, 0, 0, 297, 715, 11, 1, 0, 0, 0, 0
0, 381, 532, 100, 11, 0, 0, 0, 0, 640, 366, 18, 0, 0, 0, 0, 634, 374, 15, 1, 0, 0, 0, 0
4, 267, 409, 80, 7, 1, 0, 0, 49, 384, 312, 20, 3, 0, 0, 0, 411, 334, 19, 3, 1, 0, 0, 0
0, 0, 0, 0, 0, 0, 0, 1024, 0, 0, 0, 0, 0, 0, 0, 1024, 0, 0, 0, 0, 0, 0, 0, 1024
0, 262, 442, 52, 49, 35, 50, 134, 0, 185, 505, 57, 50, 29, 54, 144, 7, 400, 311, 44, 45, 34, 48, 135
161, 826, 37, 0, 0, 0, 0, 0, 61, 906, 57, 0, 0, 0, 0, 0, 327, 689, 8, 0, 0, 0, 0, 0
20, 469, 319, 129, 61, 18, 8, 0, 1, 264, 501, 157, 72, 20, 9, 0, 375, 359, 152, 78, 40, 14, 6, 0
365, 543, 100, 14, 1, 1, 0, 0, 294, 424, 283, 21, 1, 1, 0, 0, 778, 214, 26, 4, 2, 0, 0, 0
97, 112, 72, 78, 97, 113, 326, 129, 92, 116, 69, 75, 99, 113, 276, 184, 135, 91, 73, 66, 104, 106, 213, 236
53, 96, 85, 114, 124, 176, 225, 151, 38, 86, 91, 94, 131, 168, 240, 176, 61, 91, 77, 100, 115, 157, 221, 202
96, 60, 47, 62, 89, 143, 449, 78, 80, 73, 47, 53, 91, 132, 424, 124, 99, 59, 41, 56, 81, 122, 396, 170
22, 13, 11, 15, 41, 179, 692, 51, 21, 13, 11, 16, 37, 157, 701, 68, 20, 15, 11, 15, 38, 161, 663, 101
14, 26, 47, 51, 100, 250, 486, 50, 12, 22, 45, 48, 99, 235, 493, 70, 18, 28, 43, 55, 111, 247, 481, 41
0, 0, 1, 15, 67, 427, 513, 1, 0, 0, 1, 12, 63, 397, 547, 4, 0, 0, 1, 20, 83, 506, 413, 1
0, 2, 11, 32, 129, 759, 91, 0, 0, 2, 9, 34, 191, 767, 21, 0, 0, 5, 13, 98, 590, 318, 0, 0
32, 25, 17, 59, 281, 486, 123, 1, 43, 21, 24, 146, 352, 380, 58, 0, 53, 24, 103, 334, 242, 262, 6, 0
37, 34, 49, 50, 160, 638, 56, 0, 47, 45, 50, 67, 348, 461, 6, 0, 75, 51, 71, 273, 523, 31, 0, 0
0, 22, 86, 337, 400, 167, 12, 0, 7, 63, 205, 456, 230, 62, 1, 0, 54, 201, 461, 229, 74, 5, 0, 0
52, 81, 197, 486, 170, 32, 6, 0, 88, 123, 391, 355, 58, 9, 0, 0, 172, 425, 346, 63, 17, 1, 0, 0
252, 90, 482, 196, 4, 0, 0, 0, 278, 251, 464, 30, 1, 0, 0, 0, 452, 540, 31, 1, 0, 0, 0, 0
266, 498, 198, 62, 0, 0, 0, 0, 354, 486, 176, 8, 0, 0, 0, 0, 802, 212, 10, 0, 0, 0, 0, 0
10, 352, 375, 28, 3, 0, 0, 0, 65, 450, 244, 7, 2, 0, 0, 0, 459, 298, 8, 3, 0, 0, 0, 0
0, 0, 0, 0, 0, 0, 0, 1024, 0, 0, 0, 0, 0, 0, 0, 1024, 0, 0, 0, 0, 0, 0, 0, 1024
14, 329, 329, 37, 31, 33, 37, 214, 0, 188, 467, 46, 31, 33, 35, 224, 80, 403, 198, 29, 31, 36, 33, 214
68, 897, 59, 0, 0, 0, 0, 0, 22, 774, 228, 0, 0, 0, 0, 0, 561, 463, 0, 0, 0, 0, 0, 0
45, 797, 155, 20, 7, 0, 0, 0, 6, 576, 405, 32, 5, 0, 0, 0, 776, 212, 30, 6, 0, 0, 0, 0
360, 410, 61, 35, 59, 37, 62, 0, 291, 397, 139, 35, 55, 39, 67, 1, 694, 99, 40, 38, 51, 40, 60, 2
66, 192, 123, 80, 68, 77, 393, 25, 52, 175, 131, 94, 69, 77, 375, 51, 168, 152, 82, 60, 69, 65, 284, 144
142, 80, 59, 77, 92, 185, 344, 45, 136, 72, 61, 72, 94, 162, 358, 69, 154, 76, 53, 68, 93, 157, 340, 83
22, 11, 7, 12, 57, 184, 657, 74, 21, 8, 9, 11, 47, 156, 672, 100, 20, 11, 8, 14, 44, 143, 667, 117
9, 10, 11, 39, 95, 297, 450, 113, 9, 10, 11, 37, 90, 269, 462, 136, 9, 11, 10, 38, 86, 287, 457, 126
79, 32, 33, 73, 165, 337, 291, 14, 89, 22, 32, 69, 155, 338, 300, 19, 72, 39, 33, 70, 157, 342, 295, 16
247, 22, 6, 16, 84, 297, 345, 7, 254, 15, 6, 16, 84, 292, 350, 7, 240, 27, 6, 19, 104, 314, 306, 8
462, 35, 27, 40, 79, 310, 71, 0, 470, 33, 22, 43, 117, 302, 37, 0, 476, 34, 25, 77, 204, 199, 9, 0
576, 60, 11, 44, 186, 127, 20, 0, 617, 25, 12, 132, 150, 83, 5, 0, 634, 15, 110, 140, 90, 35, 0, 0
721, 91, 22, 13, 63, 96, 18, 0, 766, 54, 17, 43, 71, 70, 3, 0, 801, 32, 35, 61, 81, 14, 0, 0
891, 70, 6, 25, 31, 1, 0, 0, 943, 22, 14, 36, 9, 0, 0, 0, 960, 10, 41, 13, 0, 0, 0, 0
1012, 12, 0, 0, 0, 0, 0, 0, 1020, 4, 0, 0, 0, 0, 0, 0, 1024, 0, 0, 0, 0, 0, 0, 0
891, 117, 16, 0, 0, 0, 0, 0, 892, 115, 17, 0, 0, 0, 0, 0, 913, 103, 8, 0, 0, 0, 0, 0
989, 35, 0, 0, 0, 0, 0, 0, 999, 25, 0, 0, 0, 0, 0, 0, 1011, 13, 0, 0, 0, 0, 0, 0
132, 477, 148, 11, 0, 0, 0, 0, 287, 427, 54, 0, 0, 0, 0, 0, 609, 158, 1, 0, 0, 0, 0, 0
35, 137, 50, 27, 22, 32, 39, 682, 56, 115, 46, 31, 22, 33, 39, 682, 50, 134, 39, 27, 21, 32, 34, 687
15, 253, 321, 53, 38, 38, 59, 247, 0, 159, 379, 96, 39, 41, 61, 249, 167, 325, 126, 28, 38, 41, 57, 242
124, 752, 137, 11, 0, 0, 0, 0, 42, 692, 270, 19, 1, 0, 0, 0, 756, 251, 17, 0, 0, 0, 0, 0
265, 508, 179, 40, 24, 7, 1, 0, 207, 465, 266, 51, 26, 7, 2, 0, 637, 277, 62, 24, 18, 6, 0, 0
661, 250, 21, 17, 27, 30, 17, 1, 619, 284, 29, 17, 26, 32, 14, 3, 851, 65, 16, 16, 26, 29, 15, 6
454, 65, 30, 35, 61, 88, 233, 58, 463, 50, 29, 31, 52, 94, 204, 101, 451, 72, 28, 36, 53, 82, 170, 132
605, 59, 7, 10, 13, 12, 247, 71, 614, 50, 7, 10, 12, 13, 237, 81, 595, 64, 10, 10, 11, 13, 169, 152
739, 36, 7, 11, 9, 35, 154, 33, 753, 21, 9, 10, 6, 23, 168, 34, 718, 55, 8, 7, 9, 21, 150, 56
868, 73, 4, 8, 5, 9, 29, 28, 887, 54, 4, 9, 5, 12, 28, 25, 885, 56, 3, 8, 6, 9, 28, 29
1012, 12, 0, 0, 0, 0, 0, 0, 1017, 7, 0, 0, 0, 0, 0, 0, 1023, 1, 0, 0, 0, 0, 0, 0
1011, 13, 0, 0, 0, 0, 0, 0, 1016, 8, 0, 0, 0, 0, 0, 0, 1024, 0, 0, 0, 0, 0, 0, 0
980, 44, 0, 0, 0, 0, 0, 0, 995, 29, 0, 0, 0, 0, 0, 0, 1014, 10, 0, 0, 0, 0, 0, 0
958, 66, 0, 0, 0, 0, 0, 0, 993, 31, 0, 0, 0, 0, 0, 0, 1023, 1, 0, 0, 0, 0, 0, 0
978, 46, 0, 0, 0, 0, 0, 0, 991, 33, 0, 0, 0, 0, 0, 0, 1020, 4, 0, 0, 0, 0, 0, 0
1016, 8, 0, 0, 0, 0, 0, 0, 1019, 5, 0, 0, 0, 0, 0, 0, 1024, 0, 0, 0, 0, 0, 0, 0
1020, 4, 0, 0, 0, 0, 0, 0, 1023, 1, 0, 0, 0, 0, 0, 0, 1024, 0, 0, 0, 0, 0, 0, 0
998, 25, 1, 0, 0, 0, 0, 0, 996, 27, 1, 0, 0, 0, 0, 0, 1001, 23, 0, 0, 0, 0, 0, 0
950, 71, 3, 0, 0, 0, 0, 0, 951, 70, 3, 0, 0, 0, 0, 0, 967, 57, 0, 0, 0, 0, 0, 0
440, 259, 69, 0, 0, 0, 0, 0, 514, 242, 12, 0, 0, 0, 0, 0, 687, 81, 0, 0, 0, 0, 0, 0
762, 170, 11, 8, 5, 6, 8, 54, 800, 130, 11, 10, 6, 6, 4, 57, 867, 69, 10, 6, 5, 5, 8, 54
907, 88, 12, 4, 5, 1, 5, 2, 912, 79, 16, 5, 5, 0, 5, 2, 969, 28, 10, 4, 5, 1, 5, 2
970, 54, 0, 0, 0, 0, 0, 0, 976, 45, 3, 0, 0, 0, 0, 0, 1008, 16, 0, 0, 0, 0, 0, 0
969, 55, 0, 0, 0, 0, 0, 0, 997, 27, 0, 0, 0, 0, 0, 0, 1023, 1, 0, 0, 0, 0, 0, 0
969, 55, 0, 0, 0, 0, 0, 0, 980, 44, 0, 0, 0, 0, 0, 0, 1011, 13, 0, 0, 0, 0, 0, 0
944, 80, 0, 0, 0, 0, 0, 0, 969, 55, 0, 0, 0, 0, 0, 0, 1009, 15, 0, 0, 0, 0, 0, 0
952, 72, 0, 0, 0, 0, 0, 0, 975, 49, 0, 0, 0, 0, 0, 0, 1018, 6, 0, 0, 0, 0, 0, 0
967, 57, 0, 0, 0, 0, 0, 0, 977, 47, 0, 0, 0, 0, 0, 0, 1011, 13, 0, 0, 0, 0, 0, 0
967, 57, 0, 0, 0, 0, 0, 0, 986, 38, 0, 0, 0, 0, 0, 0, 1015, 9, 0, 0, 0, 0, 0, 0
932, 92, 0, 0, 0, 0, 0, 0, 955, 69, 0, 0, 0, 0, 0, 0, 1011, 13, 0, 0, 0, 0, 0, 0
958, 66, 0, 0, 0, 0, 0, 0, 976, 48, 0, 0, 0, 0, 0, 0, 1020, 4, 0, 0, 0, 0, 0, 0
933, 91, 0, 0, 0, 0, 0, 0, 966, 58, 0, 0, 0, 0, 0, 0, 1013, 11, 0, 0, 0, 0, 0, 0
916, 108, 0, 0, 0, 0, 0, 0, 954, 70, 0, 0, 0, 0, 0, 0, 1018, 6, 0, 0, 0, 0, 0, 0
958, 66, 0, 0, 0, 0, 0, 0, 982, 42, 0, 0, 0, 0, 0, 0, 1023, 1, 0, 0, 0, 0, 0, 0
979, 45, 0, 0, 0, 0, 0, 0, 997, 27, 0, 0, 0, 0, 0, 0, 1019, 5, 0, 0, 0, 0, 0, 0
1013, 11, 0, 0, 0, 0, 0, 0, 1021, 3, 0, 0, 0, 0, 0, 0, 1024, 0, 0, 0, 0, 0, 0, 0
1000, 24, 0, 0, 0, 0, 0, 0, 1003, 21, 0, 0, 0, 0, 0, 0, 1015, 9, 0, 0, 0, 0, 0, 0
797, 166, 59, 2, 0, 0, 0, 0, 825, 168, 30, 1, 0, 0, 0, 0, 889, 135, 0, 0, 0, 0, 0, 0
525, 178, 65, 0, 0, 0, 0, 0, 563, 170, 35, 0, 0, 0, 0, 0, 677, 91, 0, 0, 0, 0, 0, 0
931, 93, 0, 0, 0, 0, 0, 0, 947, 77, 0, 0, 0, 0, 0, 0, 1007, 17, 0, 0, 0, 0, 0, 0
882, 142, 0, 0, 0, 0, 0, 0, 906, 118, 0, 0, 0, 0, 0, 0, 988, 36, 0, 0, 0, 0, 0, 0
899, 125, 0, 0, 0, 0, 0, 0, 936, 88, 0, 0, 0, 0, 0, 0, 1000, 24, 0, 0, 0, 0, 0, 0
899, 125, 0, 0, 0, 0, 0, 0, 931, 93, 0, 0, 0, 0, 0, 0, 989, 35, 0, 0, 0, 0, 0, 0
954, 70, 0, 0, 0, 0, 0, 0, 976, 48, 0, 0, 0, 0, 0, 0, 1020, 4, 0, 0, 0, 0, 0, 0
947, 77, 0, 0, 0, 0, 0, 0, 964, 60, 0, 0, 0, 0, 0, 0, 1008, 16, 0, 0, 0, 0, 0, 0
897, 127, 0, 0, 0, 0, 0, 0, 938, 86, 0, 0, 0, 0, 0, 0, 1009, 15, 0, 0, 0, 0, 0, 0
890, 134, 0, 0, 0, 0, 0, 0, 918, 106, 0, 0, 0, 0, 0, 0, 996, 28, 0, 0, 0, 0, 0, 0
860, 164, 0, 0, 0, 0, 0, 0, 907, 117, 0, 0, 0, 0, 0, 0, 993, 31, 0, 0, 0, 0, 0, 0
769, 255, 0, 0, 0, 0, 0, 0, 850, 174, 0, 0, 0, 0, 0, 0, 973, 51, 0, 0, 0, 0, 0, 0
713, 309, 2, 0, 0, 0, 0, 0, 774, 248, 2, 0, 0, 0, 0, 0, 938, 84, 2, 0, 0, 0, 0, 0
822, 167, 18, 5, 8, 3, 1, 0, 863, 126, 18, 5, 8, 3, 1, 0, 940, 58, 12, 5, 6, 2, 1, 0
682, 272, 22, 21, 13, 11, 3, 0, 758, 196, 25, 21, 15, 6, 3, 0, 910, 50, 27, 16, 15, 6, 0, 0
564, 311, 62, 31, 29, 26, 1, 0, 686, 196, 63, 26, 39, 14, 0, 0, 814, 99, 47, 35, 28, 1, 0, 0
530, 185, 81, 163, 58, 7, 0, 0, 599, 127, 108, 162, 27, 1, 0, 0, 672, 98, 183, 62, 9, 0, 0, 0
453, 125, 176, 164, 93, 11, 2, 0, 469, 132, 224, 153, 41, 5, 0, 0, 545, 173, 234, 59, 12, 1, 0, 0
384, 209, 333, 82, 14, 2, 0, 0, 430, 302, 258, 25, 8, 1, 0, 0, 568, 359, 84, 12, 0, 1, 0, 0
23, 336, 566, 99, 0, 0, 0, 0, 104, 590, 319, 11, 0, 0, 0, 0, 590, 423, 11, 0, 0, 0, 0, 0
2, 285, 445, 36, 0, 0, 0, 0, 24, 401, 341, 2, 0, 0, 0, 0, 337, 430, 1, 0, 0, 0, 0, 0
918, 106, 0, 0, 0, 0, 0, 0, 950, 74, 0, 0, 0, 0, 0, 0, 1004, 20, 0, 0, 0, 0, 0, 0
855, 169, 0, 0, 0, 0, 0, 0, 887, 137, 0, 0, 0, 0, 0, 0, 981, 43, 0, 0, 0, 0, 0, 0
747, 277, 0, 0, 0, 0, 0, 0, 877, 147, 0, 0, 0, 0, 0, 0, 960, 64, 0, 0, 0, 0, 0, 0
597, 427, 0, 0, 0, 0, 0, 0, 807, 217, 0, 0, 0, 0, 0, 0, 929, 95, 0, 0, 0, 0, 0, 0
742, 281, 1, 0, 0, 0, 0, 0, 872, 151, 1, 0, 0, 0, 0, 0, 976, 47, 1, 0, 0, 0, 0, 0
534, 379, 20, 12, 10, 14, 42, 13, 687, 225, 13, 16, 12, 12, 25, 34, 837, 77, 20, 13, 8, 15, 35, 19
471, 402, 56, 38, 26, 25, 6, 0, 586, 269, 63, 38, 30, 22, 16, 0, 754, 133, 53, 31, 24, 23, 6, 0
504, 284, 76, 60, 51, 39, 10, 0, 550, 232, 73, 68, 44, 44, 13, 0, 652, 141, 73, 54, 57, 37, 10, 0
276, 198, 63, 100, 109, 151, 125, 2, 304, 170, 67, 93, 105, 149, 134, 2, 370, 106, 61, 98, 108, 137, 140, 4
157, 204, 182, 105, 140, 214, 22, 0, 163, 217, 170, 97, 133, 218, 26, 0, 238, 180, 144, 99, 124, 221, 18, 0
64, 126, 64, 36, 96, 631, 7, 0, 67, 120, 63, 39, 80, 627, 28, 0, 112, 106, 42, 31, 105, 621, 7, 0
145, 70, 42, 51, 149, 465, 102, 0, 137, 79, 44, 60, 162, 454, 88, 0, 185, 47, 44, 102, 187, 427, 32, 0
128, 114, 69, 88, 142, 349, 132, 2, 181, 87, 67, 106, 191, 377, 15, 0, 230, 66, 97, 170, 401, 60, 0, 0
79, 102, 179, 200, 237, 226, 1, 0, 129, 113, 224, 207, 258, 93, 0, 0, 189, 224, 222, 230, 158, 1, 0, 0
1, 14, 66, 314, 510, 108, 11, 0, 10, 41, 187, 511, 250, 25, 0, 0, 26, 163, 485, 311, 39, 0, 0, 0
0, 1, 83, 423, 428, 79, 9, 1, 1, 37, 287, 511, 170, 17, 1, 0, 16, 237, 506, 240, 24, 1, 0, 0
0, 91, 406, 350, 143, 30, 4, 0, 27, 312, 418, 211, 51, 5, 0, 0, 192, 495, 261, 66, 10, 0, 0, 0
0, 145, 757, 107, 14, 1, 0, 0, 4, 561, 429, 26, 4, 0, 0, 0, 401, 584, 34, 5, 0, 0, 0, 0
0, 48, 479, 239, 2, 0, 0, 0, 0, 191, 538, 38, 1, 0, 0, 0, 186, 557, 25, 0, 0, 0, 0, 0
