0, 0, 0, 0, 2, 47, 503, 472, 0, 0, 0, 0, 2, 18, 515, 489, 0, 0, 0, 0, 2, 54, 953, 15
0, 0, 36, 52, 38, 54, 57, 787, 0, 0, 43, 49, 38, 55, 72, 767, 0, 38, 36, 27, 39, 60, 725, 99
0, 0, 19, 351, 141, 86, 93, 334, 0, 0, 38, 374, 113, 81, 95, 323, 79, 144, 163, 109, 73, 74, 239, 143
0, 0, 19, 678, 138, 79, 73, 37, 0, 1, 274, 489, 89, 67, 72, 32, 514, 164, 72, 78, 57, 77, 57, 5
0, 0, 249, 775, 0, 0, 0, 0, 0, 12, 824, 188, 0, 0, 0, 0, 821, 203, 0, 0, 0, 0, 0, 0
0, 93, 668, 260, 3, 0, 0, 0, 0, 141, 813, 70, 0, 0, 0, 0, 308, 710, 6, 0, 0, 0, 0, 0
0, 493, 444, 86, 1, 0, 0, 0, 0, 528, 457, 39, 0, 0, 0, 0, 185, 823, 16, 0, 0, 0, 0, 0
1, 660, 333, 30, 0, 0, 0, 0, 0, 687, 321, 16, 0, 0, 0, 0, 133, 880, 10, 1, 0, 0, 0, 0
6, 800, 159, 55, 4, 0, 0, 0, 0, 832, 170, 21, 1, 0, 0, 0, 178, 832, 13, 1, 0, 0, 0, 0
11, 686, 198, 124, 5, 0, 0, 0, 2, 757, 175, 89, 1, 0, 0, 0, 247, 760, 17, 0, 0, 0, 0, 0
202, 744, 43, 35, 0, 0, 0, 0, 8, 943, 56, 17, 0, 0, 0, 0, 65, 950, 9, 0, 0, 0, 0, 0
476, 536, 12, 0, 0, 0, 0, 0, 2, 999, 22, 1, 0, 0, 0, 0, 82, 936, 6, 0, 0, 0, 0, 0
212, 782, 30, 0, 0, 0, 0, 0, 6, 991, 26, 1, 0, 0, 0, 0, 85, 933, 5, 1, 0, 0, 0, 0
6, 858, 159, 1, 0, 0, 0, 0, 1, 930, 93, 0, 0, 0, 0, 0, 102, 918, 4, 0, 0, 0, 0, 0
2, 861, 161, 0, 0, 0, 0, 0, 0, 869, 155, 0, 0, 0, 0, 0, 43, 968, 13, 0, 0, 0, 0, 0
4, 582, 383, 55, 0, 0, 0, 0, 2, 646, 366, 10, 0, 0, 0, 0, 70, 933, 21, 0, 0, 0, 0, 0
0, 399, 569, 56, 0, 0, 0, 0, 0, 561, 461, 2, 0, 0, 0, 0, 164, 851, 9, 0, 0, 0, 0, 0
40, 963, 21, 0, 0, 0, 0, 0, 0, 987, 37, 0, 0, 0, 0, 0, 34, 977, 13, 0, 0, 0, 0, 0
51, 769, 170, 34, 0, 0, 0, 0, 1, 785, 225, 13, 0, 0, 0, 0, 138, 880, 6, 0, 0, 0, 0, 0
650, 374, 0, 0, 0, 0, 0, 0, 34, 990, 0, 0, 0, 0, 0, 0, 185, 839, 0, 0, 0, 0, 0, 0
199, 813, 10, 2, 0, 0, 0, 0, 3, 1007, 12, 2, 0, 0, 0, 0, 205, 817, 2, 0, 0, 0, 0, 0
35, 862, 116, 10, 1, 0, 0, 0, 3, 946, 68, 7, 0, 0, 0, 0, 210, 802, 10, 2, 0, 0, 0, 0
1, 750, 270, 3, 0, 0, 0, 0, 1, 910, 113, 0, 0, 0, 0, 0, 178, 846, 0, 0, 0, 0, 0, 0
30, 989, 5, 0, 0, 0, 0, 0, 0, 1019, 5, 0, 0, 0, 0, 0, 193, 828, 3, 0, 0, 0, 0, 0
0, 0, 0, 0, 0, 0, 0, 1024, 0, 0, 0, 0, 0, 0, 0, 1024, 0, 0, 0, 0, 0, 0, 971, 53
0, 0, 0, 0, 0, 0, 0, 1024, 0, 0, 0, 0, 0, 0, 0, 1024, 0, 0, 0, 0, 0, 0, 931, 93
0, 0, 0, 0, 6, 33, 53, 932, 0, 0, 0, 0, 9, 33, 58, 924, 0, 0, 0, 2, 24, 45, 921, 32
0, 0, 0, 335, 259, 136, 127, 167, 0, 0, 16, 401, 194, 129, 131, 153, 50, 244, 142, 140, 129, 114, 176, 29
0, 0, 145, 804, 60, 11, 4, 0, 0, 2, 391, 596, 24, 9, 2, 0, 677, 291, 36, 13, 6, 1, 0, 0
0, 55, 705, 263, 1, 0, 0, 0, 0, 50, 839, 135, 0, 0, 0, 0, 380, 643, 1, 0, 0, 0, 0, 0
0, 169, 591, 263, 1, 0, 0, 0, 0, 164, 736, 124, 0, 0, 0, 0, 268, 755, 1, 0, 0, 0, 0, 0
0, 222, 613, 188, 1, 0, 0, 0, 0, 216, 675, 133, 0, 0, 0, 0, 292, 711, 21, 0, 0, 0, 0, 0
1, 809, 136, 77, 1, 0, 0, 0, 0, 776, 197, 51, 0, 0, 0, 0, 118, 882, 22, 2, 0, 0, 0, 0
4, 998, 18, 4, 0, 0, 0, 0, 0, 990, 25, 9, 0, 0, 0, 0, 15, 991, 16, 2, 0, 0, 0, 0
104, 920, 0, 0, 0, 0, 0, 0, 0, 1024, 0, 0, 0, 0, 0, 0, 4, 1020, 0, 0, 0, 0, 0, 0
386, 638, 0, 0, 0, 0, 0, 0, 0, 1024, 0, 0, 0, 0, 0, 0, 4, 1020, 0, 0, 0, 0, 0, 0
106, 911, 7, 0, 0, 0, 0, 0, 0, 1006, 18, 0, 0, 0, 0, 0, 10, 1010, 4, 0, 0, 0, 0, 0
7, 543, 376, 91, 7, 0, 0, 0, 0, 638, 355, 25, 6, 0, 0, 0, 122, 867, 32, 3, 0, 0, 0, 0
0, 846, 167, 9, 2, 0, 0, 0, 0, 801, 210, 9, 4, 0, 0, 0, 31, 968, 20, 5, 0, 0, 0, 0
0, 471, 486, 67, 0, 0, 0, 0, 0, 514, 501, 9, 0, 0, 0, 0, 26, 991, 7, 0, 0, 0, 0, 0
43, 352, 488, 140, 1, 0, 0, 0, 2, 473, 513, 36, 0, 0, 0, 0, 120, 875, 29, 0, 0, 0, 0, 0
26, 586, 340, 67, 5, 0, 0, 0, 1, 459, 429, 114, 21, 0, 0, 0, 131, 751, 115, 27, 0, 0, 0, 0
259, 664, 99, 2, 0, 0, 0, 0, 0, 852, 160, 12, 0, 0, 0, 0, 77, 929, 18, 0, 0, 0, 0, 0
684, 333, 7, 0, 0, 0, 0, 0, 28, 976, 20, 0, 0, 0, 0, 0, 38, 981, 5, 0, 0, 0, 0, 0
106, 859, 44, 13, 2, 0, 0, 0, 3, 948, 66, 7, 0, 0, 0, 0, 154, 863, 7, 0, 0, 0, 0, 0
44, 725, 231, 24, 0, 0, 0, 0, 4, 817, 192, 11, 0, 0, 0, 0, 202, 801, 21, 0, 0, 0, 0, 0
9, 563, 392, 60, 0, 0, 0, 0, 0, 723, 279, 22, 0, 0, 0, 0, 252, 767, 5, 0, 0, 0, 0, 0
0, 925, 99, 0, 0, 0, 0, 0, 0, 952, 72, 0, 0, 0, 0, 0, 126, 898, 0, 0, 0, 0, 0, 0
0, 0, 0, 0, 0, 0, 0, 1024, 0, 0, 0, 0, 0, 0, 0, 1024, 0, 0, 0, 0, 0, 0, 995, 29
0, 0, 0, 0, 0, 0, 0, 1024, 0, 0, 0, 0, 0, 0, 0, 1024, 0, 0, 0, 0, 0, 0, 1024, 0
0, 0, 0, 0, 0, 0, 0, 1024, 0, 0, 0, 0, 0, 0, 0, 1024, 0, 0, 0, 0, 0, 0, 1024, 0
0, 0, 0, 18, 43, 42, 82, 839, 0, 0, 0, 34, 46, 60, 108, 776, 0, 4, 37, 46, 49, 84, 750, 54
0, 0, 19, 374, 514, 100, 12, 5, 0, 0, 77, 801, 115, 21, 6, 4, 408, 437, 126, 30, 15, 4, 4, 0
0, 0, 27, 732, 265, 0, 0, 0, 0, 0, 198, 817, 9, 0, 0, 0, 716, 308, 0, 0, 0, 0, 0, 0
0, 0, 158, 785, 80, 1, 0, 0, 0, 13, 493, 503, 15, 0, 0, 0, 663, 359, 2, 0, 0, 0, 0, 0
0, 163, 315, 267, 215, 63, 1, 0, 0, 115, 431, 368, 107, 3, 0, 0, 355, 644, 25, 0, 0, 0, 0, 0
0, 574, 281, 92, 52, 25, 0, 0, 0, 492, 391, 100, 39, 2, 0, 0, 180, 806, 36, 1, 1, 0, 0, 0
0, 733, 153, 61, 54, 23, 0, 0, 0, 724, 182, 77, 40, 1, 0, 0, 145, 855, 24, 0, 0, 0, 0, 0
40, 972, 12, 0, 0, 0, 0, 0, 0, 946, 78, 0, 0, 0, 0, 0, 25, 994, 5, 0, 0, 0, 0, 0
32, 986, 6, 0, 0, 0, 0, 0, 0, 999, 25, 0, 0, 0, 0, 0, 28, 993, 3, 0, 0, 0, 0, 0
7, 787, 226, 4, 0, 0, 0, 0, 0, 740, 279, 5, 0, 0, 0, 0, 82, 937, 5, 0, 0, 0, 0, 0
0, 183, 398, 438, 5, 0, 0, 0, 0, 233, 529, 262, 0, 0, 0, 0, 73, 844, 107, 0, 0, 0, 0, 0
0, 636, 361, 27, 0, 0, 0, 0, 0, 620, 377, 27, 0, 0, 0, 0, 34, 952, 36, 2, 0, 0, 0, 0
0, 154, 618, 248, 4, 0, 0, 0, 0, 172, 713, 138, 1, 0, 0, 0, 26, 908, 88, 2, 0, 0, 0, 0
9, 402, 530, 82, 1, 0, 0, 0, 0, 345, 615, 64, 0, 0, 0, 0, 57, 691, 276, 0, 0, 0, 0, 0
8, 688, 278, 49, 1, 0, 0, 0, 0, 485, 383, 140, 16, 0, 0, 0, 152, 764, 86, 22, 0, 0, 0, 0
6, 424, 403, 188, 3, 0, 0, 0, 0, 252, 413, 350, 9, 0, 0, 0, 127, 585, 281, 31, 0, 0, 0, 0
423, 500, 60, 41, 0, 0, 0, 0, 4, 884, 67, 59, 10, 0, 0, 0, 103, 833, 61, 27, 0, 0, 0, 0
56, 791, 160, 17, 0, 0, 0, 0, 3, 731, 265, 25, 0, 0, 0, 0, 163, 818, 42, 1, 0, 0, 0, 0
34, 837, 134, 17, 2, 0, 0, 0, 6, 847, 152, 17, 2, 0, 0, 0, 140, 863, 20, 1, 0, 0, 0, 0
1, 389, 449, 185, 0, 0, 0, 0, 0, 477, 501, 46, 0, 0, 0, 0, 228, 788, 8, 0, 0, 0, 0, 0
13, 442, 500, 69, 0, 0, 0, 0, 1, 636, 379, 8, 0, 0, 0, 0, 276, 744, 4, 0, 0, 0, 0, 0
0, 0, 0, 0, 0, 0, 0, 1024, 0, 0, 0, 0, 0, 0, 0, 1024, 0, 0, 0, 0, 0, 0, 1024, 0
0, 0, 0, 0, 0, 0, 0, 1024, 0, 0, 0, 0, 0, 0, 0, 1024, 0, 0, 0, 0, 0, 0, 1024, 0
0, 0, 0, 0, 0, 0, 0, 1024, 0, 0, 0, 0, 0, 0, 0, 1024, 0, 0, 0, 0, 0, 0, 1024, 0
0, 0, 0, 0, 0, 42, 104, 878, 0, 0, 0, 1, 71, 60, 72, 820, 24, 24, 41, 40, 42, 59, 754, 40
0, 0, 0, 1, 83, 434, 323, 183, 0, 0, 0, 157, 453, 233, 118, 63, 359, 236, 145, 105, 75, 64, 36, 4
0, 0, 0, 109, 488, 321, 96, 10, 0, 0, 6, 568, 381, 62, 6, 1, 735, 260, 24, 4, 1, 0, 0, 0
0, 0, 24, 413, 269, 266, 52, 0, 0, 0, 125, 580, 288, 31, 0, 0, 526, 497, 1, 0, 0, 0, 0, 0
0, 0, 180, 549, 186, 88, 21, 0, 0, 0, 377, 500, 133, 14, 0, 0, 423, 588, 13, 0, 0, 0, 0, 0
1, 365, 149, 121, 177, 190, 21, 0, 0, 368, 196, 208, 223, 29, 0, 0, 406, 563, 55, 0, 0, 0, 0, 0
18, 756, 113, 62, 53, 22, 0, 0, 0, 757, 144, 80, 41, 2, 0, 0, 158, 838, 28, 0, 0, 0, 0, 0
54, 954, 16, 0, 0, 0, 0, 0, 0, 968, 56, 0, 0, 0, 0, 0, 61, 962, 1, 0, 0, 0, 0, 0
38, 953, 33, 0, 0, 0, 0, 0, 1, 905, 117, 1, 0, 0, 0, 0, 48, 969, 7, 0, 0, 0, 0, 0
0, 547, 401, 74, 2, 0, 0, 0, 0, 491, 475, 58, 0, 0, 0, 0, 186, 808, 30, 0, 0, 0, 0, 0
0, 38, 379, 563, 44, 0, 0, 0, 0, 83, 434, 476, 31, 0, 0, 0, 78, 462, 452, 32, 0, 0, 0, 0
0, 292, 654, 70, 8, 0, 0, 0, 0, 286, 674, 58, 6, 0, 0, 0, 58, 885, 70, 11, 0, 0, 0, 0
0, 12, 560, 450, 2, 0, 0, 0, 0, 34, 715, 275, 0, 0, 0, 0, 16, 715, 293, 0, 0, 0, 0, 0
15, 434, 256, 293, 26, 0, 0, 0, 0, 448, 340, 212, 24, 0, 0, 0, 33, 628, 328, 33, 2, 0, 0, 0
9, 1011, 4, 0, 0, 0, 0, 0, 0, 1018, 6, 0, 0, 0, 0, 0, 6, 1014, 4, 0, 0, 0, 0, 0
53, 477, 215, 277, 2, 0, 0, 0, 1, 530, 150, 341, 2, 0, 0, 0, 58, 560, 395, 10, 1, 0, 0, 0
516, 504, 4, 0, 0, 0, 0, 0, 1, 1003, 19, 1, 0, 0, 0, 0, 29, 989, 6, 0, 0, 0, 0, 0
25, 787, 210, 2, 0, 0, 0, 0, 0, 616, 384, 24, 0, 0, 0, 0, 171, 836, 17, 0, 0, 0, 0, 0
20, 432, 437, 127, 8, 0, 0, 0, 1, 491, 442, 84, 6, 0, 0, 0, 320, 670, 30, 4, 0, 0, 0, 0
0, 198, 453, 344, 21, 7, 1, 0, 0, 256, 581, 173, 10, 4, 0, 0, 364, 615, 36, 9, 0, 0, 0, 0
5, 653, 257, 94, 15, 0, 0, 0, 4, 721, 255, 43, 1, 0, 0, 0, 273, 741, 10, 0, 0, 0, 0, 0
0, 0, 0, 0, 0, 0, 0, 1024, 0, 0, 0, 0, 0, 0, 0, 1024, 0, 0, 0, 0, 0, 0, 1020, 4
0, 0, 0, 0, 0, 0, 0, 1024, 0, 0, 0, 0, 0, 0, 0, 1024, 0, 0, 0, 0, 0, 0, 1024, 0
0, 0, 0, 0, 0, 0, 0, 1024, 0, 0, 0, 0, 0, 0, 0, 1024, 0, 0, 0, 0, 0, 0, 1024, 0
0, 0, 0, 0, 0, 0, 0, 1024, 0, 0, 0, 0, 0, 0, 2, 1022, 0, 0, 0, 0, 0, 4, 1020, 0
0, 0, 0, 0, 0, 5, 79, 940, 0, 0, 0, 0, 3, 62, 120, 839, 0, 1, 22, 44, 63, 93, 791, 10
0, 0, 0, 2, 27, 231, 443, 321, 0, 0, 0, 44, 308, 351, 91, 230, 480, 114, 77, 56, 48, 44, 183, 22
0, 0, 96, 195, 170, 397, 166, 0, 0, 0, 88, 340, 477, 119, 0, 0, 516, 429, 74, 4, 1, 0, 0, 0
0, 23, 626, 264, 66, 40, 5, 0, 0, 0, 671, 295, 54, 4, 0, 0, 216, 800, 8, 0, 0, 0, 0, 0
0, 147, 421, 447, 9, 0, 0, 0, 0, 99, 646, 278, 1, 0, 0, 0, 332, 691, 1, 0, 0, 0, 0, 0
1, 492, 363, 160, 8, 0, 0, 0, 0, 410, 504, 108, 2, 0, 0, 0, 254, 752, 18, 0, 0, 0, 0, 0
25, 695, 294, 10, 0, 0, 0, 0, 0, 603, 380, 41, 0, 0, 0, 0, 131, 867, 26, 0, 0, 0, 0, 0
53, 807, 117, 43, 4, 0, 0, 0, 0, 843, 156, 25, 0, 0, 0, 0, 83, 914, 27, 0, 0, 0, 0, 0
11, 457, 323, 233, 0, 0, 0, 0, 0, 458, 462, 104, 0, 0, 0, 0, 206, 787, 31, 0, 0, 0, 0, 0
0, 3, 572, 449, 0, 0, 0, 0, 0, 23, 851, 150, 0, 0, 0, 0, 93, 867, 64, 0, 0, 0, 0, 0
0, 86, 613, 320, 5, 0, 0, 0, 0, 102, 666, 256, 0, 0, 0, 0, 18, 749, 257, 0, 0, 0, 0, 0
0, 18, 462, 544, 0, 0, 0, 0, 0, 19, 506, 499, 0, 0, 0, 0, 4, 357, 603, 60, 0, 0, 0, 0
0, 723, 63, 238, 0, 0, 0, 0, 0, 721, 72, 231, 0, 0, 0, 0, 2, 757, 227, 38, 0, 0, 0, 0
0, 985, 39, 0, 0, 0, 0, 0, 0, 978, 46, 0, 0, 0, 0, 0, 0, 1022, 2, 0, 0, 0, 0, 0
50, 496, 216, 262, 0, 0, 0, 0, 0, 537, 122, 363, 2, 0, 0, 0, 31, 566, 407, 20, 0, 0, 0, 0
130, 894, 0, 0, 0, 0, 0, 0, 1, 994, 29, 0, 0, 0, 0, 0, 11, 1012, 1, 0, 0, 0, 0, 0
16, 787, 213, 8, 0, 0, 0, 0, 0, 494, 487, 43, 0, 0, 0, 0, 110, 898, 16, 0, 0, 0, 0, 0
11, 508, 478, 27, 0, 0, 0, 0, 0, 447, 507, 70, 0, 0, 0, 0, 309, 697, 18, 0, 0, 0, 0, 0
0, 121, 220, 655, 28, 0, 0, 0, 0, 148, 537, 330, 9, 0, 0, 0, 362, 624, 37, 1, 0, 0, 0, 0
0, 457, 333, 233, 1, 0, 0, 0, 1, 504, 395, 124, 0, 0, 0, 0, 333, 683, 8, 0, 0, 0, 0, 0
0, 0, 0, 0, 0, 0, 0, 1024, 0, 0, 0, 0, 0, 0, 0, 1024, 0, 0, 0, 0, 0, 0, 1000, 24
0, 0, 0, 0, 0, 0, 0, 1024, 0, 0, 0, 0, 0, 0, 0, 1024, 0, 0, 0, 0, 0, 0, 1000, 24
0, 0, 0, 0, 0, 0, 0, 1024, 0, 0, 0, 0, 0, 0, 0, 1024, 0, 0, 0, 0, 0, 0, 1024, 0
0, 0, 0, 0, 0, 0, 0, 1024, 0, 0, 0, 0, 0, 0, 0, 1024, 0, 0, 0, 0, 0, 0, 1024, 0
0, 0, 0, 0, 0, 0, 0, 1024, 0, 0, 0, 0, 0, 0, 0, 1024, 0, 0, 0, 0, 0, 0, 1024, 0
0, 0, 11, 61, 28, 30, 39, 855, 0, 0, 6, 68, 28, 28, 43, 851, 0, 0, 59, 36, 32, 38, 844, 15
0, 3, 372, 334, 178, 53, 30, 54, 0, 0, 271, 553, 89, 26, 30, 55, 70, 528, 262, 45, 28, 28, 49, 14
0, 0, 209, 511, 285, 19, 0, 0, 0, 0, 171, 816, 37, 0, 0, 0, 81, 910, 33, 0, 0, 0, 0, 0
0, 0, 223, 773, 28, 0, 0, 0, 0, 0, 381, 643, 0, 0, 0, 0, 164, 849, 11, 0, 0, 0, 0, 0
0, 255, 436, 293, 40, 0, 0, 0, 0, 131, 608, 285, 0, 0, 0, 0, 390, 630, 4, 0, 0, 0, 0, 0
0, 544, 307, 173, 0, 0, 0, 0, 0, 396, 487, 141, 0, 0, 0, 0, 247, 774, 3, 0, 0, 0, 0, 0
0, 396, 561, 66, 1, 0, 0, 0, 0, 228, 665, 128, 3, 0, 0, 0, 124, 868, 31, 1, 0, 0, 0, 0
2, 339, 290, 372, 20, 1, 0, 0, 0, 293, 405, 323, 3, 0, 0, 0, 190, 784, 48, 2, 0, 0, 0, 0
0, 0, 386, 638, 0, 0, 0, 0, 0, 0, 812, 212, 0, 0, 0, 0, 83, 934, 7, 0, 0, 0, 0, 0
0, 24, 380, 620, 0, 0, 0, 0, 0, 26, 479, 519, 0, 0, 0, 0, 8, 360, 645, 11, 0, 0, 0, 0
0, 0, 297, 727, 0, 0, 0, 0, 0, 1, 271, 752, 0, 0, 0, 0, 0, 62, 614, 348, 0, 0, 0, 0
0, 642, 228, 154, 0, 0, 0, 0, 0, 609, 261, 153, 1, 0, 0, 0, 24, 824, 67, 109, 0, 0, 0, 0
0, 696, 292, 36, 0, 0, 0, 0, 0, 700, 313, 11, 0, 0, 0, 0, 66, 953, 5, 0, 0, 0, 0, 0
51, 477, 167, 329, 0, 0, 0, 0, 0, 500, 143, 381, 0, 0, 0, 0, 55, 554, 280, 135, 0, 0, 0, 0
147, 852, 23, 2, 0, 0, 0, 0, 0, 942, 81, 1, 0, 0, 0, 0, 43, 978, 3, 0, 0, 0, 0, 0
24, 714, 276, 10, 0, 0, 0, 0, 0, 465, 432, 127, 0, 0, 0, 0, 156, 829, 39, 0, 0, 0, 0, 0
10, 372, 554, 87, 1, 0, 0, 0, 0, 218, 608, 197, 1, 0, 0, 0, 319, 683, 22, 0, 0, 0, 0, 0
0, 52, 376, 576, 20, 0, 0, 0, 0, 110, 541, 372, 1, 0, 0, 0, 318, 688, 18, 0, 0, 0, 0, 0
0, 114, 501, 405, 4, 0, 0, 0, 0, 170, 669, 185, 0, 0, 0, 0, 358, 656, 10, 0, 0, 0, 0, 0
0, 0, 0, 0, 0, 0, 0, 1024, 0, 0, 0, 0, 0, 0, 0, 1024, 0, 0, 0, 0, 0, 0, 976, 48
0, 0, 0, 0, 0, 0, 0, 1024, 0, 0, 0, 0, 0, 0, 0, 1024, 0, 0, 0, 0, 0, 0, 1024, 0
0, 0, 0, 0, 0, 0, 0, 1024, 0, 0, 0, 0, 0, 0, 0, 1024, 0, 0, 0, 0, 0, 0, 1024, 0
0, 0, 0, 0, 0, 0, 0, 1024, 0, 0, 0, 0, 0, 0, 0, 1024, 0, 0, 0, 0, 0, 0, 1024, 0
0, 0, 0, 0, 0, 0, 0, 1024, 0, 0, 0, 0, 0, 0, 0, 1024, 0, 0, 0, 0, 0, 0, 1024, 0
0, 0, 0, 0, 0, 0, 1, 1023, 0, 0, 0, 0, 0, 0, 2, 1022, 0, 0, 0, 0, 0, 0, 1024, 0
0, 0, 192, 319, 107, 87, 53, 266, 0, 0, 73, 458, 139, 43, 49, 262, 33, 225, 321, 87, 41, 50, 256, 11
0, 0, 75, 297, 421, 227, 4, 0, 0, 0, 116, 623, 282, 3, 0, 0, 157, 794, 72, 1, 0, 0, 0, 0
0, 0, 137, 501, 349, 37, 0, 0, 0, 0, 192, 737, 95, 0, 0, 0, 113, 844, 67, 0, 0, 0, 0, 0
0, 0, 115, 484, 372, 53, 0, 0, 0, 0, 127, 797, 100, 0, 0, 0, 307, 685, 32, 0, 0, 0, 0, 0
0, 61, 760, 192, 11, 0, 0, 0, 0, 14, 536, 473, 1, 0, 0, 0, 229, 773, 22, 0, 0, 0, 0, 0
0, 301, 678, 45, 0, 0, 0, 0, 0, 70, 692, 262, 0, 0, 0, 0, 208, 785, 31, 0, 0, 0, 0, 0
1, 73, 411, 525, 14, 0, 0, 0, 0, 66, 466, 492, 0, 0, 0, 0, 190, 718, 116, 0, 0, 0, 0, 0
0, 0, 106, 911, 7, 0, 0, 0, 0, 0, 357, 667, 0, 0, 0, 0, 4, 691, 329, 0, 0, 0, 0, 0
0, 1, 113, 901, 9, 0, 0, 0, 0, 1, 226, 791, 6, 0, 0, 0, 1, 74, 871, 78, 0, 0, 0, 0
0, 1, 213, 591, 218, 1, 0, 0, 0, 0, 262, 569, 193, 0, 0, 0, 0, 78, 461, 412, 73, 0, 0, 0
0, 733, 249, 41, 1, 0, 0, 0, 0, 542, 441, 40, 1, 0, 0, 0, 81, 893, 38, 12, 0, 0, 0, 0
0, 484, 486, 54, 0, 0, 0, 0, 0, 434, 573, 17, 0, 0, 0, 0, 164, 849, 10, 1, 0, 0, 0, 0
3, 444, 209, 365, 3, 0, 0, 0, 0, 418, 246, 357, 3, 0, 0, 0, 182, 462, 226, 154, 0, 0, 0, 0
39, 934, 30, 14, 7, 0, 0, 0, 0, 933, 73, 15, 3, 0, 0, 0, 86, 919, 17, 2, 0, 0, 0, 0
4, 666, 344, 10, 0, 0, 0, 0, 0, 375, 611, 37, 1, 0, 0, 0, 206, 798, 20, 0, 0, 0, 0, 0
2, 231, 444, 347, 0, 0, 0, 0, 0, 114, 646, 264, 0, 0, 0, 0, 410, 604, 10, 0, 0, 0, 0, 0
0, 19, 290, 656, 56, 3, 0, 0, 0, 42, 513, 452, 16, 1, 0, 0, 392, 573, 56, 3, 0, 0, 0, 0
8, 291, 399, 284, 39, 3, 0, 0, 4, 341, 526, 128, 25, 0, 0, 0, 344, 612, 53, 15, 0, 0, 0, 0
0, 0, 0, 0, 0, 0, 0, 1024, 0, 0, 0, 0, 0, 0, 0, 1024, 0, 0, 0, 0, 0, 0, 214, 810
0, 0, 0, 0, 0, 0, 0, 1024, 0, 0, 0, 0, 0, 0, 0, 1024, 0, 0, 0, 0, 0, 0, 448, 576
0, 0, 0, 0, 0, 0, 0, 1024, 0, 0, 0, 0, 0, 0, 0, 1024, 0, 0, 0, 0, 0, 0, 1024, 0
0, 0, 0, 0, 0, 0, 0, 1024, 0, 0, 0, 0, 0, 0, 0, 1024, 0, 0, 0, 0, 0, 0, 1024, 0
0, 0, 0, 0, 0, 0, 0, 1024, 0, 0, 0, 0, 0, 0, 0, 1024, 0, 0, 0, 0, 0, 0, 1024, 0
0, 0, 0, 0, 0, 0, 0, 1024, 0, 0, 0, 0, 0, 0, 0, 1024, 0, 0, 0, 0, 0, 0, 1024, 0
0, 0, 3, 63, 32, 29, 42, 855, 0, 0, 0, 62, 38, 36, 47, 841, 0, 2, 57, 38, 35, 38, 848, 6
0, 0, 245, 293, 216, 88, 40, 142, 0, 0, 108, 489, 196, 50, 45, 136, 18, 398, 314, 63, 52, 45, 131, 3
0, 29, 857, 136, 2, 0, 0, 0, 0, 0, 755, 268, 1, 0, 0, 0, 156, 859, 9, 0, 0, 0, 0, 0
0, 38, 670, 197, 72, 46, 1, 0, 0, 7, 610, 328, 67, 12, 0, 0, 236, 757, 30, 1, 0, 0, 0, 0
0, 280, 648, 96, 0, 0, 0, 0, 0, 167, 625, 231, 1, 0, 0, 0, 163, 802, 59, 0, 0, 0, 0, 0
0, 517, 494, 13, 0, 0, 0, 0, 0, 282, 618, 124, 0, 0, 0, 0, 181, 826, 17, 0, 0, 0, 0, 0
0, 113, 163, 550, 198, 0, 0, 0, 0, 112, 200, 687, 25, 0, 0, 0, 116, 642, 266, 0, 0, 0, 0, 0
0, 3, 65, 950, 6, 0, 0, 0, 0, 8, 163, 851, 2, 0, 0, 0, 22, 389, 604, 9, 0, 0, 0, 0
0, 1, 195, 816, 12, 0, 0, 0, 0, 2, 301, 714, 7, 0, 0, 0, 2, 143, 854, 25, 0, 0, 0, 0
0, 0, 107, 558, 272, 87, 0, 0, 0, 0, 122, 565, 265, 72, 0, 0, 0, 54, 340, 419, 196, 15, 0, 0
0, 543, 476, 5, 0, 0, 0, 0, 0, 519, 504, 1, 0, 0, 0, 0, 116, 907, 1, 0, 0, 0, 0, 0
0, 657, 338, 29, 0, 0, 0, 0, 0, 606, 401, 17, 0, 0, 0, 0, 82, 938, 4, 0, 0, 0, 0, 0
0, 589, 207, 205, 23, 0, 0, 0, 0, 559, 243, 197, 25, 0, 0, 0, 125, 670, 110, 119, 0, 0, 0, 0
14, 949, 59, 2, 0, 0, 0, 0, 0, 920, 95, 9, 0, 0, 0, 0, 68, 941, 15, 0, 0, 0, 0, 0
3, 543, 420, 56, 2, 0, 0, 0, 0, 276, 658, 89, 1, 0, 0, 0, 248, 746, 29, 1, 0, 0, 0, 0
18, 312, 333, 355, 6, 0, 0, 0, 0, 202, 521, 301, 0, 0, 0, 0, 367, 646, 11, 0, 0, 0, 0, 0
0, 61, 144, 736, 83, 0, 0, 0, 0, 84, 369, 562, 9, 0, 0, 0, 288, 644, 92, 0, 0, 0, 0, 0
0, 95, 432, 467, 22, 8, 0, 0, 0, 155, 579, 270, 16, 4, 0, 0, 321, 647, 44, 10, 2, 0, 0, 0
0, 0, 0, 0, 0, 0, 0, 1024, 0, 0, 0, 0, 0, 0, 0, 1024, 0, 0, 0, 0, 0, 0, 64, 960
0, 0, 0, 0, 0, 0, 0, 1024, 0, 0, 0, 0, 0, 0, 0, 1024, 0, 0, 0, 0, 0, 0, 192, 832
0, 0, 0, 0, 0, 0, 0, 1024, 0, 0, 0, 0, 0, 0, 0, 1024, 0, 0, 0, 0, 0, 0, 993, 31
0, 0, 0, 0, 0, 0, 0, 1024, 0, 0, 0, 0, 0, 0, 0, 1024, 0, 0, 0, 0, 0, 0, 1024, 0
0, 0, 0, 0, 0, 0, 0, 1024, 0, 0, 0, 0, 0, 0, 0, 1024, 0, 0, 0, 0, 0, 0, 1024, 0
0, 0, 0, 0, 0, 0, 0, 1024, 0, 0, 0, 0, 0, 0, 0, 1024, 0, 0, 0, 0, 0, 0, 1024, 0
0, 0, 0, 0, 0, 0, 0, 1024, 0, 0, 0, 0, 0, 0, 0, 1024, 0, 0, 0, 0, 0, 0, 1024, 0
0, 0, 47, 215, 69, 60, 65, 568, 0, 0, 2, 240, 86, 62, 69, 565, 0, 3, 223, 98, 63, 63, 568, 6
0, 0, 187, 379, 221, 199, 37, 1, 0, 0, 59, 559, 297, 102, 7, 0, 32, 621, 324, 28, 16, 3, 0, 0
0, 0, 62, 369, 467, 118, 8, 0, 0, 0, 53, 603, 338, 30, 0, 0, 97, 693, 228, 6, 0, 0, 0, 0
0, 0, 299, 387, 257, 80, 1, 0, 0, 8, 149, 672, 181, 14, 0, 0, 126, 729, 163, 6, 0, 0, 0, 0
0, 139, 556, 283, 45, 1, 0, 0, 0, 114, 255, 631, 24, 0, 0, 0, 81, 827, 114, 2, 0, 0, 0, 0
0, 63, 217, 456, 262, 26, 0, 0, 0, 57, 268, 590, 109, 0, 0, 0, 76, 542, 348, 58, 0, 0, 0, 0
0, 0, 29, 770, 225, 0, 0, 0, 0, 0, 78, 886, 60, 0, 0, 0, 8, 94, 655, 267, 0, 0, 0, 0
0, 0, 71, 953, 0, 0, 0, 0, 0, 0, 137, 887, 0, 0, 0, 0, 0, 93, 843, 88, 0, 0, 0, 0
0, 0, 121, 522, 137, 168, 76, 0, 0, 0, 179, 461, 141, 185, 58, 0, 29, 120, 310, 230, 209, 126, 0, 0
0, 1, 217, 795, 11, 0, 0, 0, 0, 0, 475, 549, 0, 0, 0, 0, 622, 390, 12, 0, 0, 0, 0, 0
0, 16, 215, 689, 40, 19, 22, 23, 0, 4, 331, 589, 37, 23, 23, 17, 328, 502, 96, 34, 19, 20, 21, 4
0, 151, 180, 152, 97, 67, 107, 270, 0, 150, 204, 152, 81, 75, 172, 190, 13, 308, 139, 101, 67, 77, 313, 6
4, 563, 329, 123, 5, 0, 0, 0, 0, 536, 393, 93, 2, 0, 0, 0, 199, 797, 28, 0, 0, 0, 0, 0
4, 318, 523, 179, 0, 0, 0, 0, 0, 101, 613, 306, 4, 0, 0, 0, 268, 702, 53, 1, 0, 0, 0, 0
38, 408, 413, 161, 4, 0, 0, 0, 2, 371, 460, 188, 2, 1, 0, 0, 277, 718, 26, 1, 2, 0, 0, 0
0, 0, 84, 879, 61, 0, 0, 0, 0, 0, 252, 770, 2, 0, 0, 0, 269, 651, 104, 0, 0, 0, 0, 0
0, 30, 326, 540, 117, 11, 0, 0, 0, 110, 555, 341, 17, 1, 0, 0, 483, 505, 30, 6, 0, 0, 0, 0
0, 0, 0, 0, 0, 0, 0, 1024, 0, 0, 0, 0, 0, 0, 0, 1024, 0, 0, 0, 0, 0, 0, 0, 1024
0, 0, 0, 0, 0, 0, 0, 1024, 0, 0, 0, 0, 0, 0, 0, 1024, 0, 0, 0, 0, 0, 0, 96, 928
0, 0, 0, 0, 0, 0, 0, 1024, 0, 0, 0, 0, 0, 0, 0, 1024, 0, 0, 0, 0, 0, 0, 1024, 0
0, 0, 0, 0, 0, 0, 0, 1024, 0, 0, 0, 0, 0, 0, 0, 1024, 0, 0, 0, 0, 0, 0, 1024, 0
0, 0, 0, 0, 0, 0, 0, 1024, 0, 0, 0, 0, 0, 0, 0, 1024, 0, 0, 0, 0, 0, 0, 1024, 0
0, 0, 0, 0, 0, 0, 0, 1024, 0, 0, 0, 0, 0, 0, 0, 1024, 0, 0, 0, 0, 0, 0, 1024, 0
0, 0, 0, 0, 0, 0, 0, 1024, 0, 0, 0, 0, 0, 0, 0, 1024, 0, 0, 0, 0, 0, 0, 1024, 0
0, 0, 31, 132, 47, 36, 53, 725, 0, 0, 2, 151, 58, 40, 55, 718, 0, 1, 153, 57, 39, 61, 705, 8
0, 0, 4, 285, 374, 212, 87, 62, 0, 0, 8, 431, 325, 139, 71, 50, 14, 361, 319, 140, 90, 65, 34, 1
0, 10, 169, 325, 374, 134, 12, 0, 0, 28, 205, 491, 267, 32, 1, 0, 203, 647, 172, 2, 0, 0, 0, 0
0, 577, 246, 114, 78, 9, 0, 0, 1, 502, 333, 140, 46, 2, 0, 0, 189, 776, 58, 1, 0, 0, 0, 0
0, 1001, 23, 0, 0, 0, 0, 0, 0, 923, 101, 0, 0, 0, 0, 0, 24, 998, 2, 0, 0, 0, 0, 0
0, 273, 425, 309, 17, 0, 0, 0, 0, 253, 494, 277, 0, 0, 0, 0, 47, 730, 213, 34, 0, 0, 0, 0
0, 0, 2, 697, 276, 49, 0, 0, 0, 0, 4, 838, 166, 16, 0, 0, 0, 0, 454, 516, 54, 0, 0, 0
0, 0, 0, 1024, 0, 0, 0, 0, 0, 0, 12, 1012, 0, 0, 0, 0, 0, 0, 694, 330, 0, 0, 0, 0
0, 0, 202, 549, 99, 99, 70, 5, 0, 6, 319, 441, 86, 115, 55, 2, 31, 204, 376, 184, 117, 91, 21, 0
0, 0, 125, 873, 26, 0, 0, 0, 0, 0, 425, 597, 2, 0, 0, 0, 249, 745, 28, 2, 0, 0, 0, 0
0, 0, 140, 465, 80, 56, 56, 227, 0, 0, 165, 461, 68, 49, 73, 208, 10, 275, 299, 95, 49, 48, 241, 7
0, 118, 207, 155, 51, 33, 41, 419, 0, 87, 235, 168, 48, 31, 62, 393, 14, 297, 94, 107, 43, 39, 428, 2
7, 734, 272, 11, 0, 0, 0, 0, 0, 597, 407, 20, 0, 0, 0, 0, 138, 860, 26, 0, 0, 0, 0, 0
12, 215, 622, 173, 2, 0, 0, 0, 0, 118, 635, 269, 2, 0, 0, 0, 267, 727, 30, 0, 0, 0, 0, 0
1, 193, 528, 273, 29, 0, 0, 0, 0, 151, 498, 370, 5, 0, 0, 0, 293, 675, 56, 0, 0, 0, 0, 0
0, 0, 69, 791, 161, 3, 0, 0, 0, 6, 249, 754, 15, 0, 0, 0, 214, 597, 212, 1, 0, 0, 0, 0
0, 108, 311, 540, 51, 12, 2, 0, 0, 251, 396, 353, 17, 7, 0, 0, 337, 633, 41, 11, 2, 0, 0, 0
0, 0, 0, 0, 0, 0, 0, 1024, 0, 0, 0, 0, 0, 0, 0, 1024, 0, 0, 0, 0, 0, 0, 0, 1024
0, 0, 0, 0, 0, 0, 0, 1024, 0, 0, 0, 0, 0, 0, 0, 1024, 0, 0, 0, 0, 0, 0, 0, 1024
0, 0, 0, 0, 0, 0, 0, 1024, 0, 0, 0, 0, 0, 0, 0, 1024, 0, 0, 0, 0, 0, 0, 832, 192
0, 0, 0, 0, 0, 0, 0, 1024, 0, 0, 0, 0, 0, 0, 0, 1024, 0, 0, 0, 0, 0, 0, 1024, 0
0, 0, 0, 0, 0, 0, 0, 1024, 0, 0, 0, 0, 0, 0, 0, 1024, 0, 0, 0, 0, 0, 0, 1024, 0
0, 0, 0, 0, 0, 0, 0, 1024, 0, 0, 0, 0, 0, 0, 0, 1024, 0, 0, 0, 0, 0, 0, 1024, 0
0, 0, 0, 0, 0, 0, 0, 1024, 0, 0, 0, 0, 0, 0, 0, 1024, 0, 0, 0, 0, 0, 0, 1024, 0
0, 0, 0, 0, 0, 6, 15, 1003, 0, 0, 0, 0, 0, 8, 16, 1000, 0, 0, 0, 0, 10, 17, 997, 0
0, 0, 30, 179, 128, 278, 189, 220, 0, 0, 1, 229, 356, 189, 32, 217, 0, 254, 388, 98, 42, 30, 212, 0
0, 0, 245, 297, 328, 150, 4, 0, 0, 0, 268, 483, 263, 10, 0, 0, 122, 657, 243, 2, 0, 0, 0, 0
0, 302, 525, 192, 5, 0, 0, 0, 0, 269, 575, 176, 4, 0, 0, 0, 193, 800, 31, 0, 0, 0, 0, 0
1, 780, 241, 2, 0, 0, 0, 0, 0, 544, 467, 13, 0, 0, 0, 0, 47, 951, 26, 0, 0, 0, 0, 0
1, 122, 315, 491, 95, 0, 0, 0, 0, 88, 470, 405, 61, 0, 0, 0, 53, 550, 303, 118, 0, 0, 0, 0
0, 0, 0, 358, 453, 212, 1, 0, 0, 0, 0, 419, 470, 135, 0, 0, 0, 0, 84, 617, 304, 19, 0, 0
0, 0, 19, 989, 16, 0, 0, 0, 0, 0, 30, 986, 8, 0, 0, 0, 0, 0, 265, 754, 5, 0, 0, 0
0, 2, 358, 530, 107, 19, 8, 0, 0, 2, 461, 467, 79, 7, 8, 0, 2, 354, 306, 306, 44, 4, 8, 0
0, 0, 211, 689, 120, 4, 0, 0, 0, 0, 318, 690, 14, 2, 0, 0, 0, 591, 413, 18, 2, 0, 0, 0
0, 0, 13, 148, 90, 50, 87, 636, 0, 0, 37, 158, 71, 49, 103, 606, 0, 37, 114, 98, 52, 81, 636, 6
0, 24, 139, 192, 104, 39, 40, 486, 0, 21, 146, 212, 88, 41, 51, 465, 2, 134, 81, 205, 64, 45, 484, 9
2, 607, 326, 89, 0, 0, 0, 0, 0, 499, 467, 58, 0, 0, 0, 0, 99, 877, 43, 5, 0, 0, 0, 0
1, 388, 422, 213, 0, 0, 0, 0, 0, 194, 627, 203, 0, 0, 0, 0, 197, 809, 18, 0, 0, 0, 0, 0
22, 385, 326, 282, 9, 0, 0, 0, 0, 289, 388, 344, 3, 0, 0, 0, 200, 771, 53, 0, 0, 0, 0, 0
0, 0, 16, 637, 340, 31, 0, 0, 0, 0, 99, 858, 62, 5, 0, 0, 73, 566, 361, 24, 0, 0, 0, 0
0, 1, 147, 666, 168, 35, 5, 2, 0, 33, 452, 492, 37, 8, 2, 0, 366, 526, 93, 30, 8, 1, 0, 0
0, 0, 0, 0, 0, 0, 0, 1024, 0, 0, 0, 0, 0, 0, 0, 1024, 0, 0, 0, 0, 0, 0, 0, 1024
0, 0, 0, 0, 0, 0, 0, 1024, 0, 0, 0, 0, 0, 0, 0, 1024, 0, 0, 0, 0, 0, 0, 0, 1024
0, 0, 0, 0, 0, 0, 0, 1024, 0, 0, 0, 0, 0, 0, 0, 1024, 0, 0, 0, 0, 0, 0, 576, 448
0, 0, 0, 0, 0, 0, 0, 1024, 0, 0, 0, 0, 0, 0, 0, 1024, 0, 0, 0, 0, 0, 0, 1024, 0
0, 0, 0, 0, 0, 0, 0, 1024, 0, 0, 0, 0, 0, 0, 0, 1024, 0, 0, 0, 0, 0, 0, 1024, 0
0, 0, 0, 0, 0, 0, 0, 1024, 0, 0, 0, 0, 0, 0, 0, 1024, 0, 0, 0, 0, 0, 0, 1024, 0
0, 0, 0, 0, 0, 0, 0, 1024, 0, 0, 0, 0, 0, 0, 0, 1024, 0, 0, 0, 0, 0, 0, 1024, 0
0, 0, 0, 1, 15, 24, 26, 958, 0, 0, 0, 2, 16, 24, 28, 954, 0, 0, 3, 19, 25, 30, 947, 0
0, 0, 7, 177, 161, 126, 102, 451, 0, 0, 2, 207, 159, 125, 110, 421, 0, 58, 215, 138, 104, 120, 384, 5
0, 0, 220, 661, 121, 11, 7, 4, 0, 0, 165, 749, 95, 8, 3, 4, 55, 637, 302, 19, 6, 2, 3, 0
0, 84, 392, 428, 101, 19, 0, 0, 0, 60, 378, 475, 92, 19, 0, 0, 81, 703, 229, 11, 0, 0, 0, 0
0, 315, 521, 168, 20, 0, 0, 0, 0, 138, 651, 232, 3, 0, 0, 0, 65, 860, 99, 0, 0, 0, 0, 0
0, 183, 85, 696, 60, 0, 0, 0, 0, 135, 207, 645, 37, 0, 0, 0, 44, 403, 365, 212, 0, 0, 0, 0
0, 0, 4, 161, 407, 257, 193, 2, 0, 0, 9, 204, 399, 254, 158, 0, 0, 0, 28, 400, 299, 267, 30, 0
0, 0, 43, 945, 35, 1, 0, 0, 0, 0, 54, 946, 24, 0, 0, 0, 0, 6, 175, 834, 9, 0, 0, 0
0, 0, 251, 619, 65, 44, 30, 15, 0, 0, 303, 584, 51, 44, 29, 13, 0, 192, 426, 295, 43, 36, 25, 7
0, 0, 160, 506, 85, 61, 86, 126, 0, 0, 236, 453, 76, 73, 74, 112, 0, 175, 491, 88, 65, 81, 122, 2
0, 0, 16, 212, 65, 45, 84, 602, 0, 0, 10, 221, 71, 50, 108, 564, 0, 0, 183, 97, 56, 91, 593, 4
0, 0, 0, 122, 287, 54, 39, 522, 0, 0, 0, 124, 299, 44, 39, 518, 0, 0, 1, 303, 154, 38, 526, 2
0, 245, 413, 281, 84, 1, 0, 0, 1, 309, 460, 176, 78, 0, 0, 0, 76, 701, 124, 98, 25, 0, 0, 0
0, 7, 447, 559, 11, 0, 0, 0, 0, 2, 426, 592, 4, 0, 0, 0, 157, 750, 112, 5, 0, 0, 0, 0
0, 142, 444, 423, 14, 1, 0, 0, 0, 92, 420, 496, 15, 1, 0, 0, 220, 706, 93, 5, 0, 0, 0, 0
0, 0, 67, 670, 226, 57, 4, 0, 0, 0, 82, 816, 113, 13, 0, 0, 49, 484, 468, 23, 0, 0, 0, 0
0, 29, 192, 708, 95, 0, 0, 0, 0, 80, 362, 574, 8, 0, 0, 0, 323, 604, 97, 0, 0, 0, 0, 0
0, 0, 0, 0, 0, 0, 0, 1024, 0, 0, 0, 0, 0, 0, 0, 1024, 0, 0, 0, 0, 0, 0, 0, 1024
0, 0, 0, 0, 0, 0, 0, 1024, 0, 0, 0, 0, 0, 0, 0, 1024, 0, 0, 0, 0, 0, 0, 0, 1024
0, 0, 0, 0, 0, 0, 0, 1024, 0, 0, 0, 0, 0, 0, 0, 1024, 0, 0, 0, 0, 0, 0, 256, 768
0, 0, 0, 0, 0, 0, 0, 1024, 0, 0, 0, 0, 0, 0, 0, 1024, 0, 0, 0, 0, 0, 0, 1024, 0
0, 0, 0, 0, 0, 0, 0, 1024, 0, 0, 0, 0, 0, 0, 0, 1024, 0, 0, 0, 0, 0, 0, 1024, 0
0, 0, 0, 0, 0, 0, 0, 1024, 0, 0, 0, 0, 0, 0, 0, 1024, 0, 0, 0, 0, 0, 0, 1024, 0
0, 0, 0, 0, 0, 0, 0, 1024, 0, 0, 0, 0, 0, 0, 0, 1024, 0, 0, 0, 0, 0, 0, 1024, 0
0, 0, 0, 0, 0, 0, 0, 1024, 0, 0, 0, 0, 0, 0, 0, 1024, 0, 0, 0, 0, 0, 0, 1024, 0
0, 0, 0, 0, 0, 0, 0, 1024, 0, 0, 0, 0, 0, 0, 0, 1024, 0, 0, 0, 0, 0, 0, 1024, 0
0, 0, 56, 114, 134, 300, 181, 239, 0, 0, 0, 167, 273, 323, 47, 214, 5, 209, 495, 65, 33, 33, 158, 26
0, 0, 47, 628, 287, 62, 0, 0, 0, 0, 43, 675, 261, 45, 0, 0, 22, 465, 485, 52, 0, 0, 0, 0
0, 126, 403, 424, 61, 10, 0, 0, 0, 45, 483, 453, 42, 1, 0, 0, 86, 758, 178, 2, 0, 0, 0, 0
0, 59, 138, 465, 329, 33, 0, 0, 0, 42, 171, 639, 152, 20, 0, 0, 16, 237, 464, 235, 72, 0, 0, 0
0, 0, 0, 72, 329, 313, 254, 56, 0, 0, 0, 100, 350, 284, 241, 49, 0, 0, 37, 180, 382, 295, 127, 3
0, 0, 58, 495, 373, 82, 16, 0, 0, 0, 73, 564, 311, 64, 12, 0, 0, 5, 135, 644, 205, 30, 5, 0
0, 0, 37, 576, 224, 95, 49, 43, 0, 0, 61, 622, 181, 80, 43, 37, 0, 40, 448, 336, 113, 52, 35, 0
0, 0, 0, 22, 21, 26, 37, 918, 0, 0, 0, 26, 22, 36, 37, 903, 0, 0, 26, 21, 32, 35, 909, 1
0, 0, 0, 0, 0, 0, 0, 1024, 0, 0, 0, 0, 0, 0, 0, 1024, 0, 0, 0, 0, 0, 0, 1024, 0
0, 0, 0, 153, 340, 51, 21, 459, 0, 0, 0, 158, 352, 34, 30, 450, 0, 0, 3, 309, 232, 20, 459, 1
0, 300, 377, 306, 39, 2, 0, 0, 1, 303, 390, 287, 41, 2, 0, 0, 77, 545, 213, 169, 19, 1, 0, 0
0, 33, 397, 559, 35, 0, 0, 0, 0, 22, 549, 440, 13, 0, 0, 0, 105, 721, 194, 4, 0, 0, 0, 0
0, 34, 277, 690, 23, 0, 0, 0, 0, 44, 278, 699, 3, 0, 0, 0, 200, 664, 159, 1, 0, 0, 0, 0
0, 4, 73, 743, 196, 8, 0, 0, 0, 0, 173, 794, 57, 0, 0, 0, 148, 444, 384, 48, 0, 0, 0, 0
0, 21, 151, 814, 35, 3, 0, 0, 0, 31, 383, 599, 11, 0, 0, 0, 454, 491, 72, 7, 0, 0, 0, 0
0, 0, 0, 0, 0, 0, 0, 1024, 0, 0, 0, 0, 0, 0, 0, 1024, 0, 0, 0, 0, 0, 0, 0, 1024
0, 0, 0, 0, 0, 0, 0, 1024, 0, 0, 0, 0, 0, 0, 0, 1024, 0, 0, 0, 0, 0, 0, 0, 1024
0, 0, 0, 0, 0, 0, 0, 1024, 0, 0, 0, 0, 0, 0, 0, 1024, 0, 0, 0, 0, 0, 0, 256, 768
0, 0, 0, 0, 0, 0, 0, 1024, 0, 0, 0, 0, 0, 0, 0, 1024, 0, 0, 0, 0, 0, 0, 1024, 0
0, 0, 0, 0, 0, 0, 0, 1024, 0, 0, 0, 0, 0, 0, 0, 1024, 0, 0, 0, 0, 0, 0, 1024, 0
0, 0, 0, 0, 0, 0, 0, 1024, 0, 0, 0, 0, 0, 0, 0, 1024, 0, 0, 0, 0, 0, 0, 1024, 0
0, 0, 0, 0, 0, 0, 0, 1024, 0, 0, 0, 0, 0, 0, 0, 1024, 0, 0, 0, 0, 0, 0, 1024, 0
0, 0, 0, 0, 0, 0, 0, 1024, 0, 0, 0, 0, 0, 0, 0, 1024, 0, 0, 0, 0, 0, 0, 1024, 0
0, 0, 0, 0, 0, 0, 0, 1024, 0, 0, 0, 0, 0, 0, 0, 1024, 0, 0, 0, 0, 0, 0, 1024, 0
0, 0, 0, 146, 127, 153, 270, 328, 0, 0, 0, 134, 295, 269, 41, 285, 39, 200, 343, 121, 26, 28, 267, 0
0, 0, 21, 270, 454, 247, 32, 0, 0, 0, 1, 359, 513, 148, 3, 0, 0, 59, 789, 171, 5, 0, 0, 0
0, 0, 175, 439, 221, 129, 57, 3, 0, 0, 139, 584, 209, 75, 17, 0, 1, 401, 575, 47, 0, 0, 0, 0
0, 0, 158, 422, 179, 174, 85, 6, 0, 0, 169, 475, 148, 154, 74, 4, 11, 125, 408, 207, 172, 83, 18, 0
0, 0, 0, 17, 119, 206, 375, 307, 0, 0, 0, 59, 116, 228, 444, 177, 0, 0, 38, 95, 182, 364, 344, 1
0, 0, 0, 110, 456, 214, 111, 133, 0, 0, 2, 169, 457, 177, 119, 100, 0, 0, 13, 374, 361, 134, 138, 4
0, 0, 0, 201, 211, 197, 154, 261, 0, 0, 0, 290, 235, 130, 158, 211, 0, 0, 345, 181, 115, 140, 230, 13
0, 0, 0, 0, 0, 0, 0, 1024, 0, 0, 0, 0, 0, 0, 0, 1024, 0, 0, 0, 0, 0, 0, 1024, 0
0, 0, 0, 0, 0, 0, 0, 1024, 0, 0, 0, 0, 0, 0, 0, 1024, 0, 0, 0, 0, 0, 0, 1024, 0
0, 0, 0, 127, 307, 81, 26, 483, 0, 0, 0, 143, 312, 66, 25, 478, 0, 0, 0, 284, 225, 29, 480, 6
1, 275, 348, 356, 43, 1, 0, 0, 0, 257, 396, 326, 44, 1, 0, 0, 49, 557, 124, 281, 13, 0, 0, 0
8, 281, 346, 347, 30, 12, 0, 0, 0, 198, 395, 397, 25, 9, 0, 0, 55, 664, 274, 23, 8, 0, 0, 0
0, 75, 280, 603, 66, 0, 0, 0, 0, 40, 333, 625, 25, 1, 0, 0, 165, 578, 268, 13, 0, 0, 0, 0
0, 0, 3, 775, 246, 0, 0, 0, 0, 0, 102, 893, 29, 0, 0, 0, 55, 498, 458, 13, 0, 0, 0, 0
0, 6, 83, 834, 92, 9, 0, 0, 0, 10, 226, 775, 13, 0, 0, 0, 318, 667, 39, 0, 0, 0, 0, 0
0, 0, 0, 0, 0, 0, 0, 1024, 0, 0, 0, 0, 0, 0, 0, 1024, 0, 0, 0, 0, 0, 0, 0, 1024
0, 0, 0, 0, 0, 0, 0, 1024, 0, 0, 0, 0, 0, 0, 0, 1024, 0, 0, 0, 0, 0, 0, 0, 1024
0, 0, 0, 0, 0, 0, 0, 1024, 0, 0, 0, 0, 0, 0, 0, 1024, 0, 0, 0, 0, 0, 0, 128, 896
0, 0, 0, 0, 0, 0, 0, 1024, 0, 0, 0, 0, 0, 0, 0, 1024, 0, 0, 0, 0, 0, 0, 1024, 0
0, 0, 0, 0, 0, 0, 0, 1024, 0, 0, 0, 0, 0, 0, 0, 1024, 0, 0, 0, 0, 0, 0, 1024, 0
0, 0, 0, 0, 0, 0, 0, 1024, 0, 0, 0, 0, 0, 0, 0, 1024, 0, 0, 0, 0, 0, 0, 1024, 0
0, 0, 0, 0, 0, 0, 0, 1024, 0, 0, 0, 0, 0, 0, 0, 1024, 0, 0, 0, 0, 0, 0, 1024, 0
0, 0, 0, 0, 0, 0, 0, 1024, 0, 0, 0, 0, 0, 0, 0, 1024, 0, 0, 0, 0, 0, 0, 1024, 0
0, 0, 0, 0, 0, 0, 0, 1024, 0, 0, 0, 0, 0, 0, 0, 1024, 0, 0, 0, 0, 0, 0, 1024, 0
0, 0, 0, 35, 386, 146, 75, 382, 0, 0, 0, 93, 421, 76, 70, 364, 0, 0, 285, 300, 52, 73, 314, 0
0, 0, 93, 346, 316, 262, 7, 0, 0, 0, 66, 650, 292, 16, 0, 0, 0, 116, 746, 160, 2, 0, 0, 0
0, 3, 516, 446, 45, 14, 0, 0, 0, 0, 423, 554, 45, 2, 0, 0, 1, 370, 597, 56, 0, 0, 0, 0
0, 0, 120, 440, 146, 103, 88, 127, 0, 0, 52, 528, 134, 106, 108, 96, 0, 11, 337, 300, 130, 99, 147, 0
0, 0, 0, 4, 23, 84, 312, 601, 0, 0, 0, 5, 29, 125, 404, 461, 0, 0, 3, 19, 76, 284, 628, 14
0, 0, 0, 19, 28, 68, 132, 777, 0, 0, 0, 25, 34, 78, 220, 667, 0, 0, 15, 30, 76, 151, 719, 33
0, 0, 0, 117, 184, 85, 64, 574, 0, 0, 0, 283, 67, 43, 86, 545, 0, 0, 264, 83, 49, 91, 521, 16
0, 0, 0, 0, 0, 0, 0, 1024, 0, 0, 0, 0, 0, 0, 0, 1024, 0, 0, 0, 0, 0, 0, 1024, 0
0, 0, 0, 0, 0, 0, 0, 1024, 0, 0, 0, 0, 0, 0, 0, 1024, 0, 0, 0, 0, 0, 0, 1024, 0
0, 0, 0, 143, 252, 88, 19, 522, 0, 0, 0, 147, 271, 74, 19, 513, 0, 0, 2, 281, 190, 28, 523, 0
0, 234, 276, 384, 121, 9, 0, 0, 0, 250, 322, 320, 123, 9, 0, 0, 31, 503, 145, 271, 69, 5, 0, 0
1, 174, 417, 385, 29, 13, 5, 0, 0, 193, 412, 373, 23, 18, 5, 0, 123, 665, 192, 21, 18, 5, 0, 0
0, 83, 487, 273, 135, 46, 0, 0, 0, 8, 411, 506, 94, 5, 0, 0, 138, 672, 200, 14, 0, 0, 0, 0
0, 40, 142, 798, 44, 0, 0, 0, 0, 28, 138, 853, 5, 0, 0, 0, 53, 618, 352, 1, 0, 0, 0, 0
0, 7, 223, 755, 38, 1, 0, 0, 0, 28, 407, 585, 4, 0, 0, 0, 280, 708, 35, 1, 0, 0, 0, 0
0, 0, 0, 0, 0, 0, 0, 1024, 0, 0, 0, 0, 0, 0, 0, 1024, 0, 0, 0, 0, 0, 0, 0, 1024
0, 0, 0, 0, 0, 0, 0, 1024, 0, 0, 0, 0, 0, 0, 0, 1024, 0, 0, 0, 0, 0, 0, 0, 1024
0, 0, 0, 0, 0, 0, 0, 1024, 0, 0, 0, 0, 0, 0, 0, 1024, 0, 0, 0, 0, 0, 0, 0, 1024
0, 0, 0, 0, 0, 0, 0, 1024, 0, 0, 0, 0, 0, 0, 0, 1024, 0, 0, 0, 0, 0, 0, 1000, 24
0, 0, 0, 0, 0, 0, 0, 1024, 0, 0, 0, 0, 0, 0, 0, 1024, 0, 0, 0, 0, 0, 0, 1024, 0
0, 0, 0, 0, 0, 0, 0, 1024, 0, 0, 0, 0, 0, 0, 0, 1024, 0, 0, 0, 0, 0, 0, 1024, 0
0, 0, 0, 0, 0, 0, 0, 1024, 0, 0, 0, 0, 0, 0, 0, 1024, 0, 0, 0, 0, 0, 0, 1024, 0
0, 0, 0, 0, 0, 0, 0, 1024, 0, 0, 0, 0, 0, 0, 0, 1024, 0, 0, 0, 0, 0, 0, 1024, 0
0, 0, 0, 0, 0, 0, 0, 1024, 0, 0, 0, 0, 0, 0, 0, 1024, 0, 0, 0, 0, 0, 0, 1024, 0
0, 0, 0, 69, 226, 324, 97, 308, 0, 0, 0, 204, 391, 116, 35, 278, 0, 0, 426, 271, 35, 44, 242, 6
0, 0, 0, 60, 537, 408, 19, 0, 0, 0, 0, 438, 576, 10, 0, 0, 0, 11, 856, 157, 0, 0, 0, 0
0, 0, 265, 631, 128, 0, 0, 0, 0, 0, 91, 922, 11, 0, 0, 0, 0, 10, 1000, 14, 0, 0, 0, 0
0, 0, 125, 402, 168, 77, 127, 125, 0, 0, 62, 456, 172, 79, 141, 114, 0, 0, 286, 310, 123, 119, 186, 0
0, 0, 0, 0, 88, 170, 369, 397, 0, 0, 0, 0, 126, 157, 478, 263, 0, 0, 0, 29, 211, 331, 451, 2
0, 0, 0, 0, 52, 64, 116, 792, 0, 0, 0, 18, 72, 58, 223, 653, 0, 0, 34, 58, 48, 159, 714, 11
0, 0, 0, 128, 343, 68, 38, 447, 0, 0, 5, 442, 62, 56, 40, 419, 0, 6, 450, 56, 63, 56, 390, 3
0, 0, 0, 0, 0, 0, 0, 1024, 0, 0, 0, 0, 0, 0, 0, 1024, 0, 0, 0, 0, 0, 0, 1024, 0
0, 0, 0, 0, 0, 0, 0, 1024, 0, 0, 0, 0, 0, 0, 0, 1024, 0, 0, 0, 0, 0, 0, 1024, 0
0, 0, 0, 117, 248, 103, 23, 533, 0, 0, 0, 108, 276, 88, 27, 525, 0, 0, 0, 258, 193, 36, 535, 2
1, 173, 337, 447, 66, 0, 0, 0, 0, 196, 422, 362, 44, 0, 0, 0, 51, 562, 121, 284, 6, 0, 0, 0
0, 115, 432, 469, 8, 0, 0, 0, 0, 143, 466, 412, 3, 0, 0, 0, 93, 726, 205, 0, 0, 0, 0, 0
0, 116, 555, 341, 11, 1, 0, 0, 0, 16, 382, 590, 34, 2, 0, 0, 66, 719, 225, 14, 0, 0, 0, 0
2, 117, 264, 518, 123, 0, 0, 0, 0, 78, 188, 729, 29, 0, 0, 0, 87, 590, 343, 4, 0, 0, 0, 0
0, 15, 158, 730, 94, 24, 3, 0, 0, 24, 267, 678, 42, 13, 0, 0, 128, 712, 152, 29, 3, 0, 0, 0
0, 0, 0, 0, 0, 0, 0, 1024, 0, 0, 0, 0, 0, 0, 0, 1024, 0, 0, 0, 0, 0, 0, 0, 1024
0, 0, 0, 0, 0, 0, 0, 1024, 0, 0, 0, 0, 0, 0, 0, 1024, 0, 0, 0, 0, 0, 0, 0, 1024
0, 0, 0, 0, 0, 0, 0, 1024, 0, 0, 0, 0, 0, 0, 0, 1024, 0, 0, 0, 0, 0, 0, 0, 1024
0, 0, 0, 0, 0, 0, 0, 1024, 0, 0, 0, 0, 0, 0, 0, 1024, 0, 0, 0, 0, 0, 0, 912, 112
0, 0, 0, 0, 0, 0, 0, 1024, 0, 0, 0, 0, 0, 0, 0, 1024, 0, 0, 0, 0, 0, 0, 1024, 0
0, 0, 0, 0, 0, 0, 0, 1024, 0, 0, 0, 0, 0, 0, 0, 1024, 0, 0, 0, 0, 0, 0, 1024, 0
0, 0, 0, 0, 0, 0, 0, 1024, 0, 0, 0, 0, 0, 0, 0, 1024, 0, 0, 0, 0, 0, 0, 1024, 0
0, 0, 0, 0, 0, 0, 0, 1024, 0, 0, 0, 0, 0, 0, 0, 1024, 0, 0, 0, 0, 0, 0, 1024, 0
0, 0, 0, 0, 0, 0, 0, 1024, 0, 0, 0, 0, 0, 0, 0, 1024, 0, 0, 0, 0, 0, 0, 1024, 0
0, 0, 0, 99, 198, 236, 211, 280, 0, 0, 0, 124, 280, 309, 84, 227, 0, 7, 372, 363, 46, 27, 209, 0
0, 0, 0, 85, 460, 412, 67, 0, 0, 0, 2, 354, 586, 82, 0, 0, 0, 3, 653, 366, 2, 0, 0, 0
0, 0, 341, 644, 34, 5, 0, 0, 0, 0, 352, 654, 16, 2, 0, 0, 0, 7, 981, 35, 1, 0, 0, 0
0, 0, 76, 450, 80, 114, 158, 146, 0, 0, 64, 476, 72, 121, 189, 102, 0, 0, 368, 205, 78, 168, 205, 0
0, 0, 0, 0, 36, 223, 270, 495, 0, 0, 0, 0, 89, 196, 364, 375, 0, 0, 0, 16, 227, 236, 544, 1
0, 0, 0, 15, 60, 28, 26, 895, 0, 0, 0, 47, 40, 24, 52, 861, 0, 0, 42, 48, 17, 40, 843, 34
0, 0, 0, 174, 420, 142, 36, 252, 0, 0, 7, 436, 269, 37, 36, 239, 0, 2, 555, 161, 39, 42, 224, 1
0, 0, 0, 0, 0, 0, 0, 1024, 0, 0, 0, 0, 0, 0, 0, 1024, 0, 0, 0, 0, 0, 0, 1024, 0
0, 0, 0, 0, 0, 0, 0, 1024, 0, 0, 0, 0, 0, 0, 0, 1024, 0, 0, 0, 0, 0, 0, 1024, 0
0, 0, 0, 65, 210, 167, 60, 522, 0, 0, 0, 63, 230, 162, 55, 514, 0, 0, 1, 182, 200, 116, 525, 0
0, 579, 183, 164, 84, 14, 0, 0, 0, 547, 215, 158, 96, 8, 0, 0, 14, 708, 73, 183, 43, 3, 0, 0
0, 141, 371, 476, 34, 2, 0, 0, 0, 121, 431, 456, 16, 0, 0, 0, 88, 648, 280, 8, 0, 0, 0, 0
0, 243, 373, 391, 15, 2, 0, 0, 0, 144, 486, 386, 7, 1, 0, 0, 152, 790, 78, 4, 0, 0, 0, 0
0, 0, 3, 807, 213, 1, 0, 0, 0, 0, 93, 883, 48, 0, 0, 0, 54, 374, 579, 17, 0, 0, 0, 0
0, 1, 43, 910, 64, 5, 1, 0, 0, 8, 229, 768, 17, 2, 0, 0, 167, 698, 153, 5, 1, 0, 0, 0
0, 0, 0, 0, 0, 0, 0, 1024, 0, 0, 0, 0, 0, 0, 0, 1024, 0, 0, 0, 0, 0, 0, 0, 1024
0, 0, 0, 0, 0, 0, 0, 1024, 0, 0, 0, 0, 0, 0, 0, 1024, 0, 0, 0, 0, 0, 0, 0, 1024
0, 0, 0, 0, 0, 0, 0, 1024, 0, 0, 0, 0, 0, 0, 0, 1024, 0, 0, 0, 0, 0, 0, 0, 1024
0, 0, 0, 0, 0, 0, 0, 1024, 0, 0, 0, 0, 0, 0, 0, 1024, 0, 0, 0, 0, 0, 0, 824, 200
0, 0, 0, 0, 0, 0, 0, 1024, 0, 0, 0, 0, 0, 0, 0, 1024, 0, 0, 0, 0, 0, 0, 976, 48
0, 0, 0, 0, 0, 0, 0, 1024, 0, 0, 0, 0, 0, 0, 0, 1024, 0, 0, 0, 0, 0, 0, 1024, 0
0, 0, 0, 0, 0, 0, 0, 1024, 0, 0, 0, 0, 0, 0, 0, 1024, 0, 0, 0, 0, 0, 0, 1024, 0
0, 0, 0, 0, 0, 0, 0, 1024, 0, 0, 0, 0, 0, 0, 0, 1024, 0, 0, 0, 0, 0, 0, 1024, 0
0, 0, 0, 0, 0, 0, 0, 1024, 0, 0, 0, 0, 0, 0, 0, 1024, 0, 0, 0, 0, 0, 0, 1024, 0
0, 0, 0, 2, 40, 86, 416, 480, 0, 0, 0, 8, 80, 449, 170, 317, 0, 3, 260, 384, 45, 37, 295, 0
0, 0, 0, 21, 265, 425, 303, 10, 0, 0, 4, 219, 514, 278, 9, 0, 0, 14, 560, 445, 5, 0, 0, 0
0, 0, 105, 375, 246, 179, 116, 3, 0, 0, 211, 525, 269, 19, 0, 0, 0, 5, 750, 263, 6, 0, 0, 0
0, 0, 48, 450, 91, 85, 215, 135, 0, 0, 40, 488, 71, 109, 218, 98, 0, 0, 323, 244, 57, 206, 193, 1
0, 0, 0, 0, 35, 221, 379, 389, 0, 0, 0, 0, 62, 245, 500, 217, 0, 0, 0, 19, 230, 393, 377, 5
0, 0, 0, 0, 13, 16, 52, 943, 0, 0, 0, 3, 14, 22, 73, 912, 0, 0, 8, 9, 23, 74, 878, 32
0, 0, 0, 2, 256, 420, 39, 307, 0, 0, 0, 232, 431, 42, 29, 290, 0, 12, 541, 138, 26, 30, 276, 1
0, 0, 0, 0, 0, 0, 0, 1024, 0, 0, 0, 0, 0, 0, 0, 1024, 0, 0, 0, 0, 0, 0, 1024, 0
0, 0, 0, 0, 0, 0, 0, 1024, 0, 0, 0, 0, 0, 0, 0, 1024, 0, 0, 0, 0, 0, 0, 1024, 0
0, 0, 0, 65, 282, 132, 33, 512, 0, 0, 0, 86, 275, 124, 27, 512, 0, 0, 2, 269, 174, 66, 513, 0
0, 525, 289, 160, 50, 0, 0, 0, 0, 506, 327, 139, 52, 0, 0, 0, 1, 778, 81, 140, 24, 0, 0, 0
1, 125, 350, 517, 22, 8, 1, 0, 0, 138, 434, 427, 17, 8, 0, 0, 62, 681, 251, 23, 7, 0, 0, 0
0, 68, 501, 424, 31, 0, 0, 0, 0, 3, 241, 745, 35, 0, 0, 0, 67, 630, 321, 6, 0, 0, 0, 0
0, 8, 86, 690, 184, 31, 16, 9, 0, 2, 88, 800, 99, 18, 13, 4, 23, 465, 461, 49, 12, 10, 4, 0
0, 7, 200, 664, 125, 28, 0, 0, 0, 26, 397, 554, 47, 0, 0, 0, 310, 587, 123, 4, 0, 0, 0, 0
0, 0, 0, 0, 0, 0, 0, 1024, 0, 0, 0, 0, 0, 0, 0, 1024, 0, 0, 0, 0, 0, 0, 0, 1024
0, 0, 0, 0, 0, 0, 0, 1024, 0, 0, 0, 0, 0, 0, 0, 1024, 0, 0, 0, 0, 0, 0, 0, 1024
0, 0, 0, 0, 0, 0, 0, 1024, 0, 0, 0, 0, 0, 0, 0, 1024, 0, 0, 0, 0, 0, 0, 216, 808
0, 0, 0, 0, 0, 0, 0, 1024, 0, 0, 0, 0, 0, 0, 0, 1024, 0, 0, 0, 0, 0, 0, 976, 48
0, 0, 0, 0, 0, 0, 0, 1024, 0, 0, 0, 0, 0, 0, 0, 1024, 0, 0, 0, 0, 0, 0, 1000, 24
0, 0, 0, 0, 0, 0, 0, 1024, 0, 0, 0, 0, 0, 0, 0, 1024, 0, 0, 0, 0, 0, 0, 1024, 0
0, 0, 0, 0, 0, 0, 0, 1024, 0, 0, 0, 0, 0, 0, 0, 1024, 0, 0, 0, 0, 0, 0, 1024, 0
0, 0, 0, 0, 0, 0, 0, 1024, 0, 0, 0, 0, 0, 0, 0, 1024, 0, 0, 0, 0, 0, 0, 1024, 0
0, 0, 0, 0, 0, 0, 0, 1024, 0, 0, 0, 0, 0, 0, 0, 1024, 0, 0, 0, 0, 0, 0, 1024, 0
0, 0, 0, 0, 0, 73, 326, 625, 0, 0, 0, 0, 45, 323, 136, 520, 0, 0, 73, 312, 87, 62, 490, 0
0, 0, 0, 282, 251, 208, 247, 36, 0, 0, 0, 448, 253, 284, 39, 0, 0, 0, 343, 680, 1, 0, 0, 0
0, 0, 96, 768, 123, 37, 0, 0, 0, 0, 180, 781, 62, 1, 0, 0, 0, 0, 699, 322, 3, 0, 0, 0
0, 0, 41, 419, 127, 190, 200, 47, 0, 0, 24, 463, 127, 218, 167, 25, 0, 0, 252, 303, 174, 227, 68, 0
0, 0, 0, 0, 103, 217, 385, 319, 0, 0, 0, 0, 146, 245, 457, 176, 0, 0, 0, 58, 231, 419, 316, 0
0, 0, 0, 13, 65, 18, 15, 913, 0, 0, 0, 40, 47, 19, 8, 910, 0, 0, 50, 38, 16, 9, 890, 21
0, 0, 0, 1, 170, 342, 71, 440, 0, 0, 0, 141, 351, 69, 48, 415, 0, 18, 439, 90, 34, 52, 391, 0
0, 0, 0, 0, 0, 0, 0, 1024, 0, 0, 0, 0, 0, 0, 0, 1024, 0, 0, 0, 0, 0, 0, 1024, 0
0, 0, 0, 0, 0, 0, 0, 1024, 0, 0, 0, 0, 0, 0, 0, 1024, 0, 0, 0, 0, 0, 0, 1024, 0
0, 0, 0, 60, 321, 82, 53, 508, 0, 0, 0, 51, 340, 82, 44, 507, 0, 0, 1, 242, 205, 64, 510, 2
0, 402, 507, 87, 18, 8, 2, 0, 0, 368, 547, 85, 16, 7, 1, 0, 11, 862, 67, 66, 14, 4, 0, 0
0, 130, 622, 269, 3, 0, 0, 0, 0, 39, 509, 467, 9, 0, 0, 0, 37, 792, 195, 0, 0, 0, 0, 0
0, 69, 490, 445, 20, 0, 0, 0, 0, 6, 253, 733, 32, 0, 0, 0, 63, 711, 237, 13, 0, 0, 0, 0
0, 12, 193, 627, 161, 31, 0, 0, 0, 7, 168, 753, 92, 4, 0, 0, 79, 559, 350, 36, 0, 0, 0, 0
15, 174, 461, 276, 91, 7, 0, 0, 2, 143, 385, 459, 35, 0, 0, 0, 252, 591, 162, 19, 0, 0, 0, 0
0, 0, 0, 0, 0, 0, 0, 1024, 0, 0, 0, 0, 0, 0, 0, 1024, 0, 0, 0, 0, 0, 0, 0, 1024
0, 0, 0, 0, 0, 0, 0, 1024, 0, 0, 0, 0, 0, 0, 0, 1024, 0, 0, 0, 0, 0, 0, 0, 1024
0, 0, 0, 0, 0, 0, 0, 1024, 0, 0, 0, 0, 0, 0, 0, 1024, 0, 0, 0, 0, 0, 0, 320, 704
0, 0, 0, 0, 0, 0, 0, 1024, 0, 0, 0, 0, 0, 0, 0, 1024, 0, 0, 0, 0, 0, 0, 1000, 24
0, 0, 0, 0, 0, 0, 0, 1024, 0, 0, 0, 0, 0, 0, 0, 1024, 0, 0, 0, 0, 0, 0, 1024, 0
0, 0, 0, 0, 0, 0, 0, 1024, 0, 0, 0, 0, 0, 0, 0, 1024, 0, 0, 0, 0, 0, 0, 1024, 0
0, 0, 0, 0, 0, 0, 0, 1024, 0, 0, 0, 0, 0, 0, 0, 1024, 0, 0, 0, 0, 0, 0, 1024, 0
0, 0, 0, 0, 0, 0, 0, 1024, 0, 0, 0, 0, 0, 0, 0, 1024, 0, 0, 0, 0, 0, 0, 1024, 0
0, 0, 0, 0, 0, 0, 0, 1024, 0, 0, 0, 0, 0, 0, 0, 1024, 0, 0, 0, 0, 0, 0, 1024, 0
0, 0, 0, 0, 5, 39, 145, 835, 0, 0, 0, 0, 38, 133, 86, 767, 0, 0, 25, 101, 92, 67, 739, 0
0, 0, 0, 41, 372, 291, 273, 47, 0, 0, 0, 260, 328, 353, 83, 0, 0, 0, 227, 747, 50, 0, 0, 0
0, 0, 3, 533, 359, 114, 15, 0, 0, 0, 89, 816, 115, 4, 0, 0, 0, 0, 667, 357, 0, 0, 0, 0
0, 0, 9, 462, 176, 79, 84, 214, 0, 0, 60, 440, 175, 59, 134, 156, 0, 0, 310, 289, 115, 81, 226, 3
0, 0, 0, 0, 26, 140, 394, 464, 0, 0, 0, 0, 50, 167, 469, 338, 0, 0, 0, 9, 161, 449, 405, 0
0, 0, 0, 0, 53, 93, 73, 805, 0, 0, 0, 6, 87, 80, 87, 764, 0, 0, 32, 69, 74, 77, 768, 4
0, 0, 0, 1, 74, 214, 58, 677, 0, 0, 0, 23, 229, 64, 52, 656, 0, 9, 231, 63, 44, 66, 611, 0
0, 0, 0, 0, 0, 0, 0, 1024, 0, 0, 0, 0, 0, 0, 0, 1024, 0, 0, 0, 0, 0, 0, 1024, 0
0, 0, 0, 0, 0, 0, 0, 1024, 0, 0, 0, 0, 0, 0, 0, 1024, 0, 0, 0, 0, 0, 0, 1024, 0
0, 0, 18, 95, 283, 91, 43, 494, 0, 0, 17, 83, 306, 98, 32, 488, 0, 4, 30, 249, 191, 56, 494, 0
0, 813, 196, 13, 2, 0, 0, 0, 0, 780, 229, 13, 2, 0, 0, 0, 22, 964, 32, 5, 1, 0, 0, 0
0, 211, 589, 224, 0, 0, 0, 0, 0, 85, 610, 329, 0, 0, 0, 0, 73, 876, 75, 0, 0, 0, 0, 0
0, 0, 420, 509, 87, 8, 0, 0, 0, 0, 189, 803, 26, 6, 0, 0, 46, 637, 327, 11, 3, 0, 0, 0
0, 1, 113, 786, 123, 1, 0, 0, 0, 1, 111, 855, 57, 0, 0, 0, 94, 508, 402, 20, 0, 0, 0, 0
2, 279, 472, 210, 58, 3, 0, 0, 0, 154, 469, 388, 13, 0, 0, 0, 296, 670, 56, 2, 0, 0, 0, 0
0, 0, 0, 0, 0, 0, 0, 1024, 0, 0, 0, 0, 0, 0, 0, 1024, 0, 0, 0, 0, 0, 0, 0, 1024
0, 0, 0, 0, 0, 0, 0, 1024, 0, 0, 0, 0, 0, 0, 0, 1024, 0, 0, 0, 0, 0, 0, 0, 1024
0, 0, 0, 0, 0, 0, 0, 1024, 0, 0, 0, 0, 0, 0, 0, 1024, 0, 0, 0, 0, 0, 0, 256, 768
0, 0, 0, 0, 0, 0, 0, 1024, 0, 0, 0, 0, 0, 0, 0, 1024, 0, 0, 0, 0, 0, 0, 1024, 0
0, 0, 0, 0, 0, 0, 0, 1024, 0, 0, 0, 0, 0, 0, 0, 1024, 0, 0, 0, 0, 0, 0, 1024, 0
0, 0, 0, 0, 0, 0, 0, 1024, 0, 0, 0, 0, 0, 0, 0, 1024, 0, 0, 0, 0, 0, 0, 1024, 0
0, 0, 0, 0, 0, 0, 0, 1024, 0, 0, 0, 0, 0, 0, 0, 1024, 0, 0, 0, 0, 0, 0, 1024, 0
0, 0, 0, 0, 0, 0, 0, 1024, 0, 0, 0, 0, 0, 0, 0, 1024, 0, 0, 0, 0, 0, 0, 1024, 0
0, 0, 0, 0, 0, 0, 0, 1024, 0, 0, 0, 0, 0, 0, 0, 1024, 0, 0, 0, 0, 0, 0, 1024, 0
0, 0, 0, 0, 29, 45, 40, 910, 0, 0, 0, 3, 29, 49, 57, 886, 0, 0, 7, 40, 39, 65, 872, 1
0, 0, 0, 6, 284, 469, 241, 24, 0, 0, 0, 64, 417, 439, 102, 2, 0, 0, 205, 720, 89, 10, 0, 0
0, 0, 88, 560, 301, 74, 1, 0, 0, 0, 185, 709, 128, 2, 0, 0, 0, 5, 722, 296, 1, 0, 0, 0
0, 0, 200, 330, 199, 43, 96, 156, 0, 0, 248, 405, 89, 34, 148, 100, 0, 5, 342, 377, 48, 83, 169, 0
0, 0, 0, 0, 0, 66, 184, 774, 0, 0, 0, 0, 2, 107, 246, 669, 0, 0, 0, 0, 63, 201, 758, 2
0, 0, 0, 16, 293, 206, 88, 421, 0, 0, 0, 157, 238, 161, 70, 398, 0, 5, 342, 66, 123, 90, 390, 8
0, 0, 0, 0, 47, 77, 60, 840, 0, 0, 0, 3, 79, 60, 57, 825, 0, 7, 67, 57, 42, 51, 791, 9
0, 0, 0, 0, 0, 0, 0, 1024, 0, 0, 0, 0, 0, 0, 0, 1024, 0, 0, 0, 0, 0, 0, 1024, 0
0, 0, 0, 0, 0, 0, 0, 1024, 0, 0, 0, 0, 0, 0, 0, 1024, 0, 0, 0, 0, 0, 0, 1024, 0
0, 40, 80, 56, 147, 126, 56, 519, 0, 58, 70, 53, 163, 125, 46, 509, 6, 102, 52, 110, 163, 74, 517, 0
0, 821, 189, 14, 0, 0, 0, 0, 0, 744, 263, 17, 0, 0, 0, 0, 35, 965, 24, 0, 0, 0, 0, 0
0, 215, 692, 117, 0, 0, 0, 0, 0, 75, 570, 377, 2, 0, 0, 0, 34, 808, 182, 0, 0, 0, 0, 0
0, 144, 398, 384, 67, 18, 8, 5, 0, 26, 340, 571, 57, 19, 9, 2, 58, 588, 310, 52, 10, 6, 0, 0
0, 0, 19, 766, 239, 0, 0, 0, 0, 0, 61, 877, 86, 0, 0, 0, 92, 517, 394, 21, 0, 0, 0, 0
12, 270, 465, 247, 29, 1, 0, 0, 0, 155, 485, 372, 12, 0, 0, 0, 334, 647, 42, 1, 0, 0, 0, 0
0, 0, 0, 0, 0, 0, 0, 1024, 0, 0, 0, 0, 0, 0, 0, 1024, 0, 0, 0, 0, 0, 0, 0, 1024
0, 0, 0, 0, 0, 0, 0, 1024, 0, 0, 0, 0, 0, 0, 0, 1024, 0, 0, 0, 0, 0, 0, 0, 1024
0, 0, 0, 0, 0, 0, 0, 1024, 0, 0, 0, 0, 0, 0, 0, 1024, 0, 0, 0, 0, 0, 0, 0, 1024
0, 0, 0, 0, 0, 0, 0, 1024, 0, 0, 0, 0, 0, 0, 0, 1024, 0, 0, 0, 0, 0, 0, 960, 64
0, 0, 0, 0, 0, 0, 0, 1024, 0, 0, 0, 0, 0, 0, 0, 1024, 0, 0, 0, 0, 0, 0, 1014, 10
0, 0, 0, 0, 0, 0, 0, 1024, 0, 0, 0, 0, 0, 0, 0, 1024, 0, 0, 0, 0, 0, 0, 1024, 0
0, 0, 0, 0, 0, 0, 0, 1024, 0, 0, 0, 0, 0, 0, 0, 1024, 0, 0, 0, 0, 0, 0, 1024, 0
0, 0, 0, 0, 0, 0, 0, 1024, 0, 0, 0, 0, 0, 0, 0, 1024, 0, 0, 0, 0, 0, 0, 1024, 0
0, 0, 0, 0, 0, 0, 0, 1024, 0, 0, 0, 0, 0, 0, 0, 1024, 0, 0, 0, 0, 0, 0, 1024, 0
0, 0, 0, 0, 0, 2, 17, 1005, 0, 0, 0, 0, 0, 7, 16, 1001, 0, 0, 0, 0, 6, 18, 1000, 0
0, 0, 0, 101, 311, 371, 159, 82, 0, 0, 0, 172, 408, 321, 64, 59, 0, 0, 214, 622, 98, 38, 52, 0
0, 0, 240, 657, 119, 8, 0, 0, 0, 0, 403, 569, 50, 2, 0, 0, 0, 6, 864, 154, 0, 0, 0, 0
0, 0, 189, 518, 82, 43, 111, 81, 0, 0, 266, 468, 64, 46, 108, 72, 0, 14, 461, 307, 46, 108, 88, 0
0, 0, 0, 0, 0, 76, 124, 824, 0, 0, 0, 0, 0, 115, 166, 743, 0, 0, 0, 0, 103, 125, 796, 0
0, 0, 0, 8, 128, 204, 143, 541, 0, 0, 0, 46, 128, 206, 132, 512, 0, 3, 119, 83, 186, 166, 437, 30
0, 0, 0, 4, 31, 14, 20, 955, 0, 0, 0, 20, 23, 19, 12, 950, 0, 0, 32, 13, 20, 20, 939, 0
0, 0, 0, 0, 0, 0, 0, 1024, 0, 0, 0, 0, 0, 0, 0, 1024, 0, 0, 0, 0, 0, 0, 1024, 0
0, 0, 0, 0, 0, 0, 0, 1024, 0, 0, 0, 0, 0, 0, 0, 1024, 0, 0, 0, 0, 0, 0, 1024, 0
0, 166, 79, 44, 31, 52, 105, 547, 0, 191, 65, 44, 30, 66, 107, 521, 7, 230, 52, 30, 57, 112, 536, 0
0, 855, 107, 44, 18, 0, 0, 0, 0, 815, 148, 54, 7, 0, 0, 0, 25, 921, 64, 14, 0, 0, 0, 0
0, 95, 463, 462, 4, 0, 0, 0, 0, 51, 377, 591, 5, 0, 0, 0, 10, 724, 290, 0, 0, 0, 0, 0
0, 161, 434, 380, 45, 4, 0, 0, 0, 38, 332, 554, 90, 10, 0, 0, 97, 586, 297, 44, 0, 0, 0, 0
0, 3, 315, 651, 51, 4, 0, 0, 0, 0, 242, 718, 61, 3, 0, 0, 129, 681, 201, 13, 0, 0, 0, 0
8, 238, 436, 311, 30, 1, 0, 0, 0, 151, 433, 417, 22, 1, 0, 0, 313, 623, 80, 8, 0, 0, 0, 0
0, 0, 0, 0, 0, 0, 0, 1024, 0, 0, 0, 0, 0, 0, 0, 1024, 0, 0, 0, 0, 0, 0, 0, 1024
0, 0, 0, 0, 0, 0, 0, 1024, 0, 0, 0, 0, 0, 0, 0, 1024, 0, 0, 0, 0, 0, 0, 0, 1024
0, 0, 0, 0, 0, 0, 0, 1024, 0, 0, 0, 0, 0, 0, 0, 1024, 0, 0, 0, 0, 0, 0, 0, 1024
0, 0, 0, 0, 0, 0, 0, 1024, 0, 0, 0, 0, 0, 0, 0, 1024, 0, 0, 0, 0, 0, 0, 832, 192
0, 0, 0, 0, 0, 0, 0, 1024, 0, 0, 0, 0, 0, 0, 0, 1024, 0, 0, 0, 0, 0, 0, 1024, 0
0, 0, 0, 0, 0, 0, 0, 1024, 0, 0, 0, 0, 0, 0, 0, 1024, 0, 0, 0, 0, 0, 0, 981, 43
0, 0, 0, 0, 0, 0, 0, 1024, 0, 0, 0, 0, 0, 0, 0, 1024, 0, 0, 0, 0, 0, 0, 1024, 0
0, 0, 0, 0, 0, 0, 0, 1024, 0, 0, 0, 0, 0, 0, 0, 1024, 0, 0, 0, 0, 0, 0, 1024, 0
0, 0, 0, 0, 0, 0, 0, 1024, 0, 0, 0, 0, 0, 0, 0, 1024, 0, 0, 0, 0, 0, 0, 1024, 0
0, 0, 0, 0, 0, 0, 0, 1024, 0, 0, 0, 0, 0, 0, 0, 1024, 0, 0, 0, 0, 0, 0, 1024, 0
0, 0, 0, 23, 161, 385, 225, 230, 0, 0, 0, 66, 434, 260, 67, 197, 0, 0, 66, 530, 183, 41, 194, 10
0, 0, 151, 567, 217, 83, 6, 0, 0, 0, 205, 669, 136, 14, 0, 0, 0, 32, 807, 185, 0, 0, 0, 0
0, 0, 271, 538, 98, 52, 30, 35, 0, 0, 260, 551, 97, 54, 45, 17, 0, 66, 491, 333, 51, 37, 46, 0
0, 0, 0, 0, 0, 54, 154, 816, 0, 0, 0, 0, 0, 98, 195, 731, 0, 0, 0, 0, 48, 179, 795, 2
0, 0, 0, 0, 30, 52, 137, 805, 0, 0, 0, 6, 44, 68, 174, 732, 0, 0, 12, 45, 93, 201, 672, 1
0, 0, 0, 0, 0, 0, 0, 1024, 0, 0, 0, 0, 0, 0, 0, 1024, 0, 0, 0, 0, 0, 0, 1024, 0
0, 0, 0, 0, 0, 0, 0, 1024, 0, 0, 0, 0, 0, 0, 0, 1024, 0, 0, 0, 0, 0, 0, 1024, 0
0, 0, 0, 0, 0, 0, 0, 1024, 0, 0, 0, 0, 0, 0, 0, 1024, 0, 0, 0, 0, 0, 0, 1024, 0
0, 72, 50, 92, 172, 33, 38, 567, 0, 90, 50, 188, 72, 25, 45, 554, 3, 116, 66, 199, 35, 50, 552, 3
0, 247, 198, 292, 125, 25, 30, 107, 0, 300, 167, 332, 70, 26, 27, 102, 38, 393, 251, 178, 26, 28, 103, 7
7, 168, 515, 320, 14, 0, 0, 0, 0, 101, 535, 382, 6, 0, 0, 0, 83, 736, 200, 5, 0, 0, 0, 0
0, 27, 386, 596, 15, 0, 0, 0, 0, 29, 292, 688, 14, 1, 0, 0, 48, 697, 272, 7, 0, 0, 0, 0
0, 26, 118, 612, 240, 28, 0, 0, 0, 42, 93, 718, 166, 5, 0, 0, 64, 434, 427, 99, 0, 0, 0, 0
0, 8, 176, 817, 23, 0, 0, 0, 0, 9, 323, 684, 8, 0, 0, 0, 171, 655, 198, 0, 0, 0, 0, 0
0, 0, 0, 0, 0, 0, 0, 1024, 0, 0, 0, 0, 0, 0, 0, 1024, 0, 0, 0, 0, 0, 0, 0, 1024
0, 0, 0, 0, 0, 0, 0, 1024, 0, 0, 0, 0, 0, 0, 0, 1024, 0, 0, 0, 0, 0, 0, 0, 1024
0, 0, 0, 0, 0, 0, 0, 1024, 0, 0, 0, 0, 0, 0, 0, 1024, 0, 0, 0, 0, 0, 0, 48, 976
0, 0, 0, 0, 0, 0, 0, 1024, 0, 0, 0, 0, 0, 0, 0, 1024, 0, 0, 0, 0, 0, 0, 695, 329
0, 0, 0, 0, 0, 0, 0, 1024, 0, 0, 0, 0, 0, 0, 0, 1024, 0, 0, 0, 0, 0, 0, 1024, 0
0, 0, 0, 0, 0, 0, 0, 1024, 0, 0, 0, 0, 0, 0, 0, 1024, 0, 0, 0, 0, 0, 0, 1024, 0
0, 0, 0, 0, 0, 0, 0, 1024, 0, 0, 0, 0, 0, 0, 0, 1024, 0, 0, 0, 0, 0, 0, 1024, 0
0, 0, 0, 0, 0, 0, 0, 1024, 0, 0, 0, 0, 0, 0, 0, 1024, 0, 0, 0, 0, 0, 0, 1024, 0
0, 0, 0, 0, 0, 0, 0, 1024, 0, 0, 0, 0, 0, 0, 0, 1024, 0, 0, 0, 0, 0, 0, 1024, 0
0, 0, 0, 67, 23, 13, 17, 904, 0, 0, 0, 73, 18, 15, 15, 903, 0, 0, 2, 80, 18, 16, 904, 4
0, 0, 0, 201, 551, 209, 19, 44, 0, 0, 0, 451, 448, 74, 12, 39, 0, 0, 32, 786, 149, 13, 43, 1
0, 0, 19, 794, 211, 0, 0, 0, 0, 0, 65, 947, 12, 0, 0, 0, 0, 43, 834, 147, 0, 0, 0, 0
0, 1, 254, 586, 121, 32, 24, 6, 0, 0, 241, 605, 124, 27, 25, 2, 0, 89, 617, 231, 56, 18, 13, 0
0, 0, 0, 0, 0, 65, 125, 834, 0, 0, 0, 0, 0, 87, 162, 775, 0, 0, 0, 0, 54, 153, 815, 2
0, 0, 4, 216, 60, 30, 41, 673, 0, 0, 20, 230, 34, 37, 103, 600, 0, 64, 187, 36, 27, 66, 613, 31
0, 0, 0, 115, 26, 16, 36, 831, 0, 0, 3, 122, 19, 19, 32, 829, 0, 49, 82, 16, 27, 31, 819, 0
0, 0, 0, 1, 4, 1, 6, 1012, 0, 0, 0, 2, 3, 2, 6, 1011, 0, 0, 2, 3, 2, 6, 1011, 0
0, 0, 0, 0, 0, 0, 0, 1024, 0, 0, 0, 0, 0, 0, 0, 1024, 0, 0, 0, 0, 0, 0, 1024, 0
0, 0, 0, 221, 268, 31, 15, 489, 0, 0, 0, 304, 202, 18, 18, 482, 0, 0, 101, 371, 48, 16, 479, 9
0, 514, 277, 117, 116, 0, 0, 0, 0, 554, 248, 149, 73, 0, 0, 0, 25, 755, 72, 167, 5, 0, 0, 0
0, 218, 491, 315, 0, 0, 0, 0, 0, 195, 474, 355, 0, 0, 0, 0, 120, 700, 204, 0, 0, 0, 0, 0
0, 148, 596, 278, 2, 0, 0, 0, 0, 97, 442, 482, 3, 0, 0, 0, 184, 725, 111, 4, 0, 0, 0, 0
0, 22, 282, 698, 22, 0, 0, 0, 0, 21, 243, 734, 26, 0, 0, 0, 104, 599, 310, 11, 0, 0, 0, 0
0, 0, 63, 780, 177, 4, 0, 0, 0, 1, 166, 816, 40, 1, 0, 0, 41, 558, 378, 47, 0, 0, 0, 0
0, 0, 0, 0, 0, 0, 0, 1024, 0, 0, 0, 0, 0, 0, 0, 1024, 0, 0, 0, 0, 0, 0, 0, 1024
0, 0, 0, 0, 0, 0, 0, 1024, 0, 0, 0, 0, 0, 0, 0, 1024, 0, 0, 0, 0, 0, 0, 0, 1024
0, 0, 0, 0, 0, 0, 0, 1024, 0, 0, 0, 0, 0, 0, 0, 1024, 0, 0, 0, 0, 0, 0, 0, 1024
0, 0, 0, 0, 0, 0, 0, 1024, 0, 0, 0, 0, 0, 0, 0, 1024, 0, 0, 0, 0, 0, 0, 576, 448
0, 0, 0, 0, 0, 0, 0, 1024, 0, 0, 0, 0, 0, 0, 0, 1024, 0, 0, 0, 0, 0, 0, 1024, 0
0, 0, 0, 0, 0, 0, 0, 1024, 0, 0, 0, 0, 0, 0, 0, 1024, 0, 0, 0, 0, 0, 0, 1024, 0
0, 0, 0, 0, 0, 0, 0, 1024, 0, 0, 0, 0, 0, 0, 0, 1024, 0, 0, 0, 0, 0, 0, 1024, 0
0, 0, 0, 0, 0, 0, 0, 1024, 0, 0, 0, 0, 0, 0, 0, 1024, 0, 0, 0, 0, 0, 0, 1024, 0
0, 0, 0, 0, 0, 0, 0, 1024, 0, 0, 0, 0, 0, 0, 0, 1024, 0, 0, 0, 0, 0, 0, 1024, 0
0, 0, 0, 120, 136, 33, 21, 714, 0, 0, 0, 140, 125, 25, 25, 709, 0, 0, 22, 234, 30, 21, 703, 14
0, 0, 0, 318, 631, 75, 0, 0, 0, 0, 0, 813, 202, 9, 0, 0, 0, 0, 471, 548, 5, 0, 0, 0
0, 31, 330, 608, 55, 0, 0, 0, 0, 0, 373, 651, 0, 0, 0, 0, 1, 341, 646, 36, 0, 0, 0, 0
0, 28, 287, 517, 90, 29, 59, 14, 0, 0, 361, 478, 85, 29, 59, 12, 0, 267, 497, 124, 52, 55, 29, 0
0, 0, 0, 1, 97, 111, 188, 627, 0, 0, 0, 8, 103, 121, 231, 561, 0, 0, 1, 99, 110, 170, 644, 0
0, 0, 0, 198, 27, 25, 133, 641, 0, 0, 9, 204, 17, 46, 207, 541, 0, 139, 72, 15, 35, 166, 543, 54
0, 0, 4, 469, 72, 47, 33, 399, 0, 0, 38, 475, 47, 47, 36, 381, 87, 367, 82, 44, 33, 45, 365, 1
0, 0, 1, 33, 6, 9, 13, 962, 0, 0, 16, 21, 10, 5, 16, 956, 0, 4, 31, 10, 8, 15, 956, 0
0, 0, 0, 0, 4, 2, 2, 1016, 0, 0, 0, 0, 5, 1, 7, 1011, 0, 0, 0, 5, 1, 8, 1010, 0
0, 0, 1, 305, 272, 36, 27, 383, 0, 0, 1, 362, 232, 29, 29, 371, 0, 0, 96, 459, 57, 28, 384, 0
0, 824, 71, 127, 2, 0, 0, 0, 0, 831, 78, 115, 0, 0, 0, 0, 22, 861, 128, 13, 0, 0, 0, 0
0, 193, 478, 188, 36, 21, 49, 59, 0, 121, 508, 236, 31, 24, 59, 45, 81, 621, 159, 31, 27, 53, 52, 0
0, 135, 517, 365, 7, 0, 0, 0, 0, 66, 416, 535, 7, 0, 0, 0, 116, 717, 190, 1, 0, 0, 0, 0
0, 87, 376, 508, 47, 6, 0, 0, 0, 88, 387, 528, 15, 6, 0, 0, 155, 603, 255, 8, 3, 0, 0, 0
0, 11, 87, 743, 161, 22, 0, 0, 0, 11, 214, 756, 35, 8, 0, 0, 147, 660, 194, 23, 0, 0, 0, 0
0, 0, 0, 0, 0, 0, 0, 1024, 0, 0, 0, 0, 0, 0, 0, 1024, 0, 0, 0, 0, 0, 0, 0, 1024
0, 0, 0, 0, 0, 0, 0, 1024, 0, 0, 0, 0, 0, 0, 0, 1024, 0, 0, 0, 0, 0, 0, 0, 1024
0, 0, 0, 0, 0, 0, 0, 1024, 0, 0, 0, 0, 0, 0, 0, 1024, 0, 0, 0, 0, 0, 0, 0, 1024
0, 0, 0, 0, 0, 0, 0, 1024, 0, 0, 0, 0, 0, 0, 0, 1024, 0, 0, 0, 0, 0, 0, 448, 576
0, 0, 0, 0, 0, 0, 0, 1024, 0, 0, 0, 0, 0, 0, 0, 1024, 0, 0, 0, 0, 0, 0, 1024, 0
0, 0, 0, 0, 0, 0, 0, 1024, 0, 0, 0, 0, 0, 0, 0, 1024, 0, 0, 0, 0, 0, 0, 1024, 0
0, 0, 0, 0, 0, 0, 0, 1024, 0, 0, 0, 0, 0, 0, 0, 1024, 0, 0, 0, 0, 0, 0, 1024, 0
0, 0, 0, 0, 0, 0, 0, 1024, 0, 0, 0, 0, 0, 0, 0, 1024, 0, 0, 0, 0, 0, 0, 1024, 0
0, 0, 0, 0, 0, 0, 0, 1024, 0, 0, 0, 0, 0, 0, 0, 1024, 0, 0, 0, 0, 0, 0, 1024, 0
0, 0, 0, 139, 133, 76, 35, 641, 0, 0, 0, 184, 139, 34, 37, 630, 0, 0, 215, 121, 30, 42, 616, 0
0, 0, 409, 498, 117, 0, 0, 0, 0, 0, 310, 708, 6, 0, 0, 0, 0, 261, 734, 29, 0, 0, 0, 0
0, 114, 663, 247, 0, 0, 0, 0, 0, 8, 682, 333, 1, 0, 0, 0, 15, 782, 227, 0, 0, 0, 0, 0
0, 142, 329, 504, 20, 17, 9, 3, 0, 74, 418, 478, 27, 15, 9, 3, 11, 481, 448, 51, 19, 4, 10, 0
0, 0, 0, 18, 47, 131, 239, 589, 0, 0, 0, 18, 58, 144, 300, 504, 0, 0, 8, 47, 133, 201, 635, 0
0, 0, 32, 94, 17, 51, 277, 553, 0, 0, 73, 54, 24, 97, 384, 392, 0, 85, 41, 19, 74, 355, 406, 44
0, 170, 660, 155, 30, 8, 1, 0, 0, 90, 766, 146, 16, 5, 1, 0, 112, 863, 39, 6, 3, 1, 0, 0
0, 0, 19, 126, 51, 45, 73, 710, 0, 0, 67, 86, 56, 50, 86, 679, 0, 79, 96, 50, 52, 82, 657, 8
0, 0, 0, 0, 11, 2, 9, 1002, 0, 0, 0, 0, 12, 1, 11, 1000, 0, 0, 0, 12, 1, 14, 997, 0
0, 15, 21, 469, 164, 42, 26, 287, 0, 14, 21, 470, 179, 32, 31, 277, 0, 19, 66, 521, 101, 31, 278, 8
22, 888, 61, 25, 15, 6, 7, 0, 3, 907, 63, 25, 14, 7, 5, 0, 66, 893, 40, 13, 11, 1, 0, 0
2, 700, 184, 68, 23, 12, 20, 15, 0, 500, 385, 74, 19, 14, 20, 12, 114, 782, 66, 17, 12, 22, 11, 0
0, 416, 468, 126, 13, 1, 0, 0, 0, 198, 507, 298, 20, 1, 0, 0, 130, 791, 97, 6, 0, 0, 0, 0
0, 73, 616, 335, 0, 0, 0, 0, 0, 119, 594, 309, 2, 0, 0, 0, 239, 749, 36, 0, 0, 0, 0, 0
0, 55, 157, 719, 68, 14, 11, 0, 0, 27, 397, 546, 36, 16, 2, 0, 156, 714, 124, 18, 11, 1, 0, 0
0, 0, 0, 0, 0, 0, 0, 1024, 0, 0, 0, 0, 0, 0, 0, 1024, 0, 0, 0, 0, 0, 0, 0, 1024
0, 0, 0, 0, 0, 0, 0, 1024, 0, 0, 0, 0, 0, 0, 0, 1024, 0, 0, 0, 0, 0, 0, 0, 1024
0, 0, 0, 0, 0, 0, 0, 1024, 0, 0, 0, 0, 0, 0, 0, 1024, 0, 0, 0, 0, 0, 0, 0, 1024
0, 0, 0, 0, 0, 0, 0, 1024, 0, 0, 0, 0, 0, 0, 0, 1024, 0, 0, 0, 0, 0, 0, 576, 448
0, 0, 0, 0, 0, 0, 0, 1024, 0, 0, 0, 0, 0, 0, 0, 1024, 0, 0, 0, 0, 0, 0, 1024, 0
0, 0, 0, 0, 0, 0, 0, 1024, 0, 0, 0, 0, 0, 0, 0, 1024, 0, 0, 0, 0, 0, 0, 1024, 0
0, 0, 0, 0, 0, 0, 0, 1024, 0, 0, 0, 0, 0, 0, 0, 1024, 0, 0, 0, 0, 0, 0, 1024, 0
0, 0, 0, 0, 0, 0, 0, 1024, 0, 0, 0, 0, 0, 0, 0, 1024, 0, 0, 0, 0, 0, 0, 1024, 0
0, 0, 0, 0, 0, 0, 0, 1024, 0, 0, 0, 0, 0, 0, 0, 1024, 0, 0, 0, 0, 0, 0, 1024, 0
0, 0, 28, 315, 78, 68, 34, 501, 0, 0, 17, 392, 55, 29, 38, 493, 0, 69, 349, 48, 28, 47, 483, 0
0, 0, 373, 241, 264, 135, 11, 0, 0, 0, 305, 712, 7, 0, 0, 0, 4, 617, 403, 0, 0, 0, 0, 0
0, 113, 340, 538, 33, 0, 0, 0, 0, 37, 446, 541, 0, 0, 0, 0, 21, 698, 305, 0, 0, 0, 0, 0
0, 119, 362, 540, 3, 0, 0, 0, 0, 33, 440, 549, 2, 0, 0, 0, 30, 563, 406, 25, 0, 0, 0, 0
0, 0, 19, 241, 63, 83, 221, 397, 0, 0, 18, 247, 59, 94, 323, 283, 0, 2, 197, 97, 86, 267, 375, 0
0, 0, 0, 28, 113, 265, 330, 288, 0, 0, 0, 38, 135, 275, 344, 232, 0, 0, 26, 112, 266, 336, 241, 43
0, 79, 481, 458, 6, 0, 0, 0, 0, 61, 906, 57, 0, 0, 0, 0, 298, 710, 16, 0, 0, 0, 0, 0
0, 0, 58, 256, 109, 50, 45, 506, 0, 0, 255, 106, 74, 46, 59, 484, 156, 162, 37, 47, 61, 69, 458, 34
0, 0, 8, 155, 19, 11, 29, 802, 0, 0, 40, 132, 14, 12, 34, 792, 0, 45, 80, 61, 10, 29, 784, 15
0, 95, 60, 393, 214, 30, 23, 209, 0, 102, 56, 396, 213, 34, 18, 205, 14, 114, 216, 324, 115, 32, 209, 0
35, 987, 2, 0, 0, 0, 0, 0, 3, 1011, 10, 0, 0, 0, 0, 0, 34, 990, 0, 0, 0, 0, 0, 0
29, 782, 208, 5, 0, 0, 0, 0, 0, 735, 281, 8, 0, 0, 0, 0, 62, 958, 4, 0, 0, 0, 0, 0
12, 599, 376, 37, 0, 0, 0, 0, 0, 426, 418, 177, 3, 0, 0, 0, 159, 836, 29, 0, 0, 0, 0, 0
0, 268, 572, 184, 0, 0, 0, 0, 0, 254, 540, 230, 0, 0, 0, 0, 251, 758, 15, 0, 0, 0, 0, 0
0, 0, 52, 893, 77, 2, 0, 0, 0, 0, 348, 669, 6, 1, 0, 0, 168, 684, 166, 5, 1, 0, 0, 0
0, 0, 0, 0, 0, 0, 0, 1024, 0, 0, 0, 0, 0, 0, 0, 1024, 0, 0, 0, 0, 0, 0, 0, 1024
0, 0, 0, 0, 0, 0, 0, 1024, 0, 0, 0, 0, 0, 0, 0, 1024, 0, 0, 0, 0, 0, 0, 0, 1024
0, 0, 0, 0, 0, 0, 0, 1024, 0, 0, 0, 0, 0, 0, 0, 1024, 0, 0, 0, 0, 0, 0, 0, 1024
0, 0, 0, 0, 0, 0, 0, 1024, 0, 0, 0, 0, 0, 0, 0, 1024, 0, 0, 0, 0, 0, 0, 576, 448
0, 0, 0, 0, 0, 0, 0, 1024, 0, 0, 0, 0, 0, 0, 0, 1024, 0, 0, 0, 0, 0, 0, 1024, 0
0, 0, 0, 0, 0, 0, 0, 1024, 0, 0, 0, 0, 0, 0, 0, 1024, 0, 0, 0, 0, 0, 0, 1024, 0
0, 0, 0, 0, 0, 0, 0, 1024, 0, 0, 0, 0, 0, 0, 0, 1024, 0, 0, 0, 0, 0, 0, 1024, 0
0, 0, 0, 0, 0, 0, 0, 1024, 0, 0, 0, 0, 0, 0, 0, 1024, 0, 0, 0, 0, 0, 0, 1024, 0
0, 0, 0, 0, 0, 0, 2, 1022, 0, 0, 0, 0, 0, 0, 3, 1021, 0, 0, 0, 0, 1, 4, 1019, 0
0, 0, 34, 297, 276, 167, 36, 214, 0, 0, 1, 531, 190, 71, 34, 197, 0, 151, 576, 56, 26, 37, 178, 0
0, 1, 381, 443, 196, 3, 0, 0, 0, 0, 207, 814, 3, 0, 0, 0, 9, 706, 309, 0, 0, 0, 0, 0
0, 296, 334, 312, 82, 0, 0, 0, 0, 168, 714, 142, 0, 0, 0, 0, 116, 908, 0, 0, 0, 0, 0, 0
0, 393, 336, 295, 0, 0, 0, 0, 0, 301, 457, 266, 0, 0, 0, 0, 56, 765, 203, 0, 0, 0, 0, 0
0, 0, 46, 618, 78, 75, 126, 81, 0, 0, 44, 622, 77, 74, 164, 43, 0, 7, 575, 125, 78, 126, 113, 0
0, 0, 0, 258, 271, 213, 107, 175, 0, 0, 2, 267, 291, 199, 112, 153, 0, 0, 145, 287, 267, 135, 164, 26
0, 218, 356, 380, 19, 11, 9, 31, 0, 211, 721, 29, 16, 10, 10, 27, 166, 745, 44, 19, 11, 9, 15, 15
0, 35, 372, 452, 60, 26, 23, 56, 0, 26, 584, 212, 96, 31, 25, 50, 245, 411, 38, 131, 104, 43, 47, 5
0, 23, 119, 640, 122, 48, 29, 43, 0, 24, 134, 637, 117, 44, 36, 32, 8, 153, 470, 253, 62, 37, 38, 3
0, 191, 50, 181, 460, 75, 20, 47, 0, 191, 52, 211, 412, 93, 28, 37, 0, 221, 94, 287, 339, 42, 41, 0
72, 952, 0, 0, 0, 0, 0, 0, 1, 1020, 3, 0, 0, 0, 0, 0, 2, 1022, 0, 0, 0, 0, 0, 0
183, 803, 38, 0, 0, 0, 0, 0, 0, 908, 114, 2, 0, 0, 0, 0, 29, 986, 9, 0, 0, 0, 0, 0
6, 561, 342, 115, 0, 0, 0, 0, 0, 298, 517, 208, 1, 0, 0, 0, 165, 833, 26, 0, 0, 0, 0, 0
0, 170, 567, 254, 33, 0, 0, 0, 0, 220, 570, 226, 8, 0, 0, 0, 304, 680, 39, 1, 0, 0, 0, 0
0, 10, 225, 773, 16, 0, 0, 0, 0, 29, 549, 446, 0, 0, 0, 0, 258, 720, 46, 0, 0, 0, 0, 0
0, 0, 0, 0, 0, 0, 0, 1024, 0, 0, 0, 0, 0, 0, 0, 1024, 0, 0, 0, 0, 0, 0, 0, 1024
0, 0, 0, 0, 0, 0, 0, 1024, 0, 0, 0, 0, 0, 0, 0, 1024, 0, 0, 0, 0, 0, 0, 0, 1024
0, 0, 0, 0, 0, 0, 0, 1024, 0, 0, 0, 0, 0, 0, 0, 1024, 0, 0, 0, 0, 0, 0, 0, 1024
0, 0, 0, 0, 0, 0, 0, 1024, 0, 0, 0, 0, 0, 0, 0, 1024, 0, 0, 0, 0, 0, 0, 192, 832
0, 0, 0, 0, 0, 0, 0, 1024, 0, 0, 0, 0, 0, 0, 0, 1024, 0, 0, 0, 0, 0, 0, 1024, 0
0, 0, 0, 0, 0, 0, 0, 1024, 0, 0, 0, 0, 0, 0, 0, 1024, 0, 0, 0, 0, 0, 0, 1024, 0
0, 0, 0, 0, 0, 0, 0, 1024, 0, 0, 0, 0, 0, 0, 0, 1024, 0, 0, 0, 0, 0, 0, 1024, 0
0, 0, 0, 0, 0, 0, 0, 1024, 0, 0, 0, 0, 0, 0, 0, 1024, 0, 0, 0, 0, 0, 0, 1024, 0
0, 0, 0, 24, 120, 41, 26, 813, 0, 0, 0, 36, 121, 37, 28, 802, 0, 0, 105, 65, 34, 40, 780, 0
0, 0, 1, 496, 519, 8, 0, 0, 0, 0, 0, 904, 120, 0, 0, 0, 0, 24, 985, 15, 0, 0, 0, 0
0, 0, 14, 838, 172, 0, 0, 0, 0, 0, 21, 1003, 0, 0, 0, 0, 3, 397, 624, 0, 0, 0, 0, 0
0, 0, 45, 956, 23, 0, 0, 0, 0, 0, 312, 712, 0, 0, 0, 0, 67, 764, 193, 0, 0, 0, 0, 0
0, 9, 620, 395, 0, 0, 0, 0, 0, 3, 830, 191, 0, 0, 0, 0, 80, 901, 43, 0, 0, 0, 0, 0
0, 0, 216, 806, 2, 0, 0, 0, 0, 0, 311, 709, 4, 0, 0, 0, 0, 286, 667, 71, 0, 0, 0, 0
0, 0, 302, 375, 160, 66, 33, 88, 0, 0, 311, 367, 170, 59, 39, 78, 0, 233, 281, 271, 113, 37, 88, 1
0, 0, 615, 233, 18, 14, 12, 132, 0, 44, 751, 60, 19, 9, 24, 117, 220, 599, 37, 15, 10, 11, 116, 16
0, 1, 577, 379, 48, 16, 3, 0, 0, 58, 581, 277, 87, 18, 3, 0, 194, 442, 73, 222, 72, 21, 0, 0
0, 0, 120, 856, 48, 0, 0, 0, 0, 0, 131, 856, 37, 0, 0, 0, 0, 121, 776, 127, 0, 0, 0, 0
0, 251, 71, 194, 313, 195, 0, 0, 0, 251, 75, 197, 331, 170, 0, 0, 7, 281, 113, 320, 289, 14, 0, 0
23, 999, 2, 0, 0, 0, 0, 0, 0, 1020, 4, 0, 0, 0, 0, 0, 14, 1009, 1, 0, 0, 0, 0, 0
128, 880, 16, 0, 0, 0, 0, 0, 0, 944, 78, 2, 0, 0, 0, 0, 15, 997, 12, 0, 0, 0, 0, 0
13, 605, 357, 48, 1, 0, 0, 0, 0, 104, 723, 196, 1, 0, 0, 0, 81, 885, 58, 0, 0, 0, 0, 0
52, 356, 394, 154, 47, 15, 6, 0, 2, 354, 439, 190, 23, 15, 1, 0, 257, 683, 49, 23, 11, 1, 0, 0
0, 54, 370, 556, 22, 12, 8, 2, 0, 164, 658, 173, 13, 9, 7, 0, 378, 595, 26, 16, 9, 0, 0, 0
0, 0, 0, 0, 0, 0, 0, 1024, 0, 0, 0, 0, 0, 0, 0, 1024, 0, 0, 0, 0, 0, 0, 0, 1024
0, 0, 0, 0, 0, 0, 0, 1024, 0, 0, 0, 0, 0, 0, 0, 1024, 0, 0, 0, 0, 0, 0, 0, 1024
0, 0, 0, 0, 0, 0, 0, 1024, 0, 0, 0, 0, 0, 0, 0, 1024, 0, 0, 0, 0, 0, 0, 0, 1024
0, 0, 0, 0, 0, 0, 0, 1024, 0, 0, 0, 0, 0, 0, 0, 1024, 0, 0, 0, 0, 0, 0, 320, 704
0, 0, 0, 0, 0, 0, 0, 1024, 0, 0, 0, 0, 0, 0, 0, 1024, 0, 0, 0, 0, 0, 0, 1000, 24
0, 0, 0, 0, 0, 0, 0, 1024, 0, 0, 0, 0, 0, 0, 0, 1024, 0, 0, 0, 0, 0, 0, 1024, 0
0, 0, 0, 0, 0, 0, 0, 1024, 0, 0, 0, 0, 0, 0, 0, 1024, 0, 0, 0, 0, 0, 0, 1024, 0
0, 0, 0, 0, 0, 0, 5, 1019, 0, 0, 0, 0, 0, 0, 22, 1002, 0, 0, 0, 0, 1, 45, 978, 0
0, 0, 0, 18, 223, 158, 34, 591, 0, 0, 0, 94, 271, 38, 57, 564, 0, 5, 337, 54, 36, 70, 517, 5
0, 0, 0, 441, 555, 28, 0, 0, 0, 0, 0, 884, 140, 0, 0, 0, 0, 114, 906, 4, 0, 0, 0, 0
0, 0, 5, 774, 245, 0, 0, 0, 0, 0, 62, 956, 6, 0, 0, 0, 2, 724, 298, 0, 0, 0, 0, 0
0, 0, 154, 798, 72, 0, 0, 0, 0, 0, 282, 736, 6, 0, 0, 0, 26, 907, 91, 0, 0, 0, 0, 0
0, 485, 405, 134, 0, 0, 0, 0, 0, 382, 504, 138, 0, 0, 0, 0, 114, 875, 35, 0, 0, 0, 0, 0
0, 3, 326, 695, 0, 0, 0, 0, 0, 3, 387, 634, 0, 0, 0, 0, 8, 309, 707, 0, 0, 0, 0, 0
0, 0, 583, 396, 27, 13, 3, 2, 0, 0, 567, 405, 33, 11, 6, 2, 0, 536, 257, 205, 15, 8, 3, 0
0, 212, 463, 75, 41, 48, 96, 89, 0, 312, 397, 56, 29, 60, 118, 52, 97, 611, 38, 37, 57, 74, 105, 5
0, 89, 469, 374, 85, 7, 0, 0, 0, 156, 514, 302, 47, 5, 0, 0, 162, 529, 137, 189, 7, 0, 0, 0
0, 0, 113, 895, 16, 0, 0, 0, 0, 0, 142, 873, 9, 0, 0, 0, 1, 164, 744, 115, 0, 0, 0, 0
0, 291, 71, 170, 385, 106, 1, 0, 0, 297, 73, 212, 387, 55, 0, 0, 2, 333, 146, 420, 122, 1, 0, 0
19, 1005, 0, 0, 0, 0, 0, 0, 0, 1024, 0, 0, 0, 0, 0, 0, 2, 1022, 0, 0, 0, 0, 0, 0
108, 909, 7, 0, 0, 0, 0, 0, 0, 965, 59, 0, 0, 0, 0, 0, 49, 969, 6, 0, 0, 0, 0, 0
5, 328, 565, 124, 2, 0, 0, 0, 0, 183, 642, 199, 0, 0, 0, 0, 189, 789, 46, 0, 0, 0, 0, 0
0, 246, 565, 188, 24, 1, 0, 0, 0, 166, 591, 254, 13, 0, 0, 0, 222, 732, 64, 6, 0, 0, 0, 0
66, 727, 184, 36, 8, 3, 0, 0, 1, 811, 185, 22, 4, 1, 0, 0, 217, 781, 25, 1, 0, 0, 0, 0
0, 0, 0, 0, 0, 0, 0, 1024, 0, 0, 0, 0, 0, 0, 0, 1024, 0, 0, 0, 0, 0, 0, 0, 1024
0, 0, 0, 0, 0, 0, 0, 1024, 0, 0, 0, 0, 0, 0, 0, 1024, 0, 0, 0, 0, 0, 0, 0, 1024
0, 0, 0, 0, 0, 0, 0, 1024, 0, 0, 0, 0, 0, 0, 0, 1024, 0, 0, 0, 0, 0, 0, 0, 1024
0, 0, 0, 0, 0, 0, 0, 1024, 0, 0, 0, 0, 0, 0, 0, 1024, 0, 0, 0, 0, 0, 0, 64, 960
0, 0, 0, 0, 0, 0, 0, 1024, 0, 0, 0, 0, 0, 0, 0, 1024, 0, 0, 0, 0, 0, 0, 1024, 0
0, 0, 0, 0, 0, 0, 0, 1024, 0, 0, 0, 0, 0, 0, 0, 1024, 0, 0, 0, 0, 0, 0, 1024, 0
0, 0, 0, 0, 0, 0, 0, 1024, 0, 0, 0, 0, 0, 0, 0, 1024, 0, 0, 0, 0, 0, 0, 1024, 0
0, 0, 0, 0, 45, 22, 55, 902, 0, 0, 0, 0, 49, 34, 123, 818, 0, 0, 21, 45, 65, 222, 671, 0
0, 0, 6, 652, 223, 32, 40, 71, 0, 0, 0, 809, 84, 32, 63, 36, 0, 2, 853, 55, 50, 53, 11, 0
0, 0, 183, 839, 2, 0, 0, 0, 0, 0, 57, 966, 1, 0, 0, 0, 3, 656, 365, 0, 0, 0, 0, 0
0, 0, 179, 845, 0, 0, 0, 0, 0, 0, 212, 812, 0, 0, 0, 0, 15, 966, 43, 0, 0, 0, 0, 0
0, 30, 592, 402, 0, 0, 0, 0, 0, 31, 723, 270, 0, 0, 0, 0, 116, 897, 11, 0, 0, 0, 0, 0
0, 201, 727, 96, 0, 0, 0, 0, 0, 146, 807, 71, 0, 0, 0, 0, 66, 933, 25, 0, 0, 0, 0, 0
0, 0, 318, 706, 0, 0, 0, 0, 0, 0, 318, 706, 0, 0, 0, 0, 0, 300, 696, 28, 0, 0, 0, 0
0, 16, 649, 358, 1, 0, 0, 0, 0, 5, 630, 387, 2, 0, 0, 0, 2, 534, 456, 32, 0, 0, 0, 0
0, 354, 246, 178, 100, 92, 53, 1, 0, 370, 216, 208, 102, 78, 50, 0, 16, 536, 166, 126, 100, 64, 16, 0
0, 327, 45, 488, 164, 0, 0, 0, 0, 323, 49, 515, 137, 0, 0, 0, 25, 340, 319, 340, 0, 0, 0, 0
0, 0, 17, 981, 26, 0, 0, 0, 0, 0, 30, 986, 8, 0, 0, 0, 0, 5, 819, 200, 0, 0, 0, 0
0, 307, 65, 83, 435, 132, 2, 0, 0, 317, 65, 100, 452, 90, 0, 0, 33, 333, 69, 336, 251, 2, 0, 0
147, 877, 0, 0, 0, 0, 0, 0, 0, 1024, 0, 0, 0, 0, 0, 0, 1, 1023, 0, 0, 0, 0, 0, 0
217, 762, 44, 1, 0, 0, 0, 0, 0, 907, 113, 4, 0, 0, 0, 0, 19, 985, 18, 2, 0, 0, 0, 0
0, 399, 471, 148, 6, 0, 0, 0, 0, 221, 650, 145, 8, 0, 0, 0, 165, 808, 51, 0, 0, 0, 0, 0
1, 254, 646, 123, 0, 0, 0, 0, 0, 179, 717, 128, 0, 0, 0, 0, 247, 774, 3, 0, 0, 0, 0, 0
115, 603, 222, 79, 5, 0, 0, 0, 3, 605, 333, 83, 0, 0, 0, 0, 190, 801, 33, 0, 0, 0, 0, 0
0, 0, 0, 0, 0, 0, 0, 1024, 0, 0, 0, 0, 0, 0, 0, 1024, 0, 0, 0, 0, 0, 0, 0, 1024
0, 0, 0, 0, 0, 0, 0, 1024, 0, 0, 0, 0, 0, 0, 0, 1024, 0, 0, 0, 0, 0, 0, 0, 1024
0, 0, 0, 0, 0, 0, 0, 1024, 0, 0, 0, 0, 0, 0, 0, 1024, 0, 0, 0, 0, 0, 0, 0, 1024
0, 0, 0, 0, 0, 0, 0, 1024, 0, 0, 0, 0, 0, 0, 0, 1024, 0, 0, 0, 0, 0, 0, 64, 960
0, 0, 0, 0, 0, 0, 0, 1024, 0, 0, 0, 0, 0, 0, 0, 1024, 0, 0, 0, 0, 0, 0, 704, 320
0, 0, 0, 0, 0, 0, 0, 1024, 0, 0, 0, 0, 0, 0, 0, 1024, 0, 0, 0, 0, 0, 0, 1024, 0
0, 0, 0, 0, 0, 13, 25, 986, 0, 0, 0, 0, 3, 14, 38, 969, 0, 0, 0, 12, 22, 43, 947, 0
0, 0, 0, 104, 392, 275, 92, 161, 0, 0, 0, 138, 488, 168, 102, 128, 0, 0, 307, 427, 115, 102, 73, 0
0, 0, 0, 436, 527, 61, 0, 0, 0, 0, 0, 742, 282, 0, 0, 0, 0, 0, 979, 45, 0, 0, 0, 0
0, 0, 1, 975, 48, 0, 0, 0, 0, 0, 2, 1020, 2, 0, 0, 0, 0, 421, 603, 0, 0, 0, 0, 0
0, 0, 44, 955, 25, 0, 0, 0, 0, 0, 117, 907, 0, 0, 0, 0, 47, 962, 15, 0, 0, 0, 0, 0
0, 38, 626, 360, 0, 0, 0, 0, 0, 28, 671, 325, 0, 0, 0, 0, 106, 918, 0, 0, 0, 0, 0, 0
0, 534, 490, 0, 0, 0, 0, 0, 0, 460, 564, 0, 0, 0, 0, 0, 23, 1001, 0, 0, 0, 0, 0, 0
0, 2, 536, 486, 0, 0, 0, 0, 0, 6, 614, 404, 0, 0, 0, 0, 8, 581, 434, 1, 0, 0, 0, 0
0, 73, 679, 272, 0, 0, 0, 0, 0, 15, 756, 253, 0, 0, 0, 0, 3, 631, 390, 0, 0, 0, 0, 0
0, 129, 242, 266, 253, 134, 0, 0, 0, 128, 200, 304, 245, 147, 0, 0, 13, 170, 339, 184, 282, 36, 0, 0
0, 80, 25, 540, 328, 50, 1, 0, 0, 75, 26, 613, 259, 49, 2, 0, 8, 90, 456, 399, 45, 26, 0, 0
0, 0, 0, 990, 34, 0, 0, 0, 0, 0, 0, 997, 27, 0, 0, 0, 0, 0, 715, 309, 0, 0, 0, 0
0, 315, 65, 59, 473, 112, 0, 0, 0, 324, 63, 71, 472, 94, 0, 0, 2, 363, 62, 193, 401, 3, 0, 0
118, 906, 0, 0, 0, 0, 0, 0, 0, 1019, 5, 0, 0, 0, 0, 0, 17, 1005, 2, 0, 0, 0, 0, 0
164, 812, 48, 0, 0, 0, 0, 0, 0, 878, 143, 3, 0, 0, 0, 0, 20, 997, 7, 0, 0, 0, 0, 0
6, 648, 354, 16, 0, 0, 0, 0, 0, 528, 477, 19, 0, 0, 0, 0, 163, 842, 19, 0, 0, 0, 0, 0
7, 416, 355, 229, 17, 0, 0, 0, 1, 456, 439, 123, 5, 0, 0, 0, 222, 743, 53, 6, 0, 0, 0, 0
87, 689, 193, 55, 0, 0, 0, 0, 0, 661, 310, 53, 0, 0, 0, 0, 153, 860, 11, 0, 0, 0, 0, 0
0, 0, 0, 0, 0, 0, 0, 1024, 0, 0, 0, 0, 0, 0, 0, 1024, 0, 0, 0, 0, 0, 0, 0, 1024
0, 0, 0, 0, 0, 0, 0, 1024, 0, 0, 0, 0, 0, 0, 0, 1024, 0, 0, 0, 0, 0, 0, 0, 1024
0, 0, 0, 0, 0, 0, 0, 1024, 0, 0, 0, 0, 0, 0, 0, 1024, 0, 0, 0, 0, 0, 0, 0, 1024
0, 0, 0, 0, 0, 0, 0, 1024, 0, 0, 0, 0, 0, 0, 0, 1024, 0, 0, 0, 0, 0, 0, 0, 1024
0, 0, 0, 0, 0, 0, 0, 1024, 0, 0, 0, 0, 0, 0, 0, 1024, 0, 0, 0, 0, 0, 0, 272, 752
0, 0, 0, 0, 0, 0, 0, 1024, 0, 0, 0, 0, 0, 0, 0, 1024, 0, 0, 0, 0, 0, 0, 1000, 24
0, 0, 0, 3, 44, 43, 37, 897, 0, 0, 0, 4, 56, 38, 47, 879, 0, 0, 3, 68, 40, 65, 848, 0
0, 0, 1, 811, 136, 27, 18, 31, 0, 0, 0, 813, 146, 21, 20, 24, 0, 0, 763, 202, 23, 27, 9, 0
0, 0, 28, 989, 7, 0, 0, 0, 0, 0, 23, 1001, 0, 0, 0, 0, 0, 329, 695, 0, 0, 0, 0, 0
0, 0, 4, 932, 88, 0, 0, 0, 0, 0, 56, 968, 0, 0, 0, 0, 0, 825, 199, 0, 0, 0, 0, 0
0, 0, 73, 922, 29, 0, 0, 0, 0, 0, 263, 761, 0, 0, 0, 0, 120, 894, 10, 0, 0, 0, 0, 0
0, 25, 356, 643, 0, 0, 0, 0, 0, 9, 670, 345, 0, 0, 0, 0, 353, 670, 1, 0, 0, 0, 0, 0
0, 150, 580, 290, 2, 2, 0, 0, 0, 120, 644, 256, 2, 2, 0, 0, 78, 911, 31, 2, 2, 0, 0, 0
0, 31, 802, 191, 0, 0, 0, 0, 0, 25, 827, 172, 0, 0, 0, 0, 14, 796, 214, 0, 0, 0, 0, 0
0, 134, 810, 80, 0, 0, 0, 0, 0, 109, 883, 32, 0, 0, 0, 0, 0, 782, 242, 0, 0, 0, 0, 0
0, 102, 516, 196, 186, 24, 0, 0, 0, 71, 506, 234, 185, 28, 0, 0, 0, 298, 426, 136, 163, 1, 0, 0
0, 0, 11, 785, 225, 3, 0, 0, 0, 0, 11, 841, 170, 2, 0, 0, 0, 1, 395, 615, 13, 0, 0, 0
0, 0, 0, 1000, 24, 0, 0, 0, 0, 0, 4, 1010, 10, 0, 0, 0, 0, 0, 693, 331, 0, 0, 0, 0
2, 391, 53, 397, 159, 22, 0, 0, 1, 399, 47, 417, 151, 9, 0, 0, 5, 424, 191, 309, 95, 0, 0, 0
143, 817, 62, 2, 0, 0, 0, 0, 1, 949, 70, 4, 0, 0, 0, 0, 9, 1000, 13, 2, 0, 0, 0, 0
130, 872, 19, 3, 0, 0, 0, 0, 0, 978, 41, 5, 0, 0, 0, 0, 26, 985, 13, 0, 0, 0, 0, 0
0, 592, 376, 52, 4, 0, 0, 0, 0, 433, 530, 61, 0, 0, 0, 0, 122, 853, 49, 0, 0, 0, 0, 0
81, 688, 248, 7, 0, 0, 0, 0, 0, 677, 340, 7, 0, 0, 0, 0, 142, 869, 13, 0, 0, 0, 0, 0
28, 523, 449, 23, 1, 0, 0, 0, 1, 663, 348, 11, 1, 0, 0, 0, 203, 808, 12, 1, 0, 0, 0, 0
0, 0, 0, 0, 0, 0, 0, 1024, 0, 0, 0, 0, 0, 0, 0, 1024, 0, 0, 0, 0, 0, 0, 0, 1024
0, 0, 0, 0, 0, 0, 0, 1024, 0, 0, 0, 0, 0, 0, 0, 1024, 0, 0, 0, 0, 0, 0, 48, 976
0, 0, 0, 0, 0, 0, 0, 1024, 0, 0, 0, 0, 0, 0, 0, 1024, 0, 0, 0, 0, 0, 0, 0, 1024
0, 0, 0, 0, 0, 0, 0, 1024, 0, 0, 0, 0, 0, 0, 0, 1024, 0, 0, 0, 0, 0, 0, 0, 1024
0, 0, 0, 0, 0, 0, 0, 1024, 0, 0, 0, 0, 0, 0, 0, 1024, 0, 0, 0, 0, 0, 0, 152, 872
0, 0, 0, 0, 0, 0, 0, 1024, 0, 0, 0, 0, 0, 0, 0, 1024, 0, 0, 0, 0, 0, 0, 976, 48
0, 0, 0, 180, 157, 41, 76, 570, 0, 0, 0, 169, 171, 50, 113, 521, 0, 0, 149, 214, 69, 128, 464, 0
0, 0, 22, 1002, 0, 0, 0, 0, 0, 0, 50, 974, 0, 0, 0, 0, 0, 144, 860, 20, 0, 0, 0, 0
0, 0, 577, 447, 0, 0, 0, 0, 0, 0, 654, 370, 0, 0, 0, 0, 4, 962, 58, 0, 0, 0, 0, 0
0, 51, 828, 145, 0, 0, 0, 0, 0, 18, 790, 216, 0, 0, 0, 0, 39, 985, 0, 0, 0, 0, 0, 0
0, 257, 665, 102, 0, 0, 0, 0, 0, 245, 718, 61, 0, 0, 0, 0, 128, 896, 0, 0, 0, 0, 0, 0
0, 356, 579, 89, 0, 0, 0, 0, 0, 332, 672, 20, 0, 0, 0, 0, 95, 926, 3, 0, 0, 0, 0, 0
0, 862, 162, 0, 0, 0, 0, 0, 0, 780, 244, 0, 0, 0, 0, 0, 9, 1008, 7, 0, 0, 0, 0, 0
0, 542, 448, 34, 0, 0, 0, 0, 0, 439, 565, 20, 0, 0, 0, 0, 0, 967, 57, 0, 0, 0, 0, 0
0, 312, 690, 22, 0, 0, 0, 0, 0, 231, 770, 23, 0, 0, 0, 0, 2, 960, 62, 0, 0, 0, 0, 0
0, 388, 523, 107, 6, 0, 0, 0, 0, 262, 638, 117, 7, 0, 0, 0, 0, 834, 111, 79, 0, 0, 0, 0
0, 0, 2, 996, 26, 0, 0, 0, 0, 0, 7, 1016, 1, 0, 0, 0, 0, 0, 589, 435, 0, 0, 0, 0
0, 0, 6, 1012, 6, 0, 0, 0, 0, 0, 8, 1014, 2, 0, 0, 0, 0, 1, 936, 87, 0, 0, 0, 0
50, 366, 170, 434, 4, 0, 0, 0, 0, 413, 150, 461, 0, 0, 0, 0, 13, 441, 272, 298, 0, 0, 0, 0
415, 541, 68, 0, 0, 0, 0, 0, 4, 938, 82, 0, 0, 0, 0, 0, 20, 977, 27, 0, 0, 0, 0, 0
310, 711, 3, 0, 0, 0, 0, 0, 0, 1013, 11, 0, 0, 0, 0, 0, 18, 1006, 0, 0, 0, 0, 0, 0
107, 735, 136, 38, 8, 0, 0, 0, 1, 786, 202, 35, 0, 0, 0, 0, 76, 923, 25, 0, 0, 0, 0, 0
2, 663, 333, 26, 0, 0, 0, 0, 0, 736, 280, 8, 0, 0, 0, 0, 122, 894, 8, 0, 0, 0, 0, 0
2, 734, 268, 19, 1, 0, 0, 0, 0, 804, 215, 5, 0, 0, 0, 0, 114, 908, 2, 0, 0, 0, 0, 0
0, 0, 0, 0, 0, 0, 0, 1024, 0, 0, 0, 0, 0, 0, 0, 1024, 0, 0, 0, 0, 0, 0, 0, 1024
0, 0, 0, 0, 0, 0, 0, 1024, 0, 0, 0, 0, 0, 0, 0, 1024, 0, 0, 0, 0, 0, 0, 0, 1024
0, 0, 0, 0, 0, 0, 0, 1024, 0, 0, 0, 0, 0, 0, 0, 1024, 0, 0, 0, 0, 0, 0, 0, 1024
0, 0, 0, 0, 0, 0, 0, 1024, 0, 0, 0, 0, 0, 0, 0, 1024, 0, 0, 0, 0, 0, 0, 0, 1024
0, 0, 0, 0, 0, 0, 4, 1020, 0, 0, 0, 0, 0, 0, 4, 1020, 0, 0, 0, 0, 0, 4, 152, 868
0, 0, 0, 5, 31, 50, 63, 875, 0, 0, 0, 13, 47, 38, 81, 845, 0, 0, 19, 49, 37, 84, 809, 26
0, 0, 0, 623, 153, 71, 44, 133, 0, 0, 0, 659, 142, 55, 40, 128, 0, 0, 653, 152, 58, 34, 125, 2
0, 0, 290, 734, 0, 0, 0, 0, 0, 0, 99, 925, 0, 0, 0, 0, 0, 377, 647, 0, 0, 0, 0, 0
0, 0, 717, 307, 0, 0, 0, 0, 0, 0, 592, 432, 0, 0, 0, 0, 0, 981, 43, 0, 0, 0, 0, 0
0, 111, 893, 20, 0, 0, 0, 0, 0, 43, 916, 65, 0, 0, 0, 0, 36, 984, 4, 0, 0, 0, 0, 0
0, 650, 374, 0, 0, 0, 0, 0, 0, 453, 571, 0, 0, 0, 0, 0, 9, 1009, 6, 0, 0, 0, 0, 0
0, 877, 147, 0, 0, 0, 0, 0, 0, 712, 312, 0, 0, 0, 0, 0, 4, 1016, 4, 0, 0, 0, 0, 0
0, 892, 130, 2, 0, 0, 0, 0, 0, 725, 295, 4, 0, 0, 0, 0, 8, 988, 27, 1, 0, 0, 0, 0
0, 453, 560, 11, 0, 0, 0, 0, 0, 407, 617, 0, 0, 0, 0, 0, 7, 1010, 7, 0, 0, 0, 0, 0
0, 244, 699, 81, 0, 0, 0, 0, 0, 164, 784, 76, 0, 0, 0, 0, 2, 856, 166, 0, 0, 0, 0, 0
0, 625, 139, 250, 10, 0, 0, 0, 0, 420, 338, 251, 15, 0, 0, 0, 2, 734, 192, 96, 0, 0, 0, 0
0, 0, 0, 790, 234, 0, 0, 0, 0, 0, 0, 859, 165, 0, 0, 0, 0, 0, 491, 532, 1, 0, 0, 0
0, 0, 26, 998, 0, 0, 0, 0, 0, 0, 102, 922, 0, 0, 0, 0, 0, 43, 919, 62, 0, 0, 0, 0
46, 386, 436, 156, 0, 0, 0, 0, 0, 410, 382, 232, 0, 0, 0, 0, 0, 438, 420, 166, 0, 0, 0, 0
447, 574, 3, 0, 0, 0, 0, 0, 2, 1015, 7, 0, 0, 0, 0, 0, 0, 1017, 7, 0, 0, 0, 0, 0
230, 793, 1, 0, 0, 0, 0, 0, 0, 1011, 13, 0, 0, 0, 0, 0, 10, 1011, 3, 0, 0, 0, 0, 0
107, 890, 23, 4, 0, 0, 0, 0, 0, 950, 66, 8, 0, 0, 0, 0, 9, 997, 16, 2, 0, 0, 0, 0
7, 833, 172, 12, 0, 0, 0, 0, 0, 879, 132, 13, 0, 0, 0, 0, 48, 961, 15, 0, 0, 0, 0, 0
55, 959, 10, 0, 0, 0, 0, 0, 1, 1009, 14, 0, 0, 0, 0, 0, 44, 975, 5, 0, 0, 0, 0, 0
0, 0, 0, 0, 0, 0, 0, 800, 0, 0, 0, 0, 0, 0, 0, 800, 0, 0, 0, 0, 0, 0, 0, 800
0, 0, 0, 0, 0, 0, 0, 800, 0, 0, 0, 0, 0, 0, 0, 800, 0, 0, 0, 0, 0, 0, 0, 800
0, 0, 0, 0, 0, 0, 0, 800, 0, 0, 0, 0, 0, 0, 0, 800, 0, 0, 0, 0, 0, 0, 0, 800
0, 0, 0, 0, 0, 0, 0, 800, 0, 0, 0, 0, 0, 0, 0, 800, 0, 0, 0, 0, 0, 0, 0, 800
0, 0, 0, 0, 0, 0, 9, 791, 0, 0, 0, 0, 0, 0, 28, 772, 0, 0, 0, 0, 0, 42, 303, 455
0, 0, 0, 141, 163, 148, 125, 223, 0, 0, 1, 172, 156, 148, 147, 176, 0, 4, 218, 148, 146, 168, 116, 0
0, 0, 131, 669, 0, 0, 0, 0, 0, 0, 45, 755, 0, 0, 0, 0, 0, 407, 393, 0, 0, 0, 0, 0
0, 0, 700, 100, 0, 0, 0, 0, 0, 0, 523, 277, 0, 0, 0, 0, 0, 721, 79, 0, 0, 0, 0, 0
0, 1, 701, 98, 0, 0, 0, 0, 0, 0, 703, 97, 0, 0, 0, 0, 0, 800, 0, 0, 0, 0, 0, 0
0, 217, 415, 168, 0, 0, 0, 0, 0, 64, 629, 107, 0, 0, 0, 0, 23, 773, 4, 0, 0, 0, 0, 0
0, 366, 312, 122, 0, 0, 0, 0, 0, 239, 526, 35, 0, 0, 0, 0, 11, 765, 24, 0, 0, 0, 0, 0
0, 391, 405, 4, 0, 0, 0, 0, 0, 96, 698, 6, 0, 0, 0, 0, 0, 725, 75, 0, 0, 0, 0, 0
0, 700, 97, 2, 1, 0, 0, 0, 0, 426, 371, 2, 1, 0, 0, 0, 0, 759, 38, 3, 0, 0, 0, 0
0, 465, 332, 3, 0, 0, 0, 0, 0, 353, 443, 4, 0, 0, 0, 0, 2, 774, 23, 1, 0, 0, 0, 0
0, 115, 642, 43, 0, 0, 0, 0, 0, 79, 703, 18, 0, 0, 0, 0, 0, 613, 187, 0, 0, 0, 0, 0
0, 278, 192, 329, 1, 0, 0, 0, 0, 203, 265, 331, 1, 0, 0, 0, 0, 445, 259, 96, 0, 0, 0, 0
0, 0, 0, 535, 265, 0, 0, 0, 0, 0, 0, 630, 170, 0, 0, 0, 0, 0, 75, 720, 5, 0, 0, 0
0, 0, 81, 719, 0, 0, 0, 0, 0, 0, 124, 676, 0, 0, 0, 0, 0, 49, 648, 103, 0, 0, 0, 0
46, 458, 226, 70, 0, 0, 0, 0, 0, 482, 151, 167, 0, 0, 0, 0, 0, 508, 248, 44, 0, 0, 0, 0
83, 717, 0, 0, 0, 0, 0, 0, 1, 795, 4, 0, 0, 0, 0, 0, 8, 786, 6, 0, 0, 0, 0, 0
140, 658, 2, 0, 0, 0, 0, 0, 0, 798, 2, 0, 0, 0, 0, 0, 0, 798, 2, 0, 0, 0, 0, 0
237, 558, 5, 0, 0, 0, 0, 0, 4, 783, 13, 0, 0, 0, 0, 0, 17, 775, 8, 0, 0, 0, 0, 0
0, 775, 25, 0, 0, 0, 0, 0, 0, 762, 38, 0, 0, 0, 0, 0, 8, 790, 2, 0, 0, 0, 0, 0
94, 704, 2, 0, 0, 0, 0, 0, 4, 794, 2, 0, 0, 0, 0, 0, 13, 785, 2, 0, 0, 0, 0, 0
