150, 183, 168, 217, 176, 91, 29, 10, 31, 166, 183, 167, 215, 165, 74, 23, 380, 237, 232, 127, 37, 10, 1, 0
181, 199, 184, 177, 155, 99, 26, 3, 45, 200, 181, 186, 178, 147, 79, 8, 434, 217, 200, 121, 45, 6, 1, 0
248, 187, 144, 111, 122, 116, 78, 18, 115, 238, 150, 134, 122, 142, 100, 23, 485, 176, 140, 134, 76, 13, 0, 0
192, 107, 69, 76, 113, 104, 136, 227, 101, 178, 80, 64, 118, 114, 102, 267, 307, 106, 127, 118, 199, 150, 15, 2
0, 1, 34, 35, 61, 98, 145, 650, 8, 10, 33, 50, 92, 106, 233, 492, 55, 54, 90, 99, 376, 306, 44, 0
0, 7, 45, 104, 104, 100, 130, 534, 5, 9, 85, 151, 92, 94, 251, 337, 125, 143, 67, 94, 282, 272, 41, 0
95, 52, 34, 79, 173, 175, 217, 199, 124, 29, 42, 129, 170, 202, 228, 100, 180, 122, 167, 195, 216, 92, 21, 31
109, 45, 35, 129, 111, 30, 14, 39, 110, 43, 62, 145, 73, 26, 12, 41, 149, 71, 146, 78, 18, 8, 12, 30
171, 211, 202, 221, 163, 55, 1, 0, 30, 174, 194, 200, 220, 162, 44, 0, 424, 244, 225, 111, 19, 1, 0, 0
184, 177, 191, 213, 185, 64, 10, 0, 52, 188, 147, 187, 218, 172, 56, 4, 416, 232, 242, 116, 17, 1, 0, 0
212, 181, 150, 120, 130, 100, 108, 23, 103, 242, 148, 136, 113, 135, 131, 16, 419, 155, 122, 123, 90, 98, 17, 0
57, 78, 103, 86, 114, 121, 141, 324, 63, 73, 96, 90, 115, 112, 164, 311, 150, 118, 119, 105, 179, 276, 68, 9
2, 36, 114, 81, 88, 109, 159, 435, 9, 32, 132, 95, 94, 153, 193, 316, 147, 100, 94, 144, 279, 232, 28, 0
0, 38, 307, 333, 251, 88, 7, 0, 0, 11, 290, 378, 246, 88, 11, 0, 431, 346, 187, 56, 4, 0, 0, 0
2, 128, 63, 117, 143, 118, 146, 307, 50, 85, 57, 115, 162, 146, 191, 218, 192, 100, 76, 147, 190, 115, 71, 133
13, 91, 20, 33, 111, 53, 30, 161, 45, 63, 23, 47, 102, 39, 35, 158, 103, 25, 53, 105, 34, 24, 42, 126
40, 111, 184, 268, 314, 104, 3, 0, 0, 66, 116, 200, 289, 286, 67, 0, 276, 311, 325, 106, 6, 0, 0, 0
101, 145, 187, 226, 250, 106, 9, 0, 25, 105, 134, 191, 240, 241, 86, 2, 344, 265, 269, 128, 17, 1, 0, 0
108, 200, 163, 179, 164, 137, 64, 9, 33, 158, 193, 162, 184, 164, 110, 20, 426, 170, 223, 151, 40, 12, 2, 0
30, 91, 120, 144, 146, 121, 163, 209, 7, 72, 123, 131, 140, 170, 136, 245, 241, 159, 169, 185, 212, 58, 0, 0
0, 10, 169, 221, 151, 145, 142, 186, 1, 7, 97, 253, 244, 164, 167, 91, 161, 287, 188, 156, 153, 65, 14, 0
15, 113, 397, 322, 127, 37, 12, 1, 0, 18, 198, 414, 253, 100, 30, 11, 389, 384, 173, 52, 22, 4, 0, 0
42, 130, 150, 121, 152, 183, 171, 75, 1, 48, 149, 141, 131, 169, 190, 195, 259, 158, 191, 179, 148, 43, 35, 11
0, 0, 1, 11, 32, 106, 194, 168, 0, 0, 0, 6, 19, 59, 193, 235, 4, 14, 49, 157, 158, 32, 39, 59
167, 154, 147, 146, 233, 134, 40, 3, 33, 145, 148, 141, 163, 223, 123, 48, 99, 208, 241, 157, 121, 88, 56, 54
141, 149, 141, 163, 248, 163, 19, 0, 64, 148, 109, 146, 169, 264, 117, 7, 293, 241, 320, 135, 24, 7, 4, 0
44, 152, 125, 190, 236, 210, 62, 5, 4, 108, 138, 156, 203, 257, 141, 17, 324, 218, 273, 170, 33, 5, 1, 0
6, 34, 108, 245, 259, 226, 110, 36, 0, 18, 54, 147, 269, 294, 191, 51, 165, 272, 289, 206, 80, 12, 0, 0
0, 6, 173, 354, 248, 118, 68, 57, 0, 1, 45, 354, 365, 161, 72, 26, 139, 465, 253, 96, 50, 20, 1, 0
26, 113, 326, 351, 158, 49, 1, 0, 0, 17, 116, 319, 345, 177, 47, 3, 287, 414, 228, 84, 11, 0, 0, 0
54, 99, 154, 161, 195, 186, 147, 28, 0, 40, 93, 133, 183, 226, 221, 128, 263, 200, 242, 208, 101, 10, 0, 0
0, 0, 1, 16, 44, 139, 223, 89, 0, 0, 0, 3, 22, 89, 216, 182, 3, 24, 82, 203, 175, 25, 0, 0
65, 216, 295, 220, 124, 61, 38, 5, 7, 116, 238, 293, 172, 112, 51, 35, 171, 356, 261, 140, 49, 11, 9, 27
310, 336, 187, 87, 47, 21, 18, 18, 94, 373, 271, 136, 66, 36, 16, 32, 458, 298, 117, 66, 34, 10, 15, 26
118, 174, 163, 123, 147, 161, 81, 57, 71, 149, 181, 125, 156, 176, 102, 64, 304, 226, 193, 142, 72, 37, 36, 14
80, 163, 222, 220, 195, 95, 38, 11, 39, 126, 176, 221, 211, 161, 74, 16, 346, 281, 225, 122, 41, 9, 0, 0
5, 41, 340, 399, 155, 62, 19, 3, 3, 17, 120, 455, 305, 84, 32, 8, 144, 451, 274, 89, 39, 18, 7, 2
57, 203, 360, 310, 81, 13, 0, 0, 0, 51, 187, 360, 311, 98, 16, 1, 320, 362, 275, 60, 6, 1, 0, 0
103, 149, 134, 165, 162, 177, 107, 27, 8, 100, 133, 141, 169, 212, 173, 88, 328, 190, 251, 155, 86, 13, 1, 0
0, 0, 1, 5, 28, 97, 253, 128, 0, 0, 0, 3, 15, 64, 211, 219, 4, 11, 61, 174, 220, 42, 0, 0
2, 27, 57, 89, 194, 194, 291, 170, 0, 4, 38, 59, 107, 214, 171, 431, 26, 69, 118, 201, 137, 52, 43, 378
63, 182, 250, 230, 183, 100, 16, 0, 21, 76, 208, 242, 239, 166, 57, 15, 236, 262, 254, 169, 83, 19, 1, 0
63, 171, 221, 211, 186, 124, 40, 8, 57, 170, 205, 224, 195, 121, 43, 9, 358, 272, 194, 137, 46, 17, 0, 0
34, 104, 177, 219, 232, 196, 58, 4, 13, 76, 135, 174, 244, 220, 141, 21, 255, 239, 280, 194, 53, 3, 0, 0
65, 65, 176, 212, 175, 130, 89, 112, 68, 61, 126, 218, 176, 148, 86, 141, 203, 243, 186, 106, 79, 63, 52, 92
1, 78, 351, 275, 182, 98, 37, 2, 0, 5, 183, 330, 236, 160, 88, 22, 136, 335, 224, 172, 92, 33, 26, 6
13, 39, 101, 203, 213, 274, 162, 19, 2, 15, 45, 115, 218, 230, 286, 113, 70, 174, 326, 290, 146, 15, 3, 0
0, 0, 3, 5, 56, 126, 231, 91, 0, 0, 2, 2, 19, 93, 226, 170, 4, 23, 86, 196, 178, 25, 0, 0
0, 1, 2, 9, 33, 85, 252, 642, 0, 0, 1, 5, 18, 38, 89, 873, 1, 4, 20, 39, 50, 41, 57, 812
0, 5, 54, 156, 219, 286, 203, 101, 0, 0, 15, 73, 189, 302, 289, 156, 19, 92, 195, 282, 226, 66, 43, 101
51, 141, 202, 206, 210, 168, 44, 2, 1, 91, 187, 228, 236, 197, 75, 9, 304, 269, 276, 159, 16, 0, 0, 0
123, 243, 247, 185, 126, 61, 27, 12, 54, 170, 240, 252, 166, 94, 31, 17, 477, 252, 165, 87, 27, 16, 0, 0
13, 78, 213, 213, 161, 175, 123, 48, 16, 36, 185, 256, 182, 166, 139, 44, 255, 247, 222, 170, 99, 30, 1, 0
18, 217, 494, 249, 41, 5, 0, 0, 0, 17, 192, 330, 432, 50, 3, 0, 61, 204, 202, 192, 226, 137, 2, 0
1, 91, 221, 89, 73, 160, 245, 144, 0, 0, 17, 226, 180, 156, 302, 143, 11, 68, 182, 318, 367, 69, 9, 0
0, 1, 1, 13, 55, 166, 218, 58, 0, 0, 1, 5, 23, 115, 232, 136, 6, 26, 112, 210, 143, 15, 0, 0
0, 0, 0, 0, 0, 0, 160, 864, 0, 0, 0, 0, 0, 0, 0, 1024, 0, 0, 0, 0, 0, 0, 0, 1024
0, 24, 74, 113, 112, 101, 77, 523, 0, 1, 41, 92, 115, 144, 69, 562, 6, 53, 141, 132, 67, 47, 32, 546
19, 71, 153, 211, 269, 214, 77, 10, 1, 48, 133, 233, 284, 232, 84, 9, 152, 266, 365, 193, 44, 4, 0, 0
226, 183, 175, 158, 133, 77, 54, 18, 126, 197, 196, 142, 172, 87, 68, 36, 427, 215, 180, 110, 74, 17, 1, 0
19, 106, 205, 265, 200, 151, 66, 12, 6, 62, 139, 230, 267, 185, 105, 30, 266, 254, 228, 193, 75, 8, 0, 0
100, 209, 360, 220, 67, 25, 22, 21, 55, 102, 193, 269, 293, 81, 23, 8, 141, 133, 179, 190, 211, 161, 9, 0
120, 223, 190, 78, 76, 120, 153, 64, 34, 72, 157, 254, 114, 94, 175, 124, 101, 78, 161, 347, 266, 60, 11, 0
56, 48, 30, 38, 53, 113, 142, 32, 37, 51, 38, 31, 45, 86, 135, 89, 122, 56, 89, 145, 94, 6, 0, 0
171, 14, 15, 9, 7, 9, 264, 535, 130, 45, 13, 14, 7, 6, 10, 799, 132, 42, 14, 12, 9, 6, 8, 801
113, 35, 98, 182, 155, 143, 47, 251, 97, 30, 52, 151, 173, 182, 68, 271, 197, 146, 184, 118, 60, 38, 30, 251
28, 75, 138, 177, 200, 215, 155, 36, 23, 73, 142, 186, 236, 228, 120, 16, 233, 325, 296, 120, 41, 9, 0, 0
140, 209, 196, 211, 151, 82, 32, 3, 118, 188, 206, 208, 172, 95, 31, 6, 461, 230, 178, 115, 33, 7, 0, 0
99, 71, 110, 137, 160, 170, 177, 100, 106, 30, 74, 126, 162, 186, 188, 152, 303, 177, 189, 156, 146, 52, 1, 0
292, 232, 182, 99, 98, 74, 38, 9, 252, 241, 184, 105, 114, 69, 42, 17, 617, 149, 113, 72, 47, 20, 6, 0
231, 125, 125, 127, 148, 156, 96, 16, 131, 158, 116, 119, 144, 161, 142, 53, 425, 193, 204, 123, 62, 16, 1, 0
198, 110, 54, 50, 39, 36, 23, 2, 108, 145, 82, 52, 48, 32, 36, 9, 303, 77, 61, 48, 21, 2, 0, 0
547, 245, 154, 62, 15, 1, 0, 0, 306, 363, 178, 123, 42, 12, 0, 0, 701, 219, 81, 21, 2, 0, 0, 0
193, 69, 55, 104, 177, 274, 145, 7, 132, 113, 46, 61, 187, 309, 168, 8, 316, 283, 329, 91, 5, 0, 0, 0
6, 65, 104, 171, 233, 248, 164, 33, 9, 67, 107, 217, 249, 231, 124, 20, 259, 332, 315, 110, 6, 1, 1, 0
351, 242, 172, 131, 84, 31, 10, 3, 353, 258, 162, 135, 81, 23, 9, 3, 683, 183, 101, 41, 11, 5, 0, 0
315, 62, 44, 40, 82, 136, 265, 80, 302, 69, 38, 35, 56, 109, 223, 192, 382, 90, 115, 218, 208, 11, 0, 0
44, 76, 146, 218, 233, 157, 127, 23, 16, 47, 97, 150, 234, 231, 160, 89, 327, 236, 230, 120, 94, 17, 0, 0
454, 155, 140, 118, 112, 38, 7, 0, 333, 193, 126, 132, 113, 97, 26, 4, 687, 185, 104, 36, 10, 2, 0, 0
135, 84, 92, 96, 57, 42, 6, 0, 78, 88, 80, 90, 80, 56, 37, 3, 276, 121, 70, 33, 11, 1, 0, 0
