0, 0, 2, 138, 453, 158, 106, 167, 0, 0, 4, 164, 463, 147, 95, 151, 0, 2, 93, 401, 205, 110, 108, 105
0, 0, 4, 89, 296, 451, 182, 2, 0, 0, 4, 125, 310, 499, 84, 2, 0, 0, 62, 283, 262, 408, 9, 0
0, 0, 12, 74, 285, 579, 74, 0, 0, 0, 14, 78, 361, 541, 30, 0, 0, 0, 41, 175, 586, 219, 3, 0
1, 18, 53, 133, 349, 461, 9, 0, 1, 14, 63, 137, 445, 360, 4, 0, 6, 38, 123, 309, 521, 27, 0, 0
26, 153, 235, 198, 198, 163, 48, 3, 21, 158, 240, 217, 205, 147, 35, 1, 88, 252, 248, 200, 178, 57, 1, 0
0, 2, 19, 108, 365, 352, 114, 64, 0, 1, 20, 104, 338, 383, 124, 54, 2, 44, 206, 393, 240, 105, 33, 1
0, 9, 31, 64, 353, 539, 28, 0, 0, 7, 39, 82, 575, 302, 19, 0, 6, 40, 193, 415, 357, 13, 0, 0
0, 0, 0, 18, 260, 703, 36, 7, 0, 0, 13, 190, 500, 310, 11, 0, 0, 8, 163, 415, 423, 14, 1, 0
0, 0, 0, 2, 393, 622, 7, 0, 0, 0, 0, 377, 582, 65, 0, 0, 0, 4, 389, 627, 4, 0, 0, 0
0, 0, 0, 3, 435, 548, 38, 0, 0, 0, 0, 33, 693, 293, 5, 0, 0, 2, 409, 587, 26, 0, 0, 0
0, 0, 2, 565, 452, 5, 0, 0, 0, 0, 1, 485, 533, 5, 0, 0, 0, 6, 979, 34, 5, 0, 0, 0
0, 2, 36, 932, 48, 6, 0, 0, 0, 0, 18, 941, 57, 8, 0, 0, 0, 78, 923, 17, 6, 0, 0, 0
0, 0, 4, 794, 217, 6, 3, 0, 0, 0, 2, 778, 235, 5, 4, 0, 0, 9, 756, 216, 35, 8, 0, 0
0, 0, 0, 599, 409, 15, 1, 0, 0, 0, 0, 204, 803, 17, 0, 0, 0, 0, 38, 435, 484, 67, 0, 0
0, 0, 0, 696, 303, 23, 2, 0, 0, 0, 0, 162, 838, 23, 1, 0, 0, 0, 0, 133, 718, 172, 1, 0
0, 0, 1, 1002, 21, 0, 0, 0, 0, 0, 0, 167, 856, 1, 0, 0, 0, 0, 0, 0, 79, 943, 2, 0
0, 0, 92, 931, 1, 0, 0, 0, 0, 0, 0, 488, 536, 0, 0, 0, 0, 0, 0, 0, 24, 997, 3, 0
1, 62, 891, 70, 0, 0, 0, 0, 0, 1, 94, 904, 25, 0, 0, 0, 0, 0, 0, 1, 40, 798, 185, 0
0, 235, 787, 2, 0, 0, 0, 0, 0, 1, 184, 838, 1, 0, 0, 0, 0, 0, 0, 0, 10, 600, 414, 0
0, 528, 496, 0, 0, 0, 0, 0, 0, 0, 483, 541, 0, 0, 0, 0, 0, 0, 0, 0, 2, 834, 188, 0
451, 534, 39, 0, 0, 0, 0, 0, 149, 423, 432, 20, 0, 0, 0, 0, 21, 178, 219, 234, 173, 199, 0, 0
910, 111, 3, 0, 0, 0, 0, 0, 710, 281, 33, 0, 0, 0, 0, 0, 382, 418, 143, 62, 17, 2, 0, 0
981, 43, 0, 0, 0, 0, 0, 0, 908, 115, 1, 0, 0, 0, 0, 0, 638, 330, 52, 4, 0, 0, 0, 0
1002, 22, 0, 0, 0, 0, 0, 0, 871, 153, 0, 0, 0, 0, 0, 0, 579, 374, 71, 0, 0, 0, 0, 0
0, 0, 6, 161, 366, 222, 136, 133, 0, 0, 20, 199, 381, 187, 125, 112, 0, 1, 134, 310, 249, 143, 106, 81
0, 0, 0, 22, 193, 519, 243, 47, 0, 0, 0, 32, 232, 594, 128, 38, 0, 0, 18, 117, 304, 508, 52, 25
0, 0, 6, 72, 196, 648, 102, 0, 0, 0, 9, 64, 274, 628, 49, 0, 0, 1, 31, 113, 560, 315, 4, 0
0, 0, 36, 126, 348, 491, 22, 1, 0, 0, 38, 127, 417, 429, 12, 1, 0, 12, 116, 250, 541, 103, 2, 0
11, 142, 262, 224, 235, 132, 18, 0, 0, 158, 279, 236, 238, 102, 11, 0, 66, 313, 244, 234, 147, 20, 0, 0
1, 62, 91, 92, 148, 265, 172, 193, 0, 60, 96, 92, 173, 258, 171, 174, 12, 136, 123, 220, 228, 188, 110, 7
0, 0, 21, 85, 237, 569, 110, 2, 0, 5, 33, 106, 384, 485, 11, 0, 5, 39, 154, 264, 503, 58, 1, 0
0, 0, 0, 0, 83, 826, 113, 2, 0, 0, 0, 59, 446, 508, 11, 0, 0, 0, 49, 391, 545, 39, 0, 0
0, 0, 0, 5, 290, 703, 26, 0, 0, 0, 4, 240, 648, 129, 3, 0, 0, 4, 236, 741, 42, 1, 0, 0
0, 0, 0, 5, 426, 553, 40, 0, 0, 0, 0, 43, 701, 276, 4, 0, 0, 4, 375, 600, 45, 0, 0, 0
0, 0, 0, 173, 851, 0, 0, 0, 0, 0, 0, 241, 783, 0, 0, 0, 0, 0, 969, 55, 0, 0, 0, 0
0, 0, 0, 267, 620, 133, 4, 0, 0, 0, 3, 369, 579, 72, 1, 0, 0, 9, 715, 288, 12, 0, 0, 0
0, 0, 0, 776, 241, 7, 0, 0, 0, 0, 0, 774, 249, 1, 0, 0, 0, 0, 789, 179, 56, 0, 0, 0
0, 0, 0, 903, 121, 0, 0, 0, 0, 0, 0, 516, 508, 0, 0, 0, 0, 0, 128, 601, 286, 9, 0, 0
0, 0, 0, 823, 198, 3, 0, 0, 0, 0, 0, 202, 816, 6, 0, 0, 0, 0, 0, 86, 696, 242, 0, 0
0, 0, 1, 895, 119, 9, 0, 0, 0, 0, 0, 122, 891, 11, 0, 0, 0, 0, 0, 0, 150, 871, 3, 0
0, 1, 249, 774, 0, 0, 0, 0, 0, 0, 3, 540, 481, 0, 0, 0, 0, 0, 0, 0, 13, 974, 37, 0
7, 85, 855, 77, 0, 0, 0, 0, 0, 9, 101, 830, 84, 0, 0, 0, 0, 0, 0, 1, 39, 667, 317, 0
0, 195, 829, 0, 0, 0, 0, 0, 0, 0, 142, 882, 0, 0, 0, 0, 0, 0, 0, 0, 4, 765, 255, 0
0, 449, 575, 0, 0, 0, 0, 0, 0, 0, 365, 659, 0, 0, 0, 0, 0, 0, 0, 0, 0, 861, 163, 0
528, 440, 56, 0, 0, 0, 0, 0, 219, 417, 352, 36, 0, 0, 0, 0, 64, 364, 167, 97, 146, 184, 2, 0
983, 41, 0, 0, 0, 0, 0, 0, 823, 200, 1, 0, 0, 0, 0, 0, 456, 514, 53, 1, 0, 0, 0, 0
955, 69, 0, 0, 0, 0, 0, 0, 773, 250, 1, 0, 0, 0, 0, 0, 351, 504, 148, 20, 1, 0, 0, 0
971, 53, 0, 0, 0, 0, 0, 0, 717, 307, 0, 0, 0, 0, 0, 0, 324, 473, 195, 32, 0, 0, 0, 0
0, 0, 0, 86, 518, 273, 89, 58, 0, 0, 6, 134, 522, 242, 77, 43, 0, 0, 27, 417, 364, 142, 54, 20
0, 0, 0, 2, 35, 521, 459, 7, 0, 0, 0, 4, 55, 770, 191, 4, 0, 0, 0, 11, 165, 786, 60, 2
0, 1, 38, 73, 242, 556, 114, 0, 0, 0, 31, 85, 272, 580, 56, 0, 0, 12, 61, 163, 503, 278, 7, 0
0, 4, 79, 132, 282, 424, 102, 1, 0, 3, 81, 153, 323, 403, 60, 1, 1, 41, 132, 257, 417, 172, 4, 0
19, 174, 228, 273, 197, 108, 21, 4, 2, 192, 259, 273, 195, 85, 16, 2, 71, 297, 291, 215, 118, 25, 7, 0
0, 21, 13, 20, 128, 373, 235, 234, 0, 28, 14, 20, 177, 377, 329, 79, 11, 28, 58, 266, 324, 257, 80, 0
0, 0, 6, 38, 288, 631, 61, 0, 0, 0, 13, 75, 652, 279, 5, 0, 0, 10, 105, 496, 384, 29, 0, 0
0, 0, 0, 1, 177, 793, 53, 0, 0, 0, 0, 116, 707, 199, 2, 0, 0, 0, 146, 628, 232, 18, 0, 0
0, 0, 0, 1, 281, 703, 38, 1, 0, 0, 1, 255, 530, 233, 5, 0, 0, 2, 278, 660, 83, 1, 0, 0
0, 0, 0, 3, 459, 469, 93, 0, 0, 0, 0, 52, 588, 365, 19, 0, 0, 8, 325, 588, 103, 0, 0, 0
0, 0, 0, 530, 480, 14, 0, 0, 0, 0, 0, 765, 254, 5, 0, 0, 0, 25, 968, 31, 0, 0, 0, 0
0, 0, 19, 815, 182, 8, 0, 0, 0, 0, 10, 856, 152, 6, 0, 0, 0, 78, 872, 72, 2, 0, 0, 0
1, 1, 7, 880, 122, 7, 4, 2, 0, 1, 5, 707, 297, 8, 4, 2, 1, 5, 549, 227, 223, 13, 4, 2
0, 0, 0, 973, 51, 0, 0, 0, 0, 0, 0, 732, 292, 0, 0, 0, 0, 0, 192, 605, 218, 9, 0, 0
0, 0, 11, 846, 160, 7, 0, 0, 0, 0, 0, 311, 696, 17, 0, 0, 0, 0, 0, 71, 742, 208, 3, 0
0, 0, 1, 1001, 21, 1, 0, 0, 0, 0, 0, 80, 943, 1, 0, 0, 0, 0, 0, 7, 69, 946, 2, 0
0, 4, 438, 580, 2, 0, 0, 0, 0, 0, 11, 557, 456, 0, 0, 0, 0, 0, 0, 0, 16, 914, 94, 0
0, 53, 931, 40, 0, 0, 0, 0, 0, 0, 49, 926, 49, 0, 0, 0, 0, 0, 0, 0, 6, 666, 352, 0
0, 217, 804, 3, 0, 0, 0, 0, 0, 0, 196, 826, 2, 0, 0, 0, 0, 0, 0, 0, 5, 733, 286, 0
0, 461, 563, 0, 0, 0, 0, 0, 0, 0, 314, 710, 0, 0, 0, 0, 0, 0, 0, 0, 0, 848, 176, 0
419, 517, 88, 0, 0, 0, 0, 0, 121, 407, 418, 78, 0, 0, 0, 0, 27, 178, 256, 152, 125, 276, 10, 0
918, 105, 1, 0, 0, 0, 0, 0, 681, 327, 16, 0, 0, 0, 0, 0, 317, 488, 174, 44, 1, 0, 0, 0
1003, 21, 0, 0, 0, 0, 0, 0, 916, 107, 1, 0, 0, 0, 0, 0, 701, 280, 34, 9, 0, 0, 0, 0
1015, 9, 0, 0, 0, 0, 0, 0, 961, 63, 0, 0, 0, 0, 0, 0, 894, 124, 6, 0, 0, 0, 0, 0
0, 0, 0, 67, 518, 265, 85, 89, 0, 0, 0, 102, 570, 205, 84, 63, 0, 0, 17, 407, 350, 132, 71, 47
0, 0, 0, 19, 357, 328, 303, 17, 0, 0, 0, 25, 409, 382, 194, 14, 0, 0, 6, 275, 286, 366, 80, 11
0, 0, 10, 95, 232, 557, 129, 1, 0, 0, 14, 91, 274, 588, 56, 1, 0, 3, 45, 176, 467, 326, 7, 0
0, 2, 48, 107, 271, 507, 87, 2, 0, 1, 42, 116, 303, 515, 47, 0, 0, 27, 107, 270, 504, 115, 1, 0
3, 125, 251, 232, 260, 141, 12, 0, 0, 127, 269, 242, 270, 111, 5, 0, 40, 315, 283, 264, 109, 13, 0, 0
0, 6, 50, 70, 311, 319, 103, 165, 0, 9, 63, 66, 275, 385, 109, 117, 3, 70, 157, 416, 169, 111, 98, 0
0, 11, 37, 95, 234, 537, 106, 4, 0, 14, 40, 119, 502, 329, 20, 0, 15, 57, 145, 369, 392, 45, 1, 0
0, 0, 0, 0, 126, 869, 29, 0, 0, 0, 0, 93, 736, 195, 0, 0, 0, 0, 146, 654, 223, 1, 0, 0
0, 0, 0, 2, 184, 771, 67, 0, 0, 0, 2, 153, 630, 232, 7, 0, 0, 3, 236, 689, 96, 0, 0, 0
0, 0, 0, 56, 436, 444, 87, 1, 0, 0, 0, 127, 545, 336, 16, 0, 0, 0, 442, 512, 70, 0, 0, 0
0, 0, 1, 780, 243, 0, 0, 0, 0, 0, 0, 828, 196, 0, 0, 0, 0, 88, 936, 0, 0, 0, 0, 0
0, 0, 6, 983, 35, 0, 0, 0, 0, 0, 5, 974, 45, 0, 0, 0, 0, 93, 923, 8, 0, 0, 0, 0
0, 0, 7, 851, 166, 0, 0, 0, 0, 0, 3, 754, 267, 0, 0, 0, 0, 36, 798, 93, 88, 9, 0, 0
0, 0, 3, 859, 162, 0, 0, 0, 0, 0, 0, 623, 400, 1, 0, 0, 0, 0, 287, 502, 200, 35, 0, 0
0, 0, 5, 818, 194, 7, 0, 0, 0, 0, 0, 213, 800, 11, 0, 0, 0, 0, 0, 65, 672, 286, 1, 0
0, 0, 3, 988, 33, 0, 0, 0, 0, 0, 0, 71, 951, 2, 0, 0, 0, 0, 0, 0, 53, 966, 5, 0
0, 3, 562, 458, 1, 0, 0, 0, 0, 0, 8, 711, 305, 0, 0, 0, 0, 0, 0, 2, 17, 931, 74, 0
0, 59, 926, 39, 0, 0, 0, 0, 0, 0, 58, 932, 34, 0, 0, 0, 0, 0, 0, 0, 23, 718, 283, 0
0, 177, 847, 0, 0, 0, 0, 0, 0, 0, 97, 923, 4, 0, 0, 0, 0, 0, 0, 0, 4, 617, 403, 0
0, 490, 534, 0, 0, 0, 0, 0, 0, 0, 339, 685, 0, 0, 0, 0, 0, 0, 0, 0, 0, 813, 211, 0
318, 670, 36, 0, 0, 0, 0, 0, 74, 323, 597, 30, 0, 0, 0, 0, 10, 77, 204, 158, 128, 447, 0, 0
968, 55, 1, 0, 0, 0, 0, 0, 821, 195, 8, 0, 0, 0, 0, 0, 503, 414, 85, 21, 1, 0, 0, 0
1002, 22, 0, 0, 0, 0, 0, 0, 935, 89, 0, 0, 0, 0, 0, 0, 709, 270, 45, 0, 0, 0, 0, 0
1009, 15, 0, 0, 0, 0, 0, 0, 969, 55, 0, 0, 0, 0, 0, 0, 792, 199, 31, 2, 0, 0, 0, 0
0, 0, 0, 100, 627, 188, 44, 65, 0, 0, 1, 149, 637, 147, 34, 56, 0, 0, 30, 559, 314, 47, 30, 44
0, 0, 0, 44, 467, 339, 94, 80, 0, 0, 0, 78, 567, 241, 83, 55, 0, 0, 9, 354, 477, 97, 61, 26
0, 0, 0, 20, 409, 386, 187, 22, 0, 0, 0, 34, 478, 384, 128, 0, 0, 0, 2, 291, 446, 276, 9, 0
0, 0, 6, 42, 155, 476, 325, 20, 0, 0, 7, 46, 195, 534, 242, 0, 0, 5, 22, 103, 448, 437, 9, 0
1, 83, 133, 112, 264, 373, 55, 3, 0, 65, 148, 126, 293, 356, 36, 0, 10, 166, 159, 318, 329, 42, 0, 0
0, 13, 27, 72, 193, 341, 181, 197, 0, 11, 44, 97, 192, 362, 156, 162, 0, 46, 143, 330, 251, 146, 108, 0
0, 1, 16, 29, 194, 685, 97, 2, 0, 2, 18, 43, 483, 457, 21, 0, 10, 21, 89, 483, 385, 35, 1, 0
0, 0, 0, 6, 122, 766, 130, 0, 0, 0, 3, 57, 568, 387, 9, 0, 0, 3, 74, 468, 466, 13, 0, 0
0, 0, 0, 0, 139, 802, 82, 1, 0, 0, 0, 62, 674, 270, 18, 0, 0, 0, 145, 696, 181, 2, 0, 0
0, 0, 0, 1, 695, 298, 27, 3, 0, 0, 0, 43, 822, 153, 6, 0, 0, 1, 485, 501, 34, 3, 0, 0
0, 0, 0, 42, 982, 0, 0, 0, 0, 0, 0, 79, 945, 0, 0, 0, 0, 0, 830, 194, 0, 0, 0, 0
0, 0, 0, 274, 750, 0, 0, 0, 0, 0, 0, 320, 704, 0, 0, 0, 0, 0, 866, 158, 0, 0, 0, 0
0, 0, 0, 807, 217, 0, 0, 0, 0, 0, 0, 829, 195, 0, 0, 0, 0, 2, 985, 37, 0, 0, 0, 0
0, 0, 0, 894, 128, 2, 0, 0, 0, 0, 0, 733, 288, 3, 0, 0, 0, 0, 490, 445, 89, 0, 0, 0
0, 0, 7, 866, 151, 0, 0, 0, 0, 0, 1, 240, 782, 1, 0, 0, 0, 0, 20, 125, 450, 428, 1, 0
0, 0, 1, 908, 104, 10, 1, 0, 0, 0, 0, 53, 948, 20, 3, 0, 0, 0, 0, 0, 42, 951, 30, 1
0, 5, 433, 568, 17, 1, 0, 0, 0, 0, 9, 535, 477, 3, 0, 0, 0, 0, 0, 1, 26, 869, 128, 0
0, 37, 937, 50, 0, 0, 0, 0, 0, 0, 36, 921, 67, 0, 0, 0, 0, 0, 0, 0, 7, 685, 332, 0
0, 183, 835, 6, 0, 0, 0, 0, 0, 0, 114, 899, 11, 0, 0, 0, 0, 0, 0, 0, 20, 656, 348, 0
7, 535, 482, 0, 0, 0, 0, 0, 0, 7, 341, 675, 1, 0, 0, 0, 0, 0, 0, 5, 19, 816, 184, 0
355, 584, 85, 0, 0, 0, 0, 0, 64, 373, 516, 71, 0, 0, 0, 0, 2, 97, 208, 185, 234, 295, 3, 0
942, 82, 0, 0, 0, 0, 0, 0, 748, 258, 18, 0, 0, 0, 0, 0, 471, 399, 118, 32, 4, 0, 0, 0
1009, 14, 1, 0, 0, 0, 0, 0, 952, 71, 1, 0, 0, 0, 0, 0, 689, 329, 6, 0, 0, 0, 0, 0
1022, 2, 0, 0, 0, 0, 0, 0, 987, 37, 0, 0, 0, 0, 0, 0, 855, 169, 0, 0, 0, 0, 0, 0
0, 0, 1, 78, 514, 209, 109, 113, 0, 0, 3, 129, 545, 167, 90, 90, 0, 1, 38, 392, 312, 132, 93, 56
0, 0, 0, 9, 276, 395, 195, 149, 0, 0, 1, 24, 386, 332, 153, 128, 0, 0, 5, 158, 436, 234, 107, 84
0, 0, 90, 82, 305, 406, 127, 14, 0, 1, 92, 97, 385, 376, 72, 1, 0, 29, 112, 266, 403, 202, 12, 0
0, 0, 0, 0, 20, 173, 360, 471, 0, 0, 0, 1, 40, 219, 686, 78, 0, 0, 0, 27, 192, 544, 261, 0
0, 4, 34, 32, 69, 328, 501, 56, 0, 5, 32, 32, 86, 406, 449, 14, 3, 39, 38, 160, 343, 435, 6, 0
0, 1, 8, 47, 173, 287, 131, 377, 0, 3, 15, 43, 170, 314, 283, 196, 3, 32, 118, 308, 131, 275, 157, 0
0, 5, 20, 36, 200, 552, 188, 23, 0, 6, 20, 48, 381, 514, 51, 4, 12, 22, 106, 274, 500, 99, 11, 0
0, 0, 0, 8, 102, 713, 182, 19, 0, 0, 5, 33, 474, 461, 47, 4, 0, 5, 44, 453, 465, 51, 6, 0
0, 0, 0, 0, 109, 741, 157, 17, 0, 0, 0, 24, 468, 470, 58, 4, 0, 0, 103, 572, 291, 49, 9, 0
0, 0, 0, 5, 655, 353, 11, 0, 0, 0, 0, 27, 890, 103, 4, 0, 0, 5, 184, 809, 25, 1, 0, 0
0, 0, 0, 0, 816, 208, 0, 0, 0, 0, 0, 0, 950, 74, 0, 0, 0, 0, 167, 844, 13, 0, 0, 0
0, 0, 0, 41, 946, 37, 0, 0, 0, 0, 0, 70, 950, 4, 0, 0, 0, 0, 495, 528, 1, 0, 0, 0
0, 0, 0, 384, 637, 3, 0, 0, 0, 0, 0, 431, 591, 2, 0, 0, 0, 2, 792, 229, 1, 0, 0, 0
0, 0, 1, 705, 297, 21, 0, 0, 0, 0, 0, 643, 360, 21, 0, 0, 0, 8, 623, 340, 51, 2, 0, 0
0, 0, 9, 680, 330, 5, 0, 0, 0, 0, 0, 221, 780, 23, 0, 0, 0, 0, 7, 128, 423, 457, 9, 0
0, 0, 1, 835, 188, 0, 0, 0, 0, 0, 0, 23, 988, 13, 0, 0, 0, 0, 0, 0, 12, 958, 54, 0
0, 1, 411, 586, 26, 0, 0, 0, 0, 0, 1, 477, 541, 5, 0, 0, 0, 0, 0, 0, 2, 814, 208, 0
0, 52, 897, 75, 0, 0, 0, 0, 0, 0, 45, 851, 128, 0, 0, 0, 0, 0, 0, 0, 12, 601, 411, 0
0, 111, 909, 4, 0, 0, 0, 0, 0, 0, 66, 943, 15, 0, 0, 0, 0, 0, 0, 0, 8, 604, 412, 0
0, 482, 542, 0, 0, 0, 0, 0, 0, 0, 324, 700, 0, 0, 0, 0, 0, 0, 0, 0, 0, 860, 164, 0
233, 738, 53, 0, 0, 0, 0, 0, 89, 202, 687, 46, 0, 0, 0, 0, 9, 133, 118, 74, 104, 586, 0, 0
987, 36, 1, 0, 0, 0, 0, 0, 811, 210, 3, 0, 0, 0, 0, 0, 427, 549, 48, 0, 0, 0, 0, 0
997, 27, 0, 0, 0, 0, 0, 0, 858, 166, 0, 0, 0, 0, 0, 0, 598, 376, 49, 1, 0, 0, 0, 0
1024, 0, 0, 0, 0, 0, 0, 0, 983, 41, 0, 0, 0, 0, 0, 0, 869, 155, 0, 0, 0, 0, 0, 0
0, 0, 0, 11, 554, 413, 38, 8, 0, 0, 0, 29, 669, 296, 28, 2, 0, 0, 5, 300, 617, 76, 25, 1
0, 0, 0, 7, 290, 311, 408, 8, 0, 0, 0, 23, 353, 429, 214, 5, 0, 0, 2, 195, 317, 409, 98, 3
1, 75, 104, 144, 169, 403, 126, 2, 1, 70, 129, 131, 192, 445, 56, 0, 2, 104, 148, 147, 347, 268, 8, 0
0, 0, 11, 26, 93, 389, 171, 334, 0, 2, 20, 41, 122, 401, 204, 234, 0, 10, 35, 63, 401, 228, 283, 4
0, 0, 1, 16, 212, 623, 111, 61, 0, 0, 1, 27, 303, 585, 75, 33, 0, 1, 25, 204, 609, 146, 39, 0
0, 7, 4, 14, 71, 194, 208, 526, 0, 5, 5, 15, 89, 208, 385, 317, 6, 5, 53, 157, 160, 362, 281, 0
0, 0, 7, 21, 110, 556, 274, 56, 0, 0, 9, 35, 323, 527, 98, 32, 2, 11, 59, 270, 505, 135, 42, 0
0, 0, 1, 4, 76, 606, 303, 34, 0, 0, 5, 23, 345, 449, 184, 18, 0, 7, 49, 360, 463, 130, 15, 0
0, 0, 0, 3, 81, 600, 314, 26, 0, 0, 0, 20, 281, 515, 196, 12, 0, 3, 78, 442, 373, 118, 10, 0
0, 0, 0, 0, 587, 431, 6, 0, 0, 0, 0, 3, 901, 120, 0, 0, 0, 0, 198, 760, 66, 0, 0, 0
0, 0, 0, 0, 950, 74, 0, 0, 0, 0, 0, 0, 1014, 10, 0, 0, 0, 0, 207, 792, 25, 0, 0, 0
0, 0, 0, 322, 699, 3, 0, 0, 0, 0, 0, 356, 666, 2, 0, 0, 0, 0, 597, 426, 1, 0, 0, 0
0, 0, 0, 166, 794, 54, 8, 2, 0, 0, 0, 179, 788, 48, 7, 2, 0, 2, 505, 499, 16, 2, 0, 0
0, 0, 2, 460, 483, 66, 12, 1, 0, 0, 5, 376, 590, 46, 6, 1, 1, 19, 405, 425, 164, 10, 0, 0
0, 0, 2, 415, 581, 25, 1, 0, 0, 0, 0, 120, 799, 104, 1, 0, 0, 0, 8, 103, 352, 520, 41, 0
0, 0, 1, 566, 457, 0, 0, 0, 0, 0, 0, 5, 976, 43, 0, 0, 0, 0, 0, 0, 4, 863, 157, 0
0, 1, 403, 566, 54, 0, 0, 0, 0, 0, 4, 454, 565, 1, 0, 0, 0, 0, 0, 0, 4, 793, 227, 0
0, 30, 914, 80, 0, 0, 0, 0, 0, 0, 19, 883, 122, 0, 0, 0, 0, 0, 0, 0, 4, 624, 396, 0
0, 118, 902, 4, 0, 0, 0, 0, 0, 0, 65, 950, 9, 0, 0, 0, 0, 0, 0, 0, 8, 583, 433, 0
0, 523, 501, 0, 0, 0, 0, 0, 0, 0, 347, 677, 0, 0, 0, 0, 0, 0, 0, 0, 3, 913, 108, 0
186, 752, 86, 0, 0, 0, 0, 0, 40, 211, 691, 82, 0, 0, 0, 0, 2, 45, 103, 147, 199, 525, 3, 0
888, 128, 8, 0, 0, 0, 0, 0, 579, 411, 34, 0, 0, 0, 0, 0, 227, 540, 205, 40, 12, 0, 0, 0
986, 38, 0, 0, 0, 0, 0, 0, 860, 163, 1, 0, 0, 0, 0, 0, 460, 496, 67, 1, 0, 0, 0, 0
1004, 20, 0, 0, 0, 0, 0, 0, 907, 117, 0, 0, 0, 0, 0, 0, 582, 377, 55, 10, 0, 0, 0, 0
0, 0, 0, 0, 332, 451, 130, 111, 0, 0, 0, 3, 425, 425, 73, 98, 0, 0, 1, 173, 521, 201, 62, 66
0, 0, 0, 6, 248, 488, 217, 65, 0, 0, 0, 19, 359, 482, 118, 46, 0, 0, 2, 176, 474, 284, 63, 25
0, 3, 41, 60, 165, 592, 159, 4, 0, 4, 50, 92, 209, 620, 48, 1, 0, 17, 61, 141, 610, 190, 5, 0
0, 0, 3, 7, 22, 85, 353, 554, 0, 0, 8, 8, 39, 139, 618, 212, 0, 3, 9, 22, 99, 538, 353, 0
0, 0, 0, 0, 4, 79, 541, 400, 0, 0, 0, 0, 9, 180, 787, 48, 0, 0, 0, 3, 109, 796, 116, 0
0, 0, 0, 4, 113, 286, 141, 480, 0, 0, 0, 7, 153, 254, 435, 175, 0, 0, 50, 277, 104, 241, 352, 0
0, 0, 0, 21, 150, 655, 180, 18, 0, 0, 3, 87, 477, 403, 53, 1, 0, 10, 90, 408, 440, 61, 15, 0
0, 0, 1, 9, 122, 640, 236, 16, 0, 0, 3, 49, 410, 412, 125, 25, 0, 8, 82, 436, 386, 104, 8, 0
0, 0, 0, 0, 43, 674, 285, 22, 0, 0, 0, 9, 305, 565, 141, 4, 0, 0, 76, 549, 343, 56, 0, 0
0, 0, 0, 4, 639, 364, 17, 0, 0, 0, 0, 32, 888, 102, 2, 0, 0, 0, 231, 718, 71, 4, 0, 0
0, 0, 0, 4, 491, 529, 0, 0, 0, 0, 0, 5, 771, 248, 0, 0, 0, 0, 4, 767, 251, 2, 0, 0
0, 0, 0, 8, 738, 276, 2, 0, 0, 0, 0, 32, 915, 76, 1, 0, 0, 0, 245, 739, 40, 0, 0, 0
0, 0, 0, 79, 929, 14, 2, 0, 0, 0, 0, 87, 923, 12, 2, 0, 0, 0, 507, 507, 10, 0, 0, 0
0, 0, 0, 257, 724, 41, 2, 0, 0, 0, 0, 129, 826, 68, 1, 0, 0, 0, 191, 445, 287, 101, 0, 0
0, 0, 1, 274, 736, 13, 0, 0, 0, 0, 0, 54, 798, 172, 0, 0, 0, 0, 0, 19, 204, 720, 81, 0
0, 0, 0, 245, 778, 1, 0, 0, 0, 0, 0, 5, 932, 87, 0, 0, 0, 0, 0, 0, 4, 697, 323, 0
0, 0, 227, 665, 132, 0, 0, 0, 0, 0, 0, 262, 758, 4, 0, 0, 0, 0, 0, 0, 1, 602, 421, 0
0, 37, 873, 114, 0, 0, 0, 0, 0, 0, 31, 830, 163, 0, 0, 0, 0, 0, 0, 0, 11, 629, 384, 0
4, 148, 856, 16, 0, 0, 0, 0, 1, 3, 111, 879, 30, 0, 0, 0, 0, 0, 1, 2, 26, 563, 432, 0
11, 475, 535, 3, 0, 0, 0, 0, 0, 11, 315, 694, 4, 0, 0, 0, 0, 0, 0, 1, 20, 860, 143, 0
543, 417, 64, 0, 0, 0, 0, 0, 247, 400, 300, 77, 0, 0, 0, 0, 115, 324, 179, 94, 104, 207, 1, 0
912, 105, 7, 0, 0, 0, 0, 0, 716, 278, 30, 0, 0, 0, 0, 0, 365, 488, 139, 31, 1, 0, 0, 0
1001, 23, 0, 0, 0, 0, 0, 0, 887, 135, 2, 0, 0, 0, 0, 0, 517, 453, 50, 4, 0, 0, 0, 0
1006, 18, 0, 0, 0, 0, 0, 0, 922, 102, 0, 0, 0, 0, 0, 0, 559, 426, 39, 0, 0, 0, 0, 0
0, 0, 0, 31, 178, 558, 233, 24, 0, 0, 0, 37, 257, 619, 95, 16, 0, 0, 24, 152, 409, 397, 29, 13
0, 14, 28, 57, 170, 387, 332, 36, 0, 14, 28, 63, 219, 449, 232, 19, 1, 17, 37, 105, 340, 452, 65, 7
0, 46, 168, 98, 64, 171, 297, 180, 0, 48, 187, 101, 77, 320, 252, 39, 0, 56, 189, 114, 202, 296, 162, 5
0, 0, 0, 0, 15, 18, 445, 546, 0, 0, 0, 1, 16, 83, 845, 79, 0, 0, 5, 18, 13, 627, 361, 0
0, 0, 0, 0, 0, 0, 368, 656, 0, 0, 0, 0, 0, 16, 928, 80, 0, 0, 0, 0, 2, 709, 313, 0
0, 0, 1, 19, 156, 385, 218, 245, 0, 0, 0, 18, 161, 422, 282, 141, 0, 10, 60, 312, 268, 217, 157, 0
0, 0, 2, 18, 184, 756, 64, 0, 0, 1, 4, 88, 599, 332, 0, 0, 1, 14, 167, 527, 315, 0, 0, 0
0, 0, 0, 3, 148, 709, 161, 3, 0, 0, 2, 56, 472, 457, 37, 0, 0, 5, 93, 580, 330, 16, 0, 0
0, 0, 0, 0, 23, 662, 330, 9, 0, 0, 0, 2, 184, 720, 116, 2, 0, 0, 48, 550, 412, 13, 1, 0
0, 0, 0, 0, 765, 256, 3, 0, 0, 0, 0, 8, 975, 41, 0, 0, 0, 0, 484, 538, 2, 0, 0, 0
0, 0, 0, 5, 234, 780, 4, 1, 0, 0, 1, 4, 474, 541, 4, 0, 0, 0, 8, 626, 382, 7, 1, 0
0, 0, 0, 43, 477, 490, 13, 1, 0, 0, 0, 101, 702, 218, 3, 0, 0, 2, 198, 649, 173, 2, 0, 0
0, 0, 0, 332, 680, 10, 2, 0, 0, 0, 1, 301, 707, 13, 2, 0, 0, 6, 516, 433, 65, 4, 0, 0
0, 0, 0, 162, 796, 66, 0, 0, 0, 0, 0, 47, 777, 199, 1, 0, 0, 0, 0, 202, 401, 406, 15, 0
0, 0, 0, 111, 895, 18, 0, 0, 0, 0, 0, 11, 827, 185, 1, 0, 0, 0, 0, 0, 67, 867, 90, 0
0, 0, 0, 134, 871, 19, 0, 0, 0, 0, 0, 4, 876, 144, 0, 0, 0, 0, 0, 0, 10, 654, 360, 0
0, 2, 162, 593, 265, 2, 0, 0, 0, 0, 3, 203, 782, 36, 0, 0, 0, 0, 0, 0, 4, 521, 499, 0
2, 40, 874, 108, 0, 0, 0, 0, 1, 1, 39, 785, 198, 0, 0, 0, 0, 0, 0, 2, 27, 477, 518, 0
2, 153, 847, 22, 0, 0, 0, 0, 0, 2, 82, 882, 58, 0, 0, 0, 0, 0, 0, 0, 10, 513, 499, 2
38, 441, 545, 0, 0, 0, 0, 0, 3, 36, 347, 638, 0, 0, 0, 0, 0, 0, 0, 14, 79, 731, 200, 0
699, 267, 58, 0, 0, 0, 0, 0, 444, 338, 204, 38, 0, 0, 0, 0, 324, 300, 110, 89, 134, 64, 3, 0
997, 27, 0, 0, 0, 0, 0, 0, 938, 83, 3, 0, 0, 0, 0, 0, 782, 226, 16, 0, 0, 0, 0, 0
1014, 10, 0, 0, 0, 0, 0, 0, 984, 40, 0, 0, 0, 0, 0, 0, 915, 106, 3, 0, 0, 0, 0, 0
1022, 2, 0, 0, 0, 0, 0, 0, 1011, 13, 0, 0, 0, 0, 0, 0, 1017, 7, 0, 0, 0, 0, 0, 0
0, 0, 7, 61, 151, 558, 233, 14, 0, 0, 10, 74, 213, 598, 126, 3, 0, 0, 27, 131, 524, 321, 20, 1
0, 1, 19, 65, 193, 410, 308, 28, 0, 0, 19, 81, 252, 468, 187, 17, 0, 11, 39, 132, 366, 416, 52, 8
0, 8, 32, 82, 131, 186, 233, 352, 0, 9, 45, 98, 151, 223, 310, 188, 0, 21, 80, 137, 173, 240, 367, 6
0, 0, 3, 23, 96, 155, 274, 473, 0, 0, 2, 26, 108, 191, 516, 181, 0, 11, 58, 134, 88, 362, 370, 1
0, 0, 0, 0, 11, 53, 318, 642, 0, 0, 0, 0, 19, 78, 756, 171, 0, 0, 0, 27, 58, 554, 385, 0
0, 3, 10, 45, 273, 376, 154, 163, 0, 0, 11, 17, 228, 463, 206, 99, 3, 18, 140, 434, 188, 179, 62, 0
2, 22, 41, 62, 188, 576, 133, 0, 4, 31, 54, 97, 458, 380, 0, 0, 39, 64, 160, 390, 370, 1, 0, 0
0, 0, 0, 10, 119, 651, 203, 41, 0, 0, 1, 49, 389, 466, 92, 27, 0, 6, 80, 485, 349, 75, 28, 1
0, 0, 0, 0, 30, 651, 331, 12, 0, 0, 0, 2, 253, 666, 102, 1, 0, 0, 43, 582, 386, 13, 0, 0
0, 0, 0, 153, 727, 141, 3, 0, 0, 0, 0, 246, 727, 49, 2, 0, 0, 29, 664, 317, 12, 2, 0, 0
0, 0, 2, 7, 522, 492, 1, 0, 0, 0, 2, 7, 684, 330, 1, 0, 0, 3, 262, 604, 154, 1, 0, 0
0, 0, 0, 0, 399, 625, 0, 0, 0, 0, 0, 0, 654, 370, 0, 0, 0, 0, 3, 723, 298, 0, 0, 0
0, 0, 1, 24, 885, 114, 0, 0, 0, 0, 0, 27, 807, 188, 2, 0, 0, 0, 23, 405, 294, 298, 4, 0
0, 0, 0, 61, 780, 171, 11, 1, 0, 0, 0, 15, 672, 330, 7, 0, 0, 0, 0, 22, 400, 577, 25, 0
0, 0, 0, 52, 959, 13, 0, 0, 0, 0, 0, 1, 840, 183, 0, 0, 0, 0, 0, 0, 23, 906, 95, 0
0, 0, 0, 144, 866, 14, 0, 0, 0, 0, 0, 4, 868, 152, 0, 0, 0, 0, 0, 0, 18, 587, 419, 0
0, 0, 82, 586, 356, 0, 0, 0, 0, 0, 0, 105, 875, 44, 0, 0, 0, 0, 0, 0, 0, 342, 682, 0
0, 17, 822, 185, 0, 0, 0, 0, 0, 0, 8, 729, 287, 0, 0, 0, 0, 0, 0, 0, 1, 460, 562, 1
0, 71, 929, 24, 0, 0, 0, 0, 0, 0, 30, 924, 70, 0, 0, 0, 0, 0, 0, 0, 4, 463, 556, 1
110, 455, 458, 1, 0, 0, 0, 0, 12, 121, 377, 514, 0, 0, 0, 0, 0, 21, 45, 71, 183, 613, 91, 0
751, 246, 27, 0, 0, 0, 0, 0, 417, 477, 118, 12, 0, 0, 0, 0, 202, 409, 220, 129, 52, 12, 0, 0
939, 83, 2, 0, 0, 0, 0, 0, 765, 242, 17, 0, 0, 0, 0, 0, 391, 517, 97, 19, 0, 0, 0, 0
989, 35, 0, 0, 0, 0, 0, 0, 852, 169, 3, 0, 0, 0, 0, 0, 530, 444, 50, 0, 0, 0, 0, 0
1024, 0, 0, 0, 0, 0, 0, 0, 1022, 2, 0, 0, 0, 0, 0, 0, 1020, 4, 0, 0, 0, 0, 0, 0
0, 7, 58, 139, 282, 385, 109, 44, 0, 9, 59, 167, 315, 370, 90, 14, 0, 20, 83, 253, 431, 185, 51, 1
0, 0, 0, 11, 162, 483, 293, 75, 0, 0, 0, 14, 219, 571, 201, 19, 0, 0, 9, 193, 465, 286, 65, 6
0, 0, 2, 28, 312, 418, 113, 151, 0, 0, 3, 58, 392, 364, 120, 87, 0, 2, 49, 397, 346, 147, 83, 0
0, 0, 2, 13, 74, 127, 159, 649, 0, 0, 6, 21, 108, 129, 286, 474, 0, 2, 24, 108, 99, 171, 566, 54
0, 0, 1, 0, 2, 18, 215, 788, 0, 0, 1, 1, 2, 41, 650, 329, 0, 0, 1, 2, 28, 378, 574, 41
0, 0, 4, 10, 123, 335, 273, 279, 0, 0, 4, 10, 100, 396, 325, 189, 1, 5, 50, 284, 223, 321, 140, 0
0, 1, 5, 31, 294, 608, 85, 0, 0, 4, 6, 58, 545, 408, 3, 0, 4, 12, 172, 508, 323, 5, 0, 0
0, 0, 2, 23, 156, 632, 197, 14, 0, 0, 5, 44, 334, 525, 104, 12, 0, 8, 78, 468, 408, 60, 2, 0
0, 0, 0, 1, 94, 655, 269, 5, 0, 0, 0, 5, 432, 528, 57, 2, 0, 2, 80, 664, 267, 9, 2, 0
0, 0, 0, 0, 710, 308, 6, 0, 0, 0, 0, 8, 870, 146, 0, 0, 0, 0, 381, 634, 9, 0, 0, 0
0, 0, 0, 0, 4, 1015, 5, 0, 0, 0, 0, 0, 68, 956, 0, 0, 0, 0, 0, 264, 760, 0, 0, 0
1, 2, 4, 12, 531, 474, 0, 0, 1, 2, 3, 17, 754, 247, 0, 0, 3, 1, 102, 756, 155, 7, 0, 0
0, 0, 0, 15, 945, 64, 0, 0, 0, 0, 0, 5, 798, 221, 0, 0, 0, 0, 15, 100, 405, 504, 0, 0
0, 0, 0, 37, 960, 27, 0, 0, 0, 0, 0, 8, 735, 281, 0, 0, 0, 0, 0, 1, 171, 831, 21, 0
0, 0, 0, 38, 984, 2, 0, 0, 0, 0, 0, 0, 851, 173, 0, 0, 0, 0, 0, 0, 3, 955, 66, 0
0, 0, 0, 98, 916, 10, 0, 0, 0, 0, 0, 2, 808, 212, 2, 0, 0, 0, 0, 0, 2, 559, 463, 0
0, 0, 48, 618, 358, 0, 0, 0, 0, 0, 0, 62, 898, 64, 0, 0, 0, 0, 0, 0, 2, 291, 731, 0
0, 4, 730, 290, 0, 0, 0, 0, 0, 0, 0, 553, 471, 0, 0, 0, 0, 0, 0, 0, 0, 237, 784, 3
0, 98, 909, 17, 0, 0, 0, 0, 0, 0, 27, 911, 86, 0, 0, 0, 0, 0, 0, 0, 2, 484, 538, 0
263, 412, 345, 4, 0, 0, 0, 0, 47, 276, 331, 369, 1, 0, 0, 0, 0, 125, 140, 139, 155, 411, 54, 0
805, 197, 22, 0, 0, 0, 0, 0, 512, 429, 75, 8, 0, 0, 0, 0, 272, 516, 153, 51, 29, 3, 0, 0
966, 57, 1, 0, 0, 0, 0, 0, 787, 233, 4, 0, 0, 0, 0, 0, 458, 499, 58, 9, 0, 0, 0, 0
985, 39, 0, 0, 0, 0, 0, 0, 888, 136, 0, 0, 0, 0, 0, 0, 653, 305, 60, 6, 0, 0, 0, 0
1024, 0, 0, 0, 0, 0, 0, 0, 1022, 2, 0, 0, 0, 0, 0, 0, 1022, 2, 0, 0, 0, 0, 0, 0
0, 0, 23, 106, 232, 568, 94, 1, 0, 0, 33, 116, 312, 551, 12, 0, 0, 1, 66, 189, 579, 187, 2, 0
0, 0, 14, 83, 349, 495, 77, 6, 0, 0, 21, 98, 422, 446, 36, 1, 0, 11, 71, 445, 416, 77, 4, 0
0, 0, 0, 4, 79, 609, 321, 11, 0, 0, 0, 13, 139, 806, 58, 8, 0, 0, 8, 116, 720, 172, 7, 1
0, 0, 0, 2, 6, 142, 192, 682, 0, 0, 0, 2, 25, 206, 309, 482, 0, 0, 2, 25, 168, 226, 595, 8
0, 0, 0, 0, 0, 0, 274, 750, 0, 0, 0, 0, 0, 35, 623, 366, 0, 0, 0, 0, 15, 471, 522, 16
0, 0, 3, 25, 59, 249, 464, 224, 0, 0, 3, 30, 76, 350, 481, 84, 0, 7, 50, 148, 318, 434, 66, 1
0, 0, 1, 7, 51, 603, 320, 42, 0, 0, 3, 21, 313, 578, 104, 5, 0, 2, 22, 216, 608, 153, 23, 0
0, 1, 7, 19, 180, 742, 73, 2, 0, 4, 16, 118, 593, 282, 11, 0, 5, 22, 192, 615, 186, 4, 0, 0
0, 0, 0, 1, 96, 632, 288, 7, 0, 0, 0, 7, 431, 531, 55, 0, 0, 1, 77, 732, 211, 3, 0, 0
0, 0, 0, 6, 327, 691, 0, 0, 0, 0, 0, 16, 711, 297, 0, 0, 0, 0, 56, 823, 145, 0, 0, 0
0, 0, 0, 0, 1, 1006, 17, 0, 0, 0, 0, 0, 43, 981, 0, 0, 0, 0, 0, 75, 949, 0, 0, 0
0, 3, 3, 12, 467, 539, 0, 0, 0, 3, 3, 14, 647, 357, 0, 0, 4, 0, 53, 714, 249, 4, 0, 0
0, 0, 1, 21, 993, 9, 0, 0, 0, 0, 0, 14, 793, 217, 0, 0, 0, 0, 0, 9, 115, 895, 5, 0
0, 0, 0, 18, 924, 82, 0, 0, 0, 0, 0, 2, 745, 277, 0, 0, 0, 0, 0, 0, 219, 791, 14, 0
0, 0, 0, 39, 981, 4, 0, 0, 0, 0, 0, 0, 863, 161, 0, 0, 0, 0, 0, 0, 5, 962, 57, 0
0, 0, 0, 131, 883, 10, 0, 0, 0, 0, 0, 2, 821, 199, 2, 0, 0, 0, 0, 0, 1, 581, 441, 1
0, 4, 84, 631, 305, 0, 0, 0, 0, 0, 4, 94, 877, 49, 0, 0, 0, 0, 0, 0, 4, 306, 711, 3
0, 16, 766, 242, 0, 0, 0, 0, 0, 0, 6, 610, 408, 0, 0, 0, 0, 0, 0, 0, 1, 316, 706, 1
8, 104, 879, 33, 0, 0, 0, 0, 1, 7, 63, 878, 75, 0, 0, 0, 0, 0, 0, 3, 21, 491, 508, 1
493, 351, 174, 6, 0, 0, 0, 0, 130, 480, 259, 150, 5, 0, 0, 0, 22, 276, 279, 131, 173, 121, 22, 0
946, 75, 3, 0, 0, 0, 0, 0, 717, 299, 7, 1, 0, 0, 0, 0, 458, 512, 49, 5, 0, 0, 0, 0
980, 43, 1, 0, 0, 0, 0, 0, 836, 183, 5, 0, 0, 0, 0, 0, 658, 336, 28, 2, 0, 0, 0, 0
1010, 14, 0, 0, 0, 0, 0, 0, 938, 85, 1, 0, 0, 0, 0, 0, 799, 186, 38, 1, 0, 0, 0, 0
1024, 0, 0, 0, 0, 0, 0, 0, 1024, 0, 0, 0, 0, 0, 0, 0, 1024, 0, 0, 0, 0, 0, 0, 0
0, 0, 4, 10, 237, 693, 78, 2, 0, 0, 5, 19, 341, 632, 27, 0, 0, 2, 6, 183, 701, 127, 5, 0
0, 0, 20, 50, 171, 521, 262, 0, 0, 0, 22, 55, 240, 659, 48, 0, 0, 13, 51, 199, 625, 135, 1, 0
0, 0, 0, 0, 12, 397, 585, 30, 0, 0, 0, 0, 57, 686, 269, 12, 0, 0, 0, 22, 593, 377, 32, 0
0, 0, 0, 0, 35, 233, 250, 506, 0, 0, 0, 4, 89, 346, 237, 348, 0, 0, 4, 69, 322, 176, 453, 0
0, 0, 0, 13, 29, 29, 256, 697, 0, 0, 0, 21, 28, 73, 614, 288, 0, 0, 24, 21, 44, 471, 463, 1
0, 0, 5, 10, 98, 332, 360, 219, 0, 0, 5, 9, 128, 382, 378, 122, 0, 6, 51, 256, 337, 313, 61, 0
0, 0, 1, 6, 84, 434, 367, 132, 0, 1, 1, 32, 262, 494, 189, 45, 0, 2, 29, 204, 473, 231, 85, 0
0, 0, 2, 8, 147, 777, 90, 0, 0, 0, 8, 129, 737, 150, 0, 0, 0, 11, 270, 665, 78, 0, 0, 0
0, 0, 0, 4, 114, 599, 295, 12, 0, 0, 0, 12, 476, 479, 55, 2, 0, 2, 115, 726, 177, 4, 0, 0
0, 0, 0, 0, 233, 787, 4, 0, 0, 0, 0, 1, 601, 420, 2, 0, 0, 0, 25, 900, 97, 2, 0, 0
0, 0, 0, 0, 55, 969, 0, 0, 0, 0, 0, 0, 169, 855, 0, 0, 0, 0, 0, 363, 661, 0, 0, 0
2, 0, 2, 4, 434, 582, 0, 0, 2, 0, 3, 3, 659, 357, 0, 0, 2, 1, 6, 730, 204, 81, 0, 0
0, 2, 1, 20, 963, 34, 3, 1, 0, 2, 0, 7, 694, 316, 3, 2, 0, 0, 2, 4, 66, 935, 14, 3
0, 0, 1, 14, 957, 52, 0, 0, 0, 0, 1, 3, 761, 259, 0, 0, 0, 0, 1, 2, 103, 903, 15, 0
0, 0, 0, 36, 979, 8, 1, 0, 0, 0, 0, 0, 795, 227, 2, 0, 0, 0, 0, 0, 16, 883, 125, 0
0, 0, 0, 144, 875, 5, 0, 0, 0, 0, 0, 9, 763, 250, 2, 0, 0, 0, 0, 1, 12, 488, 522, 1
0, 0, 111, 630, 283, 0, 0, 0, 0, 0, 0, 106, 846, 72, 0, 0, 0, 0, 0, 0, 0, 242, 782, 0
0, 19, 770, 235, 0, 0, 0, 0, 0, 0, 15, 606, 403, 0, 0, 0, 0, 0, 0, 0, 2, 310, 711, 1
0, 79, 921, 24, 0, 0, 0, 0, 0, 0, 20, 926, 78, 0, 0, 0, 0, 0, 0, 0, 1, 507, 516, 0
406, 381, 234, 3, 0, 0, 0, 0, 87, 409, 315, 211, 2, 0, 0, 0, 12, 146, 240, 225, 201, 182, 18, 0
802, 205, 16, 1, 0, 0, 0, 0, 486, 463, 70, 5, 0, 0, 0, 0, 155, 452, 299, 99, 19, 0, 0, 0
986, 38, 0, 0, 0, 0, 0, 0, 902, 119, 3, 0, 0, 0, 0, 0, 685, 309, 30, 0, 0, 0, 0, 0
1023, 1, 0, 0, 0, 0, 0, 0, 1007, 17, 0, 0, 0, 0, 0, 0, 994, 30, 0, 0, 0, 0, 0, 0
1024, 0, 0, 0, 0, 0, 0, 0, 1024, 0, 0, 0, 0, 0, 0, 0, 1024, 0, 0, 0, 0, 0, 0, 0
0, 0, 0, 8, 241, 533, 227, 15, 0, 0, 0, 9, 317, 610, 85, 3, 0, 0, 3, 133, 465, 385, 38, 0
0, 8, 64, 83, 159, 531, 179, 0, 0, 8, 68, 87, 213, 604, 44, 0, 0, 34, 113, 170, 441, 258, 8, 0
0, 0, 0, 7, 90, 645, 268, 14, 0, 0, 0, 16, 151, 756, 96, 5, 0, 0, 14, 113, 776, 115, 6, 0
0, 0, 0, 0, 32, 397, 406, 189, 0, 0, 0, 8, 90, 554, 331, 41, 0, 0, 8, 105, 537, 295, 78, 1
0, 0, 0, 12, 84, 148, 317, 463, 0, 0, 0, 28, 97, 223, 591, 85, 0, 1, 43, 78, 169, 500, 233, 0
0, 1, 16, 77, 253, 405, 214, 58, 0, 0, 19, 70, 263, 455, 209, 8, 2, 27, 151, 367, 279, 182, 16, 0
0, 0, 0, 4, 65, 609, 266, 80, 0, 0, 1, 29, 463, 374, 134, 23, 0, 2, 20, 382, 397, 179, 43, 1
0, 0, 0, 17, 183, 713, 111, 0, 0, 0, 13, 151, 655, 196, 9, 0, 0, 21, 235, 661, 101, 6, 0, 0
0, 0, 0, 0, 193, 625, 202, 4, 0, 0, 0, 22, 561, 408, 32, 1, 0, 1, 175, 706, 141, 1, 0, 0
0, 0, 0, 1, 953, 70, 0, 0, 0, 0, 0, 7, 1017, 0, 0, 0, 0, 0, 246, 778, 0, 0, 0, 0
0, 0, 0, 0, 948, 76, 0, 0, 0, 0, 0, 0, 1024, 0, 0, 0, 0, 0, 51, 973, 0, 0, 0, 0
0, 2, 5, 22, 918, 77, 0, 0, 0, 2, 4, 20, 940, 58, 0, 0, 0, 2, 20, 680, 257, 65, 0, 0
0, 0, 2, 16, 968, 38, 0, 0, 0, 0, 2, 5, 782, 235, 0, 0, 0, 0, 0, 3, 92, 898, 31, 0
0, 0, 0, 20, 998, 6, 0, 0, 0, 0, 0, 0, 792, 232, 0, 0, 0, 0, 0, 0, 34, 967, 23, 0
0, 0, 0, 33, 988, 3, 0, 0, 0, 0, 0, 1, 824, 199, 0, 0, 0, 0, 0, 0, 2, 914, 108, 0
0, 0, 0, 89, 926, 9, 0, 0, 0, 0, 0, 4, 768, 252, 0, 0, 0, 0, 0, 0, 6, 456, 562, 0
0, 0, 79, 624, 321, 0, 0, 0, 0, 0, 0, 74, 855, 95, 0, 0, 0, 0, 0, 0, 0, 296, 728, 0
0, 10, 828, 186, 0, 0, 0, 0, 0, 0, 1, 682, 341, 0, 0, 0, 0, 0, 0, 0, 0, 359, 665, 0
23, 159, 799, 43, 0, 0, 0, 0, 3, 18, 98, 791, 114, 0, 0, 0, 0, 0, 7, 12, 31, 489, 481, 4
460, 387, 172, 5, 0, 0, 0, 0, 161, 406, 317, 137, 3, 0, 0, 0, 15, 206, 265, 218, 173, 122, 25, 0
860, 151, 13, 0, 0, 0, 0, 0, 494, 490, 36, 4, 0, 0, 0, 0, 149, 621, 207, 41, 6, 0, 0, 0
988, 35, 1, 0, 0, 0, 0, 0, 904, 116, 4, 0, 0, 0, 0, 0, 728, 261, 26, 8, 1, 0, 0, 0
1019, 5, 0, 0, 0, 0, 0, 0, 999, 25, 0, 0, 0, 0, 0, 0, 974, 50, 0, 0, 0, 0, 0, 0
989, 35, 0, 0, 0, 0, 0, 0, 970, 54, 0, 0, 0, 0, 0, 0, 1012, 12, 0, 0, 0, 0, 0, 0
0, 0, 0, 13, 118, 495, 393, 5, 0, 0, 0, 18, 179, 624, 201, 2, 0, 0, 10, 80, 378, 441, 115, 0
0, 33, 57, 99, 178, 430, 226, 1, 0, 24, 85, 92, 222, 539, 62, 0, 0, 49, 103, 166, 381, 323, 2, 0
0, 3, 17, 58, 227, 530, 189, 0, 0, 2, 23, 62, 258, 586, 93, 0, 2, 22, 52, 194, 490, 263, 1, 0
0, 7, 17, 56, 140, 494, 236, 74, 0, 10, 14, 55, 215, 563, 134, 33, 0, 19, 59, 246, 521, 137, 41, 1
0, 0, 0, 0, 10, 76, 425, 513, 0, 0, 0, 1, 26, 212, 651, 134, 0, 0, 1, 36, 159, 619, 201, 8
0, 4, 3, 13, 78, 276, 406, 244, 0, 0, 6, 5, 91, 394, 405, 123, 4, 5, 27, 158, 263, 414, 150, 3
0, 4, 24, 29, 143, 597, 188, 39, 0, 7, 24, 81, 528, 299, 81, 4, 6, 25, 82, 431, 364, 93, 23, 0
0, 0, 0, 9, 180, 737, 98, 0, 0, 0, 0, 77, 657, 279, 11, 0, 0, 9, 135, 672, 200, 8, 0, 0
0, 0, 0, 0, 239, 613, 170, 2, 0, 0, 0, 12, 608, 387, 17, 0, 0, 0, 152, 774, 98, 0, 0, 0
0, 0, 0, 0, 594, 430, 0, 0, 0, 0, 0, 2, 862, 160, 0, 0, 0, 0, 85, 831, 108, 0, 0, 0
0, 0, 0, 0, 577, 447, 0, 0, 0, 0, 0, 0, 784, 240, 0, 0, 0, 0, 11, 904, 109, 0, 0, 0
0, 1, 2, 25, 952, 44, 0, 0, 0, 0, 3, 28, 901, 92, 0, 0, 0, 0, 98, 439, 235, 252, 0, 0
0, 0, 0, 18, 1001, 5, 0, 0, 0, 0, 0, 1, 845, 178, 0, 0, 0, 0, 0, 0, 41, 971, 12, 0
0, 0, 0, 15, 997, 12, 0, 0, 0, 0, 0, 0, 810, 214, 0, 0, 0, 0, 0, 0, 19, 972, 33, 0
0, 0, 0, 65, 958, 1, 0, 0, 0, 0, 0, 0, 820, 204, 0, 0, 0, 0, 0, 0, 4, 899, 121, 0
0, 0, 0, 153, 869, 2, 0, 0, 0, 0, 0, 4, 786, 234, 0, 0, 0, 0, 0, 0, 5, 510, 509, 0
0, 0, 75, 639, 310, 0, 0, 0, 0, 0, 0, 73, 897, 54, 0, 0, 0, 0, 0, 0, 0, 286, 738, 0
0, 6, 825, 193, 0, 0, 0, 0, 0, 0, 3, 670, 351, 0, 0, 0, 0, 0, 0, 0, 0, 330, 694, 0
33, 200, 735, 56, 0, 0, 0, 0, 3, 26, 140, 745, 110, 0, 0, 0, 0, 0, 18, 19, 49, 505, 430, 3
397, 414, 208, 5, 0, 0, 0, 0, 148, 338, 376, 158, 4, 0, 0, 0, 18, 157, 231, 178, 232, 197, 11, 0
822, 190, 12, 0, 0, 0, 0, 0, 455, 494, 75, 0, 0, 0, 0, 0, 155, 547, 221, 70, 31, 0, 0, 0
968, 56, 0, 0, 0, 0, 0, 0, 778, 237, 9, 0, 0, 0, 0, 0, 501, 416, 96, 11, 0, 0, 0, 0
1017, 7, 0, 0, 0, 0, 0, 0, 981, 43, 0, 0, 0, 0, 0, 0, 957, 67, 0, 0, 0, 0, 0, 0
1024, 0, 0, 0, 0, 0, 0, 0, 1021, 3, 0, 0, 0, 0, 0, 0, 1024, 0, 0, 0, 0, 0, 0, 0
0, 0, 0, 2, 110, 665, 244, 3, 0, 0, 0, 10, 170, 733, 111, 0, 0, 0, 2, 86, 474, 435, 27, 0
0, 8, 50, 65, 205, 461, 207, 28, 0, 16, 61, 69, 257, 481, 138, 2, 0, 23, 91, 122, 531, 231, 26, 0
7, 36, 64, 94, 188, 460, 174, 1, 0, 36, 67, 93, 226, 486, 115, 1, 6, 51, 90, 165, 473, 234, 5, 0
3, 73, 85, 100, 137, 328, 247, 51, 3, 75, 100, 113, 211, 361, 138, 23, 20, 101, 138, 203, 371, 155, 34, 2
0, 0, 0, 0, 2, 88, 500, 434, 0, 0, 0, 0, 20, 261, 702, 41, 0, 0, 1, 13, 194, 725, 91, 0
0, 4, 8, 44, 232, 171, 228, 337, 0, 3, 7, 33, 212, 237, 277, 255, 5, 23, 152, 209, 179, 258, 193, 5
0, 3, 15, 62, 168, 482, 212, 82, 0, 9, 20, 108, 356, 357, 139, 35, 8, 37, 148, 355, 349, 113, 14, 0
0, 1, 9, 19, 171, 747, 77, 0, 1, 8, 13, 93, 706, 199, 4, 0, 10, 16, 173, 706, 119, 0, 0, 0
0, 0, 0, 2, 228, 693, 99, 2, 0, 0, 0, 30, 662, 320, 11, 1, 0, 3, 178, 773, 68, 2, 0, 0
0, 0, 0, 0, 808, 216, 0, 0, 0, 0, 0, 27, 961, 36, 0, 0, 0, 0, 283, 741, 0, 0, 0, 0
0, 0, 0, 11, 775, 238, 0, 0, 0, 0, 0, 13, 916, 95, 0, 0, 0, 0, 138, 883, 3, 0, 0, 0
0, 0, 0, 80, 929, 15, 0, 0, 0, 0, 0, 120, 839, 65, 0, 0, 0, 1, 386, 239, 155, 243, 0, 0
0, 0, 1, 15, 1003, 5, 0, 0, 0, 0, 1, 1, 902, 120, 0, 0, 0, 0, 0, 1, 66, 956, 1, 0
0, 0, 0, 36, 950, 33, 3, 2, 0, 0, 0, 6, 819, 193, 5, 1, 0, 0, 0, 2, 86, 911, 23, 2
0, 0, 0, 53, 966, 5, 0, 0, 0, 0, 0, 0, 820, 204, 0, 0, 0, 0, 0, 0, 2, 869, 153, 0
0, 0, 0, 206, 818, 0, 0, 0, 0, 0, 0, 1, 841, 182, 0, 0, 0, 0, 0, 0, 2, 602, 420, 0
0, 0, 116, 694, 214, 0, 0, 0, 0, 0, 0, 89, 920, 15, 0, 0, 0, 0, 0, 0, 0, 347, 677, 0
0, 5, 825, 194, 0, 0, 0, 0, 0, 0, 1, 634, 389, 0, 0, 0, 0, 0, 0, 0, 0, 308, 714, 2
134, 222, 636, 32, 0, 0, 0, 0, 29, 119, 187, 618, 71, 0, 0, 0, 0, 17, 86, 83, 101, 371, 366, 0
589, 320, 113, 2, 0, 0, 0, 0, 200, 514, 220, 88, 2, 0, 0, 0, 70, 301, 283, 168, 127, 70, 5, 0
845, 157, 22, 0, 0, 0, 0, 0, 551, 378, 92, 3, 0, 0, 0, 0, 371, 365, 176, 74, 37, 1, 0, 0
984, 39, 1, 0, 0, 0, 0, 0, 886, 135, 3, 0, 0, 0, 0, 0, 799, 188, 36, 1, 0, 0, 0, 0
1023, 1, 0, 0, 0, 0, 0, 0, 1013, 11, 0, 0, 0, 0, 0, 0, 1020, 4, 0, 0, 0, 0, 0, 0
976, 40, 7, 1, 0, 0, 0, 0, 967, 49, 6, 2, 0, 0, 0, 0, 995, 23, 5, 1, 0, 0, 0, 0
0, 2, 15, 36, 197, 626, 148, 0, 0, 2, 16, 52, 289, 568, 97, 0, 0, 9, 25, 135, 638, 204, 13, 0
0, 0, 0, 0, 110, 487, 425, 2, 0, 0, 0, 2, 166, 633, 223, 0, 0, 0, 1, 102, 445, 470, 6, 0
1, 37, 74, 78, 178, 436, 208, 12, 1, 42, 69, 85, 215, 465, 138, 9, 7, 73, 68, 142, 415, 297, 21, 1
2, 25, 59, 151, 216, 185, 260, 126, 4, 27, 76, 166, 234, 262, 182, 73, 17, 59, 147, 229, 251, 218, 90, 13
0, 0, 6, 25, 80, 142, 372, 399, 0, 0, 5, 22, 112, 278, 466, 141, 0, 6, 39, 108, 213, 471, 174, 13
0, 0, 0, 6, 52, 102, 260, 604, 0, 0, 0, 5, 40, 175, 331, 473, 0, 4, 20, 78, 90, 279, 387, 166
0, 0, 0, 12, 52, 326, 409, 225, 0, 0, 0, 19, 124, 401, 403, 77, 0, 9, 61, 340, 389, 152, 73, 0
0, 0, 1, 17, 191, 647, 157, 11, 0, 1, 8, 62, 459, 408, 81, 5, 2, 25, 282, 626, 86, 3, 0, 0
0, 0, 0, 0, 327, 603, 91, 3, 0, 0, 0, 17, 619, 380, 8, 0, 0, 0, 429, 533, 62, 0, 0, 0
0, 0, 0, 1, 95, 922, 6, 0, 0, 0, 0, 1, 270, 750, 3, 0, 0, 0, 93, 757, 174, 0, 0, 0
0, 0, 0, 0, 583, 441, 0, 0, 0, 0, 0, 0, 764, 260, 0, 0, 0, 0, 48, 846, 130, 0, 0, 0
2, 1, 2, 4, 988, 26, 1, 0, 1, 2, 1, 20, 809, 190, 1, 0, 2, 1, 153, 363, 97, 407, 1, 0
1, 1, 2, 10, 1001, 7, 2, 0, 1, 1, 1, 3, 781, 235, 2, 0, 1, 1, 1, 1, 18, 989, 12, 1
0, 0, 0, 19, 985, 15, 5, 0, 0, 0, 0, 2, 859, 158, 5, 0, 0, 0, 0, 0, 49, 968, 7, 0
0, 0, 0, 26, 992, 6, 0, 0, 0, 0, 0, 1, 800, 223, 0, 0, 0, 0, 0, 0, 3, 926, 95, 0
0, 0, 0, 192, 831, 1, 0, 0, 0, 0, 0, 0, 903, 121, 0, 0, 0, 0, 0, 0, 0, 703, 321, 0
0, 0, 111, 672, 240, 1, 0, 0, 0, 0, 0, 131, 870, 23, 0, 0, 0, 0, 0, 0, 13, 415, 596, 0
0, 21, 801, 202, 0, 0, 0, 0, 0, 0, 5, 604, 415, 0, 0, 0, 0, 0, 0, 0, 1, 272, 750, 1
136, 242, 620, 26, 0, 0, 0, 0, 22, 128, 197, 616, 61, 0, 0, 0, 8, 44, 70, 82, 121, 449, 249, 1
787, 207, 26, 4, 0, 0, 0, 0, 410, 511, 85, 18, 0, 0, 0, 0, 165, 561, 212, 64, 17, 5, 0, 0
951, 69, 4, 0, 0, 0, 0, 0, 731, 276, 17, 0, 0, 0, 0, 0, 520, 439, 51, 14, 0, 0, 0, 0
1009, 15, 0, 0, 0, 0, 0, 0, 946, 77, 1, 0, 0, 0, 0, 0, 826, 191, 7, 0, 0, 0, 0, 0
1019, 4, 1, 0, 0, 0, 0, 0, 1001, 22, 1, 0, 0, 0, 0, 0, 1010, 13, 1, 0, 0, 0, 0, 0
996, 28, 0, 0, 0, 0, 0, 0, 984, 40, 0, 0, 0, 0, 0, 0, 998, 26, 0, 0, 0, 0, 0, 0
0, 0, 4, 33, 187, 623, 177, 0, 0, 0, 4, 37, 289, 620, 74, 0, 0, 2, 11, 96, 459, 445, 11, 0
0, 0, 0, 1, 25, 494, 492, 12, 0, 0, 0, 1, 67, 673, 283, 0, 0, 0, 1, 36, 385, 597, 5, 0
0, 0, 1, 36, 147, 533, 302, 5, 0, 0, 3, 37, 191, 587, 206, 0, 0, 1, 24, 127, 494, 374, 4, 0
0, 5, 44, 100, 155, 285, 174, 261, 0, 9, 60, 115, 205, 305, 125, 205, 7, 59, 118, 203, 314, 128, 195, 0
0, 0, 0, 0, 0, 2, 146, 876, 0, 0, 0, 0, 0, 15, 491, 518, 0, 0, 0, 0, 7, 401, 616, 0
0, 11, 17, 18, 43, 115, 412, 408, 0, 10, 18, 15, 55, 230, 424, 272, 16, 19, 27, 89, 235, 388, 209, 41
0, 0, 0, 0, 5, 170, 470, 379, 0, 0, 0, 0, 51, 221, 523, 229, 0, 0, 13, 198, 559, 242, 12, 0
0, 0, 1, 2, 121, 583, 290, 27, 0, 1, 2, 24, 283, 484, 208, 22, 2, 20, 300, 577, 118, 7, 0, 0
0, 0, 0, 0, 176, 775, 69, 4, 0, 0, 0, 25, 450, 539, 10, 0, 0, 10, 365, 612, 35, 2, 0, 0
0, 0, 0, 0, 0, 875, 149, 0, 0, 0, 0, 0, 2, 1021, 1, 0, 0, 0, 21, 679, 324, 0, 0, 0
0, 0, 0, 0, 117, 892, 15, 0, 0, 0, 0, 0, 308, 716, 0, 0, 0, 0, 1, 604, 419, 0, 0, 0
1, 1, 3, 14, 877, 121, 5, 2, 0, 2, 0, 13, 645, 354, 8, 2, 0, 2, 36, 286, 144, 546, 7, 3
0, 0, 0, 3, 1011, 10, 0, 0, 0, 0, 0, 0, 557, 467, 0, 0, 0, 0, 0, 0, 11, 1008, 5, 0
0, 0, 0, 0, 1018, 6, 0, 0, 0, 0, 0, 0, 755, 269, 0, 0, 0, 0, 0, 0, 0, 1011, 13, 0
0, 0, 0, 2, 1022, 0, 0, 0, 0, 0, 0, 0, 847, 177, 0, 0, 0, 0, 0, 0, 0, 950, 74, 0
0, 0, 0, 157, 867, 0, 0, 0, 0, 0, 0, 0, 947, 77, 0, 0, 0, 0, 0, 0, 0, 777, 247, 0
0, 0, 66, 748, 210, 0, 0, 0, 0, 0, 0, 63, 930, 31, 0, 0, 0, 0, 0, 0, 0, 387, 637, 0
14, 36, 767, 206, 1, 0, 0, 0, 2, 11, 24, 624, 362, 1, 0, 0, 0, 0, 3, 14, 19, 364, 624, 0
480, 295, 218, 31, 0, 0, 0, 0, 193, 373, 231, 206, 21, 0, 0, 0, 66, 222, 209, 178, 153, 144, 52, 0
813, 174, 37, 0, 0, 0, 0, 0, 480, 438, 91, 15, 0, 0, 0, 0, 242, 507, 154, 91, 20, 10, 0, 0
949, 67, 8, 0, 0, 0, 0, 0, 786, 214, 22, 2, 0, 0, 0, 0, 572, 365, 67, 19, 1, 0, 0, 0
1008, 16, 0, 0, 0, 0, 0, 0, 922, 101, 1, 0, 0, 0, 0, 0, 805, 213, 5, 1, 0, 0, 0, 0
1024, 0, 0, 0, 0, 0, 0, 0, 1024, 0, 0, 0, 0, 0, 0, 0, 1024, 0, 0, 0, 0, 0, 0, 0
1024, 0, 0, 0, 0, 0, 0, 0, 1024, 0, 0, 0, 0, 0, 0, 0, 1024, 0, 0, 0, 0, 0, 0, 0
0, 0, 3, 23, 145, 714, 139, 0, 0, 0, 3, 29, 259, 698, 35, 0, 0, 0, 10, 51, 539, 423, 1, 0
0, 0, 0, 3, 63, 668, 289, 1, 0, 0, 0, 4, 130, 802, 88, 0, 0, 0, 1, 32, 486, 499, 6, 0
0, 1, 29, 105, 399, 442, 47, 1, 0, 1, 26, 104, 415, 450, 27, 1, 0, 17, 82, 368, 442, 112, 3, 0
0, 4, 56, 162, 372, 161, 66, 203, 0, 8, 71, 170, 400, 154, 87, 134, 10, 73, 204, 390, 136, 113, 98, 0
0, 0, 0, 0, 0, 8, 261, 755, 0, 0, 0, 0, 1, 57, 525, 441, 0, 0, 0, 1, 38, 445, 540, 0
0, 2, 7, 36, 146, 190, 296, 347, 0, 2, 7, 22, 132, 264, 351, 246, 5, 19, 114, 172, 196, 296, 219, 3
0, 0, 0, 3, 5, 79, 420, 517, 0, 0, 1, 3, 28, 167, 598, 227, 0, 1, 7, 76, 500, 410, 30, 0
0, 0, 0, 9, 83, 371, 412, 149, 0, 0, 3, 21, 245, 286, 351, 118, 3, 27, 194, 455, 306, 39, 0, 0
0, 0, 0, 2, 124, 864, 34, 0, 0, 0, 1, 25, 409, 584, 5, 0, 0, 5, 274, 720, 25, 0, 0, 0
0, 0, 0, 0, 10, 908, 106, 0, 0, 0, 0, 0, 26, 998, 0, 0, 0, 0, 8, 863, 153, 0, 0, 0
0, 0, 0, 0, 424, 600, 0, 0, 0, 0, 0, 0, 645, 379, 0, 0, 0, 0, 24, 982, 18, 0, 0, 0
0, 0, 1, 4, 963, 51, 4, 1, 0, 0, 2, 3, 791, 223, 4, 1, 0, 0, 56, 225, 380, 359, 4, 0
0, 0, 0, 0, 1021, 3, 0, 0, 0, 0, 0, 0, 745, 279, 0, 0, 0, 0, 0, 0, 1, 1021, 2, 0
0, 0, 0, 2, 1022, 0, 0, 0, 0, 0, 0, 0, 833, 191, 0, 0, 0, 0, 0, 0, 0, 1013, 11, 0
0, 0, 0, 6, 1012, 4, 2, 0, 0, 0, 0, 0, 925, 96, 3, 0, 0, 0, 0, 0, 0, 985, 38, 1
0, 0, 0, 279, 740, 5, 0, 0, 0, 0, 0, 1, 924, 99, 0, 0, 0, 0, 0, 0, 4, 768, 252, 0
0, 0, 38, 801, 185, 0, 0, 0, 0, 0, 0, 56, 946, 22, 0, 0, 0, 0, 0, 0, 0, 485, 539, 0
2, 16, 705, 301, 0, 0, 0, 0, 0, 3, 14, 585, 422, 0, 0, 0, 0, 0, 0, 5, 10, 389, 619, 1
463, 316, 224, 21, 0, 0, 0, 0, 220, 341, 248, 193, 22, 0, 0, 0, 77, 224, 197, 163, 154, 152, 57, 0
824, 173, 26, 1, 0, 0, 0, 0, 529, 388, 100, 7, 0, 0, 0, 0, 211, 522, 170, 96, 23, 2, 0, 0
918, 100, 6, 0, 0, 0, 0, 0, 661, 328, 34, 1, 0, 0, 0, 0, 384, 459, 142, 34, 5, 0, 0, 0
1022, 2, 0, 0, 0, 0, 0, 0, 998, 26, 0, 0, 0, 0, 0, 0, 988, 36, 0, 0, 0, 0, 0, 0
1024, 0, 0, 0, 0, 0, 0, 0, 1024, 0, 0, 0, 0, 0, 0, 0, 1024, 0, 0, 0, 0, 0, 0, 0
1024, 0, 0, 0, 0, 0, 0, 0, 1024, 0, 0, 0, 0, 0, 0, 0, 1024, 0, 0, 0, 0, 0, 0, 0
0, 1, 6, 49, 169, 633, 164, 2, 0, 1, 8, 58, 225, 690, 41, 1, 0, 2, 13, 86, 538, 383, 2, 0
0, 0, 9, 20, 181, 599, 211, 4, 0, 0, 11, 34, 246, 677, 56, 0, 0, 2, 25, 163, 436, 395, 3, 0
0, 0, 1, 16, 151, 699, 143, 14, 0, 0, 1, 13, 183, 747, 70, 10, 0, 2, 19, 117, 576, 282, 27, 1
0, 0, 4, 92, 199, 284, 221, 224, 0, 0, 10, 98, 256, 290, 209, 161, 0, 4, 84, 208, 260, 248, 150, 70
0, 0, 0, 0, 10, 44, 283, 687, 0, 0, 0, 1, 22, 76, 541, 384, 0, 0, 0, 7, 50, 464, 486, 17
0, 9, 22, 84, 202, 131, 306, 270, 0, 6, 16, 51, 188, 237, 374, 152, 17, 44, 168, 163, 139, 393, 100, 0
0, 0, 5, 14, 59, 176, 473, 297, 0, 1, 7, 12, 97, 269, 566, 72, 0, 8, 33, 173, 534, 271, 5, 0
0, 0, 2, 9, 122, 401, 266, 224, 0, 0, 1, 21, 259, 353, 274, 116, 2, 21, 221, 388, 315, 77, 0, 0
0, 0, 0, 7, 290, 686, 40, 1, 0, 0, 0, 43, 600, 377, 4, 0, 0, 15, 413, 576, 20, 0, 0, 0
0, 0, 0, 0, 37, 985, 2, 0, 0, 0, 0, 0, 81, 942, 1, 0, 0, 0, 9, 1001, 14, 0, 0, 0
0, 0, 0, 0, 196, 828, 0, 0, 0, 0, 0, 0, 417, 607, 0, 0, 0, 0, 1, 789, 234, 0, 0, 0
0, 0, 0, 0, 912, 112, 0, 0, 0, 0, 0, 0, 630, 394, 0, 0, 0, 0, 1, 218, 366, 439, 0, 0
0, 0, 0, 0, 1020, 4, 0, 0, 0, 0, 0, 0, 648, 376, 0, 0, 0, 0, 0, 0, 1, 1023, 0, 0
0, 0, 0, 8, 1015, 1, 0, 0, 0, 0, 0, 0, 848, 176, 0, 0, 0, 0, 0, 0, 5, 1016, 3, 0
0, 0, 0, 7, 1017, 0, 0, 0, 0, 0, 0, 0, 898, 126, 0, 0, 0, 0, 0, 0, 0, 942, 82, 0
0, 0, 0, 255, 769, 0, 0, 0, 0, 0, 0, 0, 983, 41, 0, 0, 0, 0, 0, 0, 0, 859, 165, 0
0, 1, 109, 799, 115, 0, 0, 0, 0, 0, 1, 80, 934, 9, 0, 0, 0, 0, 0, 0, 2, 377, 645, 0
0, 17, 780, 227, 0, 0, 0, 0, 0, 0, 3, 605, 416, 0, 0, 0, 0, 0, 0, 0, 1, 317, 706, 0
223, 285, 507, 9, 0, 0, 0, 0, 86, 168, 264, 491, 15, 0, 0, 0, 0, 51, 108, 115, 201, 381, 168, 0
686, 261, 75, 2, 0, 0, 0, 0, 412, 359, 213, 39, 1, 0, 0, 0, 229, 292, 173, 168, 112, 49, 1, 0
1006, 17, 1, 0, 0, 0, 0, 0, 912, 110, 2, 0, 0, 0, 0, 0, 879, 128, 17, 0, 0, 0, 0, 0
1022, 2, 0, 0, 0, 0, 0, 0, 1017, 7, 0, 0, 0, 0, 0, 0, 1022, 2, 0, 0, 0, 0, 0, 0
1024, 0, 0, 0, 0, 0, 0, 0, 1023, 1, 0, 0, 0, 0, 0, 0, 1024, 0, 0, 0, 0, 0, 0, 0
1023, 1, 0, 0, 0, 0, 0, 0, 1007, 17, 0, 0, 0, 0, 0, 0, 1008, 16, 0, 0, 0, 0, 0, 0
0, 0, 0, 18, 169, 608, 155, 74, 0, 0, 0, 21, 257, 618, 96, 32, 0, 0, 5, 103, 500, 359, 50, 7
0, 0, 30, 84, 350, 531, 29, 0, 0, 0, 27, 87, 393, 511, 6, 0, 0, 21, 70, 282, 588, 63, 0, 0
0, 1, 9, 37, 202, 492, 254, 29, 0, 1, 12, 42, 231, 508, 221, 9, 1, 5, 26, 183, 449, 310, 50, 0
0, 0, 3, 25, 62, 299, 345, 290, 0, 0, 5, 37, 80, 388, 341, 173, 0, 3, 28, 61, 250, 463, 204, 15
0, 0, 0, 0, 1, 21, 213, 789, 0, 0, 0, 0, 4, 52, 512, 456, 0, 0, 0, 5, 41, 372, 606, 0
1, 5, 20, 68, 242, 322, 277, 89, 0, 5, 17, 54, 226, 384, 294, 44, 14, 45, 159, 284, 288, 212, 22, 0
0, 0, 0, 19, 82, 261, 466, 196, 0, 0, 0, 18, 126, 390, 392, 98, 0, 11, 75, 289, 413, 233, 3, 0
0, 0, 0, 10, 129, 478, 266, 141, 0, 0, 0, 40, 251, 399, 247, 87, 1, 27, 252, 458, 189, 97, 0, 0
0, 0, 0, 4, 400, 598, 22, 0, 0, 0, 1, 73, 639, 309, 2, 0, 0, 14, 526, 463, 21, 0, 0, 0
0, 0, 1, 3, 236, 784, 0, 0, 0, 0, 1, 2, 273, 748, 0, 0, 0, 1, 215, 786, 22, 0, 0, 0
0, 0, 0, 0, 200, 824, 0, 0, 0, 0, 0, 0, 562, 462, 0, 0, 0, 0, 2, 1022, 0, 0, 0, 0
0, 0, 0, 3, 926, 95, 0, 0, 0, 0, 0, 1, 786, 237, 0, 0, 0, 0, 0, 214, 317, 493, 0, 0
0, 0, 0, 0, 1024, 0, 0, 0, 0, 0, 0, 0, 771, 253, 0, 0, 0, 0, 0, 0, 3, 1021, 0, 0
0, 0, 0, 1, 1023, 0, 0, 0, 0, 0, 0, 0, 858, 166, 0, 0, 0, 0, 0, 0, 3, 1021, 0, 0
0, 0, 0, 12, 1012, 0, 0, 0, 0, 0, 0, 0, 914, 110, 0, 0, 0, 0, 0, 0, 0, 974, 50, 0
0, 0, 0, 154, 857, 12, 1, 0, 0, 0, 0, 1, 920, 101, 2, 0, 0, 0, 0, 0, 6, 843, 175, 0
0, 1, 201, 676, 146, 0, 0, 0, 0, 0, 1, 189, 825, 9, 0, 0, 0, 0, 0, 1, 2, 496, 525, 0
0, 13, 918, 93, 0, 0, 0, 0, 0, 0, 3, 851, 170, 0, 0, 0, 0, 0, 0, 0, 0, 548, 476, 0
213, 373, 433, 5, 0, 0, 0, 0, 52, 199, 333, 429, 11, 0, 0, 0, 3, 44, 104, 149, 209, 387, 128, 0
767, 217, 40, 0, 0, 0, 0, 0, 473, 386, 143, 22, 0, 0, 0, 0, 395, 272, 157, 96, 86, 18, 0, 0
1014, 10, 0, 0, 0, 0, 0, 0, 967, 57, 0, 0, 0, 0, 0, 0, 974, 50, 0, 0, 0, 0, 0, 0
1022, 2, 0, 0, 0, 0, 0, 0, 1017, 7, 0, 0, 0, 0, 0, 0, 1020, 4, 0, 0, 0, 0, 0, 0
1022, 2, 0, 0, 0, 0, 0, 0, 1016, 8, 0, 0, 0, 0, 0, 0, 1022, 2, 0, 0, 0, 0, 0, 0
1022, 2, 0, 0, 0, 0, 0, 0, 1005, 19, 0, 0, 0, 0, 0, 0, 1017, 7, 0, 0, 0, 0, 0, 0
0, 0, 0, 41, 199, 566, 168, 50, 0, 0, 0, 39, 272, 575, 120, 18, 0, 0, 20, 125, 465, 352, 59, 3
0, 0, 18, 92, 245, 638, 31, 0, 0, 1, 17, 104, 294, 602, 6, 0, 0, 11, 54, 237, 671, 51, 0, 0
0, 0, 3, 22, 162, 448, 339, 50, 0, 1, 3, 29, 207, 538, 226, 20, 0, 3, 22, 144, 421, 391, 39, 4
0, 4, 16, 43, 142, 237, 295, 287, 0, 6, 28, 53, 177, 263, 415, 82, 5, 17, 48, 165, 260, 405, 124, 0
0, 0, 0, 0, 0, 7, 516, 501, 0, 0, 0, 0, 1, 65, 852, 106, 0, 0, 0, 0, 17, 693, 314, 0
0, 1, 12, 50, 191, 426, 300, 44, 0, 0, 2, 37, 178, 468, 325, 14, 2, 28, 98, 305, 336, 239, 16, 0
0, 16, 94, 136, 136, 251, 296, 95, 0, 3, 82, 169, 196, 317, 227, 30, 15, 143, 196, 298, 266, 104, 2, 0
0, 0, 1, 21, 267, 542, 155, 38, 0, 0, 1, 67, 352, 448, 127, 29, 3, 78, 454, 368, 97, 24, 0, 0
0, 0, 0, 4, 651, 359, 9, 1, 0, 0, 0, 64, 843, 114, 2, 1, 0, 48, 676, 292, 7, 1, 0, 0
0, 0, 19, 106, 822, 77, 0, 0, 0, 0, 5, 111, 896, 12, 0, 0, 0, 142, 828, 54, 0, 0, 0, 0
0, 0, 0, 100, 916, 8, 0, 0, 0, 0, 0, 78, 946, 0, 0, 0, 0, 24, 494, 506, 0, 0, 0, 0
1, 3, 6, 19, 957, 27, 6, 5, 1, 3, 5, 10, 892, 102, 6, 5, 1, 3, 32, 162, 338, 477, 6, 5
0, 2, 11, 28, 981, 1, 1, 0, 0, 1, 4, 15, 908, 95, 1, 0, 0, 0, 2, 11, 16, 990, 4, 1
0, 0, 0, 36, 987, 1, 0, 0, 0, 0, 0, 1, 884, 139, 0, 0, 0, 0, 0, 0, 10, 1008, 6, 0
0, 0, 0, 37, 987, 0, 0, 0, 0, 0, 0, 0, 894, 130, 0, 0, 0, 0, 0, 0, 2, 986, 36, 0
0, 0, 0, 311, 713, 0, 0, 0, 0, 0, 0, 0, 987, 37, 0, 0, 0, 0, 0, 0, 2, 946, 76, 0
0, 0, 129, 729, 166, 0, 0, 0, 0, 0, 0, 123, 890, 11, 0, 0, 0, 0, 0, 0, 0, 544, 480, 0
49, 164, 695, 116, 0, 0, 0, 0, 3, 37, 143, 648, 193, 0, 0, 0, 0, 0, 9, 33, 98, 476, 407, 1
462, 393, 162, 6, 1, 0, 0, 0, 156, 390, 341, 130, 7, 0, 0, 0, 18, 156, 226, 254, 254, 108, 8, 0
903, 111, 10, 0, 0, 0, 0, 0, 678, 308, 34, 4, 0, 0, 0, 0, 484, 360, 132, 42, 6, 0, 0, 0
1021, 3, 0, 0, 0, 0, 0, 0, 997, 27, 0, 0, 0, 0, 0, 0, 999, 25, 0, 0, 0, 0, 0, 0
1024, 0, 0, 0, 0, 0, 0, 0, 1024, 0, 0, 0, 0, 0, 0, 0, 1024, 0, 0, 0, 0, 0, 0, 0
1008, 16, 0, 0, 0, 0, 0, 0, 989, 35, 0, 0, 0, 0, 0, 0, 1014, 10, 0, 0, 0, 0, 0, 0
1024, 0, 0, 0, 0, 0, 0, 0, 1023, 1, 0, 0, 0, 0, 0, 0, 1023, 1, 0, 0, 0, 0, 0, 0
0, 0, 1, 36, 374, 457, 90, 66, 0, 0, 1, 41, 399, 465, 70, 48, 0, 1, 25, 294, 446, 214, 44, 0
0, 1, 16, 111, 549, 324, 23, 0, 0, 1, 17, 103, 550, 343, 10, 0, 0, 7, 120, 466, 383, 48, 0, 0
0, 7, 17, 108, 335, 377, 167, 13, 0, 8, 22, 120, 376, 429, 67, 2, 1, 17, 90, 362, 436, 117, 1, 0
0, 6, 17, 19, 107, 461, 250, 164, 0, 8, 14, 26, 162, 510, 255, 49, 1, 16, 25, 125, 496, 249, 111, 1
0, 0, 0, 0, 3, 103, 591, 327, 0, 0, 0, 0, 8, 179, 758, 79, 0, 0, 0, 16, 152, 630, 223, 3
20, 138, 150, 195, 271, 180, 64, 6, 0, 60, 183, 176, 282, 270, 53, 0, 67, 251, 258, 251, 152, 44, 1, 0
81, 248, 186, 124, 119, 219, 45, 2, 2, 208, 260, 148, 143, 234, 29, 0, 177, 394, 269, 164, 20, 0, 0, 0
0, 0, 3, 34, 364, 520, 99, 4, 0, 0, 7, 57, 332, 524, 103, 1, 10, 107, 445, 391, 70, 1, 0, 0
0, 0, 1, 37, 520, 445, 21, 0, 0, 0, 2, 59, 716, 242, 5, 0, 1, 109, 525, 372, 17, 0, 0, 0
0, 0, 278, 338, 408, 0, 0, 0, 0, 0, 157, 383, 472, 12, 0, 0, 15, 811, 198, 0, 0, 0, 0, 0
0, 0, 274, 741, 9, 0, 0, 0, 0, 0, 93, 883, 48, 0, 0, 0, 2, 777, 245, 0, 0, 0, 0, 0
2, 3, 3, 175, 831, 6, 4, 0, 1, 3, 3, 65, 929, 19, 4, 0, 2, 5, 117, 118, 268, 511, 2, 1
0, 0, 0, 24, 998, 2, 0, 0, 0, 0, 0, 0, 952, 72, 0, 0, 0, 0, 0, 0, 44, 978, 2, 0
0, 0, 0, 155, 869, 0, 0, 0, 0, 0, 0, 3, 944, 77, 0, 0, 0, 0, 0, 0, 40, 974, 10, 0
0, 0, 0, 186, 838, 0, 0, 0, 0, 0, 0, 4, 959, 61, 0, 0, 0, 0, 0, 0, 16, 996, 12, 0
0, 0, 1, 242, 781, 0, 0, 0, 0, 0, 0, 1, 974, 49, 0, 0, 0, 0, 0, 0, 2, 886, 136, 0
0, 0, 104, 710, 210, 0, 0, 0, 0, 0, 0, 94, 909, 21, 0, 0, 0, 0, 0, 0, 0, 654, 370, 0
151, 264, 537, 72, 0, 0, 0, 0, 25, 136, 255, 500, 108, 0, 0, 0, 0, 19, 72, 114, 195, 417, 207, 0
563, 354, 104, 3, 0, 0, 0, 0, 177, 509, 265, 72, 1, 0, 0, 0, 14, 229, 337, 264, 134, 45, 1, 0
935, 86, 3, 0, 0, 0, 0, 0, 701, 292, 30, 1, 0, 0, 0, 0, 656, 274, 70, 21, 3, 0, 0, 0
1022, 2, 0, 0, 0, 0, 0, 0, 997, 27, 0, 0, 0, 0, 0, 0, 997, 27, 0, 0, 0, 0, 0, 0
1024, 0, 0, 0, 0, 0, 0, 0, 1024, 0, 0, 0, 0, 0, 0, 0, 1024, 0, 0, 0, 0, 0, 0, 0
1020, 4, 0, 0, 0, 0, 0, 0, 1012, 12, 0, 0, 0, 0, 0, 0, 1017, 7, 0, 0, 0, 0, 0, 0
1024, 0, 0, 0, 0, 0, 0, 0, 1024, 0, 0, 0, 0, 0, 0, 0, 1024, 0, 0, 0, 0, 0, 0, 0
0, 0, 0, 24, 161, 267, 163, 409, 0, 0, 2, 33, 209, 278, 210, 292, 0, 2, 25, 130, 322, 269, 252, 24
0, 1, 36, 168, 521, 269, 29, 0, 0, 1, 30, 145, 525, 307, 16, 0, 0, 13, 111, 448, 344, 108, 0, 0
0, 2, 34, 88, 423, 323, 146, 8, 0, 3, 33, 73, 478, 378, 56, 3, 0, 17, 85, 428, 352, 137, 5, 0
2, 38, 41, 42, 201, 511, 149, 40, 0, 32, 47, 51, 198, 546, 136, 14, 0, 58, 45, 188, 541, 145, 46, 1
0, 0, 9, 52, 251, 450, 237, 25, 0, 0, 3, 46, 243, 527, 187, 18, 1, 29, 142, 301, 327, 198, 26, 0
5, 104, 265, 319, 277, 54, 0, 0, 0, 36, 222, 297, 335, 128, 6, 0, 139, 414, 350, 115, 6, 0, 0, 0
4, 122, 306, 279, 231, 77, 5, 0, 0, 49, 283, 275, 270, 132, 15, 0, 200, 425, 300, 93, 6, 0, 0, 0
0, 10, 75, 148, 336, 386, 66, 3, 1, 16, 76, 247, 414, 234, 36, 0, 30, 130, 333, 390, 116, 24, 1, 0
0, 0, 0, 88, 550, 369, 17, 0, 0, 0, 1, 198, 652, 170, 3, 0, 0, 34, 630, 349, 11, 0, 0, 0
0, 0, 589, 412, 23, 0, 0, 0, 0, 0, 104, 895, 25, 0, 0, 0, 6, 947, 71, 0, 0, 0, 0, 0
0, 0, 495, 528, 1, 0, 0, 0, 0, 0, 4, 1009, 11, 0, 0, 0, 0, 953, 71, 0, 0, 0, 0, 0
0, 0, 6, 305, 696, 16, 1, 0, 0, 0, 3, 95, 905, 18, 3, 0, 0, 9, 157, 143, 274, 438, 3, 0
0, 0, 0, 53, 969, 2, 0, 0, 0, 0, 0, 0, 956, 68, 0, 0, 0, 0, 0, 0, 81, 942, 1, 0
0, 0, 0, 130, 893, 1, 0, 0, 0, 0, 0, 1, 959, 64, 0, 0, 0, 0, 0, 0, 21, 991, 12, 0
0, 0, 0, 204, 819, 1, 0, 0, 0, 0, 0, 2, 956, 66, 0, 0, 0, 0, 0, 0, 6, 988, 30, 0
0, 0, 2, 352, 655, 15, 0, 0, 0, 0, 1, 5, 949, 66, 3, 0, 0, 0, 0, 1, 14, 847, 162, 0
0, 0, 70, 771, 183, 0, 0, 0, 0, 0, 0, 69, 951, 4, 0, 0, 0, 0, 0, 0, 0, 510, 514, 0
82, 163, 744, 35, 0, 0, 0, 0, 12, 73, 132, 731, 76, 0, 0, 0, 0, 1, 23, 80, 96, 559, 265, 0
640, 309, 74, 1, 0, 0, 0, 0, 271, 460, 239, 54, 0, 0, 0, 0, 139, 327, 210, 155, 138, 54, 1, 0
1002, 20, 2, 0, 0, 0, 0, 0, 889, 132, 3, 0, 0, 0, 0, 0, 899, 115, 7, 3, 0, 0, 0, 0
1024, 0, 0, 0, 0, 0, 0, 0, 1020, 4, 0, 0, 0, 0, 0, 0, 1022, 2, 0, 0, 0, 0, 0, 0
1024, 0, 0, 0, 0, 0, 0, 0, 1024, 0, 0, 0, 0, 0, 0, 0, 1024, 0, 0, 0, 0, 0, 0, 0
1024, 0, 0, 0, 0, 0, 0, 0, 1024, 0, 0, 0, 0, 0, 0, 0, 1024, 0, 0, 0, 0, 0, 0, 0
1024, 0, 0, 0, 0, 0, 0, 0, 1024, 0, 0, 0, 0, 0, 0, 0, 1024, 0, 0, 0, 0, 0, 0, 0
0, 0, 12, 18, 81, 218, 172, 523, 0, 2, 24, 33, 108, 247, 228, 382, 3, 16, 30, 68, 191, 305, 359, 52
0, 0, 28, 82, 340, 525, 49, 0, 0, 0, 30, 81, 357, 540, 16, 0, 0, 4, 43, 165, 427, 383, 2, 0
0, 0, 15, 92, 451, 431, 35, 0, 0, 0, 18, 89, 437, 468, 12, 0, 0, 5, 55, 328, 594, 42, 0, 0
11, 71, 158, 201, 307, 235, 35, 6, 0, 53, 143, 223, 309, 261, 32, 3, 6, 120, 209, 267, 352, 63, 5, 2
0, 0, 3, 47, 268, 494, 180, 32, 0, 0, 4, 29, 226, 566, 176, 23, 0, 18, 140, 361, 363, 117, 23, 2
0, 4, 103, 319, 475, 120, 3, 0, 0, 0, 39, 224, 488, 266, 7, 0, 52, 302, 540, 126, 4, 0, 0, 0
2, 39, 144, 336, 358, 117, 26, 2, 0, 15, 93, 254, 392, 240, 30, 0, 82, 340, 405, 131, 45, 20, 1, 0
0, 10, 30, 140, 338, 383, 103, 20, 0, 10, 59, 273, 333, 281, 54, 14, 21, 84, 336, 339, 160, 62, 20, 2
0, 0, 0, 54, 594, 358, 18, 0, 0, 0, 0, 185, 655, 179, 5, 0, 0, 45, 668, 303, 8, 0, 0, 0
0, 0, 138, 655, 231, 0, 0, 0, 0, 0, 9, 666, 349, 0, 0, 0, 3, 577, 353, 91, 0, 0, 0, 0
0, 0, 36, 933, 55, 0, 0, 0, 0, 0, 0, 722, 302, 0, 0, 0, 0, 858, 156, 10, 0, 0, 0, 0
2, 1, 7, 125, 882, 5, 1, 1, 1, 2, 3, 28, 965, 23, 1, 1, 1, 3, 74, 205, 296, 439, 5, 1
0, 0, 0, 68, 956, 0, 0, 0, 0, 0, 0, 0, 972, 52, 0, 0, 0, 0, 0, 0, 35, 989, 0, 0
0, 0, 0, 143, 881, 0, 0, 0, 0, 0, 0, 0, 966, 58, 0, 0, 0, 0, 0, 0, 4, 1013, 7, 0
0, 0, 0, 338, 686, 0, 0, 0, 0, 0, 0, 0, 997, 27, 0, 0, 0, 0, 0, 0, 2, 1005, 17, 0
0, 0, 0, 567, 457, 0, 0, 0, 0, 0, 0, 2, 996, 26, 0, 0, 0, 0, 0, 0, 3, 917, 104, 0
0, 0, 203, 739, 82, 0, 0, 0, 0, 0, 0, 173, 849, 2, 0, 0, 0, 0, 0, 0, 2, 588, 434, 0
5, 125, 873, 21, 0, 0, 0, 0, 0, 5, 52, 898, 69, 0, 0, 0, 0, 0, 0, 1, 28, 663, 332, 0
479, 334, 211, 0, 0, 0, 0, 0, 242, 313, 264, 204, 1, 0, 0, 0, 132, 215, 156, 112, 148, 222, 39, 0
1022, 2, 0, 0, 0, 0, 0, 0, 981, 43, 0, 0, 0, 0, 0, 0, 987, 36, 1, 0, 0, 0, 0, 0
1024, 0, 0, 0, 0, 0, 0, 0, 1023, 1, 0, 0, 0, 0, 0, 0, 1024, 0, 0, 0, 0, 0, 0, 0
1024, 0, 0, 0, 0, 0, 0, 0, 1024, 0, 0, 0, 0, 0, 0, 0, 1024, 0, 0, 0, 0, 0, 0, 0
1024, 0, 0, 0, 0, 0, 0, 0, 1024, 0, 0, 0, 0, 0, 0, 0, 1024, 0, 0, 0, 0, 0, 0, 0
1024, 0, 0, 0, 0, 0, 0, 0, 1024, 0, 0, 0, 0, 0, 0, 0, 1024, 0, 0, 0, 0, 0, 0, 0
0, 0, 0, 2, 30, 238, 244, 510, 0, 0, 1, 12, 87, 332, 245, 347, 0, 1, 10, 44, 310, 337, 311, 11
0, 0, 32, 92, 465, 418, 17, 0, 0, 0, 21, 89, 421, 485, 8, 0, 0, 5, 54, 234, 560, 171, 0, 0
0, 0, 3, 55, 446, 516, 4, 0, 0, 0, 2, 38, 395, 582, 7, 0, 0, 1, 17, 239, 648, 119, 0, 0
0, 71, 134, 205, 309, 244, 42, 19, 0, 41, 150, 225, 290, 259, 39, 20, 6, 121, 200, 256, 326, 78, 23, 14
0, 5, 21, 66, 183, 396, 298, 55, 0, 4, 23, 65, 195, 436, 273, 28, 0, 15, 51, 188, 432, 286, 43, 9
0, 0, 0, 28, 303, 439, 193, 61, 0, 0, 0, 21, 207, 566, 181, 49, 0, 7, 161, 362, 265, 170, 55, 4
0, 0, 18, 73, 376, 483, 70, 4, 0, 0, 12, 96, 391, 476, 46, 3, 0, 32, 146, 437, 300, 104, 5, 0
0, 1, 25, 304, 496, 180, 17, 1, 0, 6, 157, 512, 291, 50, 7, 1, 8, 167, 589, 228, 21, 8, 2, 1
0, 0, 0, 219, 508, 255, 42, 0, 0, 0, 0, 346, 518, 153, 7, 0, 0, 153, 673, 190, 8, 0, 0, 0
0, 0, 0, 326, 698, 0, 0, 0, 0, 0, 0, 433, 591, 0, 0, 0, 0, 24, 884, 116, 0, 0, 0, 0
0, 0, 0, 398, 626, 0, 0, 0, 0, 0, 0, 77, 946, 1, 0, 0, 0, 20, 753, 250, 1, 0, 0, 0
0, 0, 0, 1, 1023, 0, 0, 0, 0, 0, 0, 0, 997, 27, 0, 0, 0, 0, 1, 100, 581, 342, 0, 0
0, 0, 0, 60, 964, 0, 0, 0, 0, 0, 0, 0, 976, 48, 0, 0, 0, 0, 0, 0, 6, 1015, 3, 0
0, 0, 0, 108, 916, 0, 0, 0, 0, 0, 0, 1, 997, 26, 0, 0, 0, 0, 0, 0, 5, 1018, 1, 0
0, 0, 0, 353, 671, 0, 0, 0, 0, 0, 0, 0, 1001, 23, 0, 0, 0, 0, 0, 0, 4, 1000, 20, 0
0, 0, 0, 675, 349, 0, 0, 0, 0, 0, 0, 6, 1003, 15, 0, 0, 0, 0, 0, 0, 2, 971, 51, 0
0, 0, 332, 646, 46, 0, 0, 0, 0, 0, 0, 293, 731, 0, 0, 0, 0, 0, 0, 0, 0, 681, 343, 0
18, 149, 855, 2, 0, 0, 0, 0, 3, 13, 67, 918, 23, 0, 0, 0, 0, 0, 2, 12, 27, 693, 290, 0
416, 454, 154, 0, 0, 0, 0, 0, 193, 269, 317, 245, 0, 0, 0, 0, 145, 153, 97, 130, 153, 315, 31, 0
996, 26, 2, 0, 0, 0, 0, 0, 868, 152, 3, 1, 0, 0, 0, 0, 953, 66, 4, 1, 0, 0, 0, 0
1023, 1, 0, 0, 0, 0, 0, 0, 990, 34, 0, 0, 0, 0, 0, 0, 1003, 21, 0, 0, 0, 0, 0, 0
1024, 0, 0, 0, 0, 0, 0, 0, 1023, 1, 0, 0, 0, 0, 0, 0, 1024, 0, 0, 0, 0, 0, 0, 0
1024, 0, 0, 0, 0, 0, 0, 0, 1024, 0, 0, 0, 0, 0, 0, 0, 1024, 0, 0, 0, 0, 0, 0, 0
1024, 0, 0, 0, 0, 0, 0, 0, 1024, 0, 0, 0, 0, 0, 0, 0, 1024, 0, 0, 0, 0, 0, 0, 0
0, 0, 2, 23, 105, 298, 204, 392, 0, 0, 8, 33, 191, 313, 221, 258, 0, 3, 15, 84, 365, 336, 218, 3
0, 0, 1, 30, 490, 429, 55, 19, 0, 0, 1, 19, 397, 573, 32, 2, 0, 0, 2, 154, 586, 281, 1, 0
0, 0, 9, 70, 430, 504, 9, 2, 0, 0, 4, 55, 364, 589, 10, 2, 0, 0, 19, 121, 655, 227, 1, 1
0, 28, 133, 193, 418, 221, 25, 6, 0, 25, 135, 188, 396, 254, 20, 6, 6, 96, 182, 282, 387, 61, 7, 3
0, 0, 28, 73, 122, 164, 492, 145, 0, 0, 39, 71, 143, 230, 504, 37, 0, 28, 74, 140, 171, 528, 82, 1
0, 0, 0, 17, 171, 324, 363, 149, 0, 0, 0, 10, 165, 341, 393, 115, 0, 0, 30, 189, 344, 333, 128, 0
0, 1, 2, 95, 630, 273, 22, 1, 0, 1, 8, 194, 575, 222, 22, 2, 1, 11, 216, 660, 119, 17, 0, 0
0, 0, 29, 268, 586, 129, 12, 0, 0, 1, 146, 573, 247, 57, 0, 0, 7, 179, 640, 196, 2, 0, 0, 0
0, 0, 3, 193, 539, 270, 19, 0, 0, 0, 12, 298, 557, 154, 3, 0, 0, 193, 686, 144, 1, 0, 0, 0
0, 0, 4, 762, 256, 2, 0, 0, 0, 1, 3, 757, 261, 2, 0, 0, 1, 122, 856, 43, 2, 0, 0, 0
0, 0, 3, 415, 606, 0, 0, 0, 0, 0, 0, 310, 714, 0, 0, 0, 0, 84, 812, 128, 0, 0, 0, 0
0, 0, 0, 0, 1023, 1, 0, 0, 0, 0, 0, 0, 1018, 6, 0, 0, 0, 0, 0, 153, 605, 266, 0, 0
0, 0, 0, 21, 1003, 0, 0, 0, 0, 0, 0, 0, 992, 32, 0, 0, 0, 0, 0, 0, 16, 1008, 0, 0
0, 0, 0, 222, 802, 0, 0, 0, 0, 0, 0, 1, 1011, 12, 0, 0, 0, 0, 0, 0, 7, 1017, 0, 0
0, 0, 0, 504, 520, 0, 0, 0, 0, 0, 0, 11, 1006, 7, 0, 0, 0, 0, 0, 0, 23, 1000, 1, 0
0, 0, 0, 605, 419, 0, 0, 0, 0, 0, 0, 2, 990, 32, 0, 0, 0, 0, 0, 0, 3, 862, 159, 0
0, 0, 344, 644, 36, 0, 0, 0, 0, 0, 0, 334, 689, 1, 0, 0, 0, 0, 0, 0, 0, 761, 263, 0
2, 128, 893, 1, 0, 0, 0, 0, 0, 2, 27, 993, 2, 0, 0, 0, 0, 0, 0, 2, 7, 842, 173, 0
408, 488, 128, 0, 0, 0, 0, 0, 188, 261, 409, 166, 0, 0, 0, 0, 106, 113, 133, 142, 236, 280, 14, 0
1014, 10, 0, 0, 0, 0, 0, 0, 890, 132, 2, 0, 0, 0, 0, 0, 951, 69, 4, 0, 0, 0, 0, 0
1024, 0, 0, 0, 0, 0, 0, 0, 1011, 13, 0, 0, 0, 0, 0, 0, 1020, 4, 0, 0, 0, 0, 0, 0
1024, 0, 0, 0, 0, 0, 0, 0, 1022, 2, 0, 0, 0, 0, 0, 0, 1024, 0, 0, 0, 0, 0, 0, 0
1024, 0, 0, 0, 0, 0, 0, 0, 1023, 1, 0, 0, 0, 0, 0, 0, 1024, 0, 0, 0, 0, 0, 0, 0
1024, 0, 0, 0, 0, 0, 0, 0, 1024, 0, 0, 0, 0, 0, 0, 0, 1024, 0, 0, 0, 0, 0, 0, 0
0, 0, 3, 13, 138, 240, 155, 475, 0, 2, 7, 17, 256, 188, 222, 332, 2, 10, 11, 104, 345, 346, 206, 0
0, 0, 0, 71, 564, 344, 29, 16, 0, 0, 0, 24, 582, 393, 17, 8, 0, 0, 21, 193, 600, 199, 11, 0
0, 0, 0, 81, 464, 479, 0, 0, 0, 0, 0, 49, 437, 537, 1, 0, 0, 0, 21, 208, 661, 134, 0, 0
0, 35, 191, 457, 284, 46, 7, 4, 0, 12, 137, 400, 404, 59, 7, 5, 3, 78, 345, 407, 167, 17, 5, 2
0, 1, 79, 186, 145, 90, 406, 117, 0, 2, 75, 174, 180, 128, 455, 10, 1, 49, 165, 200, 106, 429, 74, 0
0, 0, 2, 85, 267, 294, 240, 136, 0, 0, 0, 53, 274, 384, 187, 126, 0, 7, 143, 252, 288, 202, 92, 40
0, 0, 19, 140, 452, 317, 93, 3, 0, 0, 25, 142, 444, 312, 98, 3, 1, 41, 181, 386, 256, 152, 7, 0
0, 16, 75, 309, 511, 111, 2, 0, 0, 32, 186, 557, 213, 36, 0, 0, 35, 241, 631, 116, 1, 0, 0, 0
0, 2, 28, 303, 479, 206, 6, 0, 0, 1, 69, 300, 508, 144, 2, 0, 14, 329, 582, 97, 2, 0, 0, 0
0, 0, 0, 926, 98, 0, 0, 0, 0, 0, 2, 832, 190, 0, 0, 0, 0, 154, 818, 52, 0, 0, 0, 0
0, 0, 9, 754, 261, 0, 0, 0, 0, 0, 0, 584, 440, 0, 0, 0, 0, 66, 808, 150, 0, 0, 0, 0
0, 0, 0, 1, 1023, 0, 0, 0, 0, 0, 0, 0, 1017, 7, 0, 0, 0, 0, 4, 199, 365, 456, 0, 0
0, 0, 0, 2, 1022, 0, 0, 0, 0, 0, 0, 0, 975, 49, 0, 0, 0, 0, 0, 0, 1, 1023, 0, 0
0, 0, 0, 350, 674, 0, 0, 0, 0, 0, 0, 2, 1014, 8, 0, 0, 0, 0, 0, 0, 6, 1017, 1, 0
0, 0, 0, 737, 287, 0, 0, 0, 0, 0, 0, 8, 1014, 2, 0, 0, 0, 0, 0, 0, 18, 1002, 4, 0
0, 0, 0, 805, 219, 0, 0, 0, 0, 0, 0, 17, 1003, 4, 0, 0, 0, 0, 0, 0, 8, 971, 45, 0
0, 0, 303, 709, 12, 0, 0, 0, 0, 0, 0, 297, 726, 1, 0, 0, 0, 0, 0, 0, 0, 794, 230, 0
9, 182, 833, 0, 0, 0, 0, 0, 3, 6, 66, 949, 0, 0, 0, 0, 0, 0, 3, 6, 10, 847, 158, 0
389, 532, 103, 0, 0, 0, 0, 0, 180, 258, 427, 159, 0, 0, 0, 0, 114, 146, 126, 102, 181, 347, 8, 0
1016, 7, 1, 0, 0, 0, 0, 0, 987, 36, 1, 0, 0, 0, 0, 0, 968, 55, 1, 0, 0, 0, 0, 0
1022, 2, 0, 0, 0, 0, 0, 0, 1017, 7, 0, 0, 0, 0, 0, 0, 1016, 8, 0, 0, 0, 0, 0, 0
1024, 0, 0, 0, 0, 0, 0, 0, 1023, 1, 0, 0, 0, 0, 0, 0, 1024, 0, 0, 0, 0, 0, 0, 0
1024, 0, 0, 0, 0, 0, 0, 0, 1024, 0, 0, 0, 0, 0, 0, 0, 1024, 0, 0, 0, 0, 0, 0, 0
1024, 0, 0, 0, 0, 0, 0, 0, 1024, 0, 0, 0, 0, 0, 0, 0, 1024, 0, 0, 0, 0, 0, 0, 0
0, 0, 1, 11, 30, 102, 212, 668, 0, 1, 6, 18, 80, 165, 311, 443, 1, 8, 21, 84, 207, 417, 286, 0
0, 60, 129, 164, 359, 199, 78, 35, 0, 29, 143, 182, 430, 192, 44, 4, 7, 46, 153, 273, 476, 65, 4, 0
1, 41, 94, 97, 258, 528, 5, 0, 0, 28, 71, 104, 233, 586, 2, 0, 0, 39, 98, 170, 532, 185, 0, 0
0, 8, 50, 334, 479, 153, 0, 0, 0, 5, 24, 172, 546, 276, 1, 0, 0, 13, 139, 448, 401, 23, 0, 0
0, 3, 35, 67, 141, 143, 330, 305, 0, 1, 30, 63, 154, 170, 423, 183, 0, 8, 65, 140, 185, 405, 221, 0
0, 0, 1, 23, 255, 627, 117, 1, 0, 0, 0, 9, 199, 649, 164, 3, 0, 4, 81, 511, 355, 73, 0, 0
0, 10, 48, 230, 514, 212, 10, 0, 0, 3, 30, 211, 524, 246, 10, 0, 8, 60, 283, 513, 150, 10, 0, 0
0, 13, 59, 361, 557, 34, 0, 0, 0, 24, 178, 573, 236, 13, 0, 0, 25, 260, 627, 110, 2, 0, 0, 0
0, 3, 59, 519, 388, 54, 1, 0, 0, 6, 66, 468, 418, 65, 1, 0, 37, 528, 418, 40, 1, 0, 0, 0
0, 1, 13, 857, 153, 0, 0, 0, 0, 1, 11, 770, 242, 0, 0, 0, 1, 374, 633, 16, 0, 0, 0, 0
0, 0, 0, 148, 876, 0, 0, 0, 0, 0, 0, 18, 1006, 0, 0, 0, 0, 3, 864, 157, 0, 0, 0, 0
0, 0, 0, 0, 1023, 1, 0, 0, 0, 0, 0, 0, 1019, 5, 0, 0, 0, 0, 1, 180, 309, 534, 0, 0
0, 0, 0, 23, 1001, 0, 0, 0, 0, 0, 0, 0, 990, 34, 0, 0, 0, 0, 0, 0, 0, 1023, 1, 0
0, 0, 0, 541, 483, 0, 0, 0, 0, 0, 0, 0, 1020, 4, 0, 0, 0, 0, 0, 0, 0, 1023, 1, 0
0, 0, 0, 866, 158, 0, 0, 0, 0, 0, 0, 17, 1007, 0, 0, 0, 0, 0, 0, 0, 5, 1004, 15, 0
0, 0, 4, 963, 57, 0, 0, 0, 0, 0, 0, 47, 976, 1, 0, 0, 0, 0, 0, 0, 10, 932, 82, 0
0, 0, 380, 641, 3, 0, 0, 0, 0, 0, 0, 375, 647, 2, 0, 0, 0, 0, 0, 0, 16, 857, 151, 0
0, 320, 704, 0, 0, 0, 0, 0, 0, 0, 74, 949, 1, 0, 0, 0, 0, 0, 0, 0, 5, 929, 90, 0
447, 519, 58, 0, 0, 0, 0, 0, 173, 328, 382, 141, 0, 0, 0, 0, 89, 204, 140, 126, 116, 340, 9, 0
1017, 7, 0, 0, 0, 0, 0, 0, 944, 80, 0, 0, 0, 0, 0, 0, 946, 61, 16, 1, 0, 0, 0, 0
1024, 0, 0, 0, 0, 0, 0, 0, 1019, 5, 0, 0, 0, 0, 0, 0, 1019, 5, 0, 0, 0, 0, 0, 0
1024, 0, 0, 0, 0, 0, 0, 0, 1024, 0, 0, 0, 0, 0, 0, 0, 1024, 0, 0, 0, 0, 0, 0, 0
1024, 0, 0, 0, 0, 0, 0, 0, 1024, 0, 0, 0, 0, 0, 0, 0, 1024, 0, 0, 0, 0, 0, 0, 0
1024, 0, 0, 0, 0, 0, 0, 0, 1024, 0, 0, 0, 0, 0, 0, 0, 1024, 0, 0, 0, 0, 0, 0, 0
0, 0, 2, 6, 31, 72, 172, 741, 0, 0, 5, 15, 66, 139, 342, 457, 0, 5, 18, 67, 190, 391, 333, 20
0, 1, 33, 209, 445, 118, 110, 108, 0, 2, 9, 181, 478, 271, 78, 5, 2, 4, 155, 249, 548, 62, 4, 0
2, 99, 180, 298, 334, 111, 0, 0, 0, 34, 172, 247, 420, 151, 0, 0, 1, 70, 251, 402, 297, 3, 0, 0
0, 6, 52, 67, 446, 444, 9, 0, 0, 0, 45, 65, 373, 541, 0, 0, 0, 14, 64, 233, 603, 110, 0, 0
0, 0, 6, 75, 168, 403, 306, 66, 0, 0, 0, 37, 158, 527, 288, 14, 0, 3, 52, 142, 263, 529, 35, 0
0, 0, 14, 289, 439, 238, 44, 0, 0, 0, 1, 203, 505, 266, 49, 0, 0, 8, 331, 572, 97, 16, 0, 0
0, 12, 119, 264, 445, 134, 48, 2, 0, 10, 78, 222, 444, 205, 62, 3, 4, 127, 305, 430, 120, 37, 1, 0
0, 31, 155, 453, 358, 26, 1, 0, 2, 50, 287, 520, 158, 7, 0, 0, 50, 328, 559, 87, 0, 0, 0, 0
0, 11, 127, 601, 255, 30, 0, 0, 0, 8, 99, 555, 318, 44, 0, 0, 73, 703, 237, 11, 0, 0, 0, 0
0, 0, 67, 951, 6, 0, 0, 0, 0, 0, 44, 942, 38, 0, 0, 0, 0, 475, 546, 3, 0, 0, 0, 0
0, 0, 19, 953, 52, 0, 0, 0, 0, 0, 0, 724, 300, 0, 0, 0, 0, 75, 923, 26, 0, 0, 0, 0
0, 0, 0, 307, 717, 0, 0, 0, 0, 0, 0, 23, 1001, 0, 0, 0, 0, 0, 14, 190, 320, 500, 0, 0
0, 0, 0, 320, 704, 0, 0, 0, 0, 0, 0, 0, 1014, 10, 0, 0, 0, 0, 0, 0, 0, 1024, 0, 0
0, 0, 0, 918, 106, 0, 0, 0, 0, 0, 0, 5, 1017, 2, 0, 0, 0, 0, 0, 0, 0, 1015, 9, 0
0, 0, 10, 990, 24, 0, 0, 0, 0, 0, 0, 54, 970, 0, 0, 0, 0, 0, 0, 0, 8, 1001, 15, 0
0, 0, 32, 988, 4, 0, 0, 0, 0, 0, 0, 130, 894, 0, 0, 0, 0, 0, 0, 0, 8, 979, 37, 0
0, 1, 510, 512, 1, 0, 0, 0, 0, 0, 1, 517, 505, 1, 0, 0, 0, 0, 0, 0, 5, 932, 87, 0
6, 555, 463, 0, 0, 0, 0, 0, 0, 5, 278, 741, 0, 0, 0, 0, 0, 0, 0, 5, 43, 936, 40, 0
378, 616, 30, 0, 0, 0, 0, 0, 160, 271, 516, 77, 0, 0, 0, 0, 55, 150, 121, 133, 197, 366, 2, 0
1004, 19, 1, 0, 0, 0, 0, 0, 913, 107, 4, 0, 0, 0, 0, 0, 855, 149, 18, 2, 0, 0, 0, 0
1024, 0, 0, 0, 0, 0, 0, 0, 1007, 17, 0, 0, 0, 0, 0, 0, 1016, 8, 0, 0, 0, 0, 0, 0
1024, 0, 0, 0, 0, 0, 0, 0, 1021, 3, 0, 0, 0, 0, 0, 0, 1022, 2, 0, 0, 0, 0, 0, 0
1024, 0, 0, 0, 0, 0, 0, 0, 1024, 0, 0, 0, 0, 0, 0, 0, 1024, 0, 0, 0, 0, 0, 0, 0
1024, 0, 0, 0, 0, 0, 0, 0, 1024, 0, 0, 0, 0, 0, 0, 0, 1024, 0, 0, 0, 0, 0, 0, 0
0, 120, 72, 45, 69, 102, 177, 439, 0, 110, 96, 55, 90, 168, 217, 288, 14, 128, 97, 93, 185, 262, 238, 7
0, 0, 21, 220, 438, 118, 129, 98, 0, 0, 8, 145, 528, 170, 154, 19, 0, 1, 91, 410, 359, 146, 17, 0
5, 25, 102, 361, 512, 19, 0, 0, 0, 16, 61, 249, 624, 74, 0, 0, 3, 41, 162, 476, 333, 9, 0, 0
6, 79, 125, 161, 512, 134, 7, 0, 0, 42, 133, 136, 547, 162, 4, 0, 5, 99, 141, 433, 317, 29, 0, 0
0, 0, 1, 99, 310, 612, 2, 0, 0, 0, 0, 13, 297, 713, 1, 0, 0, 0, 49, 286, 368, 321, 0, 0
0, 0, 88, 452, 480, 4, 0, 0, 0, 0, 17, 284, 690, 33, 0, 0, 0, 57, 354, 597, 16, 0, 0, 0
16, 76, 203, 368, 295, 61, 5, 0, 3, 47, 131, 311, 403, 118, 11, 0, 46, 245, 443, 230, 54, 6, 0, 0
26, 139, 289, 330, 225, 15, 0, 0, 22, 167, 342, 353, 132, 8, 0, 0, 169, 401, 356, 96, 2, 0, 0, 0
0, 13, 324, 534, 147, 6, 0, 0, 0, 17, 394, 473, 131, 9, 0, 0, 66, 696, 243, 19, 0, 0, 0, 0
0, 6, 973, 45, 0, 0, 0, 0, 0, 6, 416, 602, 0, 0, 0, 0, 12, 1008, 4, 0, 0, 0, 0, 0
0, 0, 394, 625, 4, 1, 0, 0, 0, 0, 0, 1000, 23, 1, 0, 0, 0, 345, 663, 15, 1, 0, 0, 0
0, 0, 42, 953, 26, 3, 0, 0, 0, 0, 0, 271, 741, 12, 0, 0, 0, 4, 125, 172, 246, 477, 0, 0
0, 0, 0, 1022, 2, 0, 0, 0, 0, 0, 0, 0, 1024, 0, 0, 0, 0, 0, 0, 0, 0, 1021, 3, 0
0, 0, 9, 1013, 2, 0, 0, 0, 0, 0, 0, 31, 992, 1, 0, 0, 0, 0, 0, 0, 1, 1009, 14, 0
0, 0, 105, 919, 0, 0, 0, 0, 0, 0, 0, 162, 862, 0, 0, 0, 0, 0, 0, 0, 2, 1015, 7, 0
0, 0, 257, 767, 0, 0, 0, 0, 0, 0, 0, 286, 738, 0, 0, 0, 0, 0, 0, 0, 1, 965, 58, 0
1, 32, 672, 319, 0, 0, 0, 0, 0, 1, 23, 571, 429, 0, 0, 0, 0, 0, 0, 5, 79, 901, 39, 0
0, 730, 294, 0, 0, 0, 0, 0, 0, 0, 436, 588, 0, 0, 0, 0, 0, 0, 0, 0, 62, 955, 7, 0
257, 747, 20, 0, 0, 0, 0, 0, 67, 217, 675, 65, 0, 0, 0, 0, 13, 76, 102, 156, 235, 442, 0, 0
1006, 18, 0, 0, 0, 0, 0, 0, 912, 109, 3, 0, 0, 0, 0, 0, 884, 126, 14, 0, 0, 0, 0, 0
1021, 3, 0, 0, 0, 0, 0, 0, 998, 26, 0, 0, 0, 0, 0, 0, 995, 29, 0, 0, 0, 0, 0, 0
1024, 0, 0, 0, 0, 0, 0, 0, 1024, 0, 0, 0, 0, 0, 0, 0, 1024, 0, 0, 0, 0, 0, 0, 0
1024, 0, 0, 0, 0, 0, 0, 0, 1024, 0, 0, 0, 0, 0, 0, 0, 1024, 0, 0, 0, 0, 0, 0, 0
1024, 0, 0, 0, 0, 0, 0, 0, 1024, 0, 0, 0, 0, 0, 0, 0, 1024, 0, 0, 0, 0, 0, 0, 0
0, 17, 132, 375, 290, 112, 61, 37, 0, 12, 66, 341, 368, 148, 63, 26, 1, 34, 300, 330, 226, 94, 37, 2
0, 2, 19, 179, 410, 134, 151, 129, 0, 5, 6, 103, 482, 207, 148, 73, 5, 4, 87, 355, 319, 183, 65, 6
3, 50, 139, 633, 198, 1, 0, 0, 0, 9, 85, 425, 495, 10, 0, 0, 0, 21, 249, 655, 99, 0, 0, 0
1, 38, 156, 358, 432, 37, 2, 0, 0, 21, 118, 287, 552, 44, 2, 0, 3, 74, 258, 611, 68, 10, 0, 0
0, 27, 56, 111, 209, 603, 18, 0, 0, 15, 38, 113, 164, 667, 27, 0, 11, 53, 98, 126, 589, 147, 0, 0
0, 15, 109, 326, 549, 25, 0, 0, 0, 0, 38, 178, 675, 132, 1, 0, 1, 135, 413, 413, 61, 1, 0, 0
8, 29, 141, 389, 354, 92, 11, 0, 0, 18, 69, 266, 493, 146, 32, 0, 35, 163, 456, 271, 90, 9, 0, 0
109, 250, 305, 262, 96, 2, 0, 0, 55, 257, 324, 295, 90, 3, 0, 0, 301, 370, 279, 72, 2, 0, 0, 0
0, 22, 371, 517, 112, 2, 0, 0, 0, 10, 221, 561, 220, 12, 0, 0, 43, 640, 326, 15, 0, 0, 0, 0
0, 40, 934, 50, 0, 0, 0, 0, 0, 8, 530, 486, 0, 0, 0, 0, 16, 1001, 7, 0, 0, 0, 0, 0
0, 0, 421, 531, 60, 12, 0, 0, 0, 0, 4, 913, 92, 14, 1, 0, 4, 354, 630, 34, 2, 0, 0, 0
0, 45, 261, 584, 100, 30, 4, 0, 0, 25, 178, 357, 410, 48, 6, 0, 82, 262, 223, 118, 87, 252, 0, 0
0, 0, 1, 1023, 0, 0, 0, 0, 0, 0, 0, 2, 1022, 0, 0, 0, 0, 0, 0, 0, 0, 1023, 1, 0
0, 0, 53, 970, 1, 0, 0, 0, 0, 0, 0, 60, 963, 1, 0, 0, 0, 0, 0, 0, 0, 1012, 12, 0
0, 0, 262, 762, 0, 0, 0, 0, 0, 0, 0, 295, 729, 0, 0, 0, 0, 0, 0, 0, 2, 1013, 9, 0
0, 0, 490, 534, 0, 0, 0, 0, 0, 0, 0, 410, 614, 0, 0, 0, 0, 0, 0, 0, 4, 974, 46, 0
0, 8, 740, 266, 8, 2, 0, 0, 0, 0, 9, 632, 381, 2, 0, 0, 0, 0, 0, 3, 145, 829, 47, 0
2, 814, 208, 0, 0, 0, 0, 0, 0, 2, 563, 459, 0, 0, 0, 0, 0, 0, 1, 4, 106, 911, 2, 0
96, 928, 0, 0, 0, 0, 0, 0, 9, 92, 917, 6, 0, 0, 0, 0, 0, 9, 40, 74, 317, 584, 0, 0
900, 124, 0, 0, 0, 0, 0, 0, 667, 286, 71, 0, 0, 0, 0, 0, 588, 226, 83, 92, 35, 0, 0, 0
1020, 4, 0, 0, 0, 0, 0, 0, 1012, 12, 0, 0, 0, 0, 0, 0, 1023, 1, 0, 0, 0, 0, 0, 0
1017, 7, 0, 0, 0, 0, 0, 0, 1015, 9, 0, 0, 0, 0, 0, 0, 1022, 2, 0, 0, 0, 0, 0, 0
1024, 0, 0, 0, 0, 0, 0, 0, 1024, 0, 0, 0, 0, 0, 0, 0, 1024, 0, 0, 0, 0, 0, 0, 0
1024, 0, 0, 0, 0, 0, 0, 0, 1024, 0, 0, 0, 0, 0, 0, 0, 1024, 0, 0, 0, 0, 0, 0, 0
