264, 646, 110, 4, 0, 0, 0, 0, 2, 637, 337, 46, 2, 0, 0, 0, 686, 295, 42, 1, 0, 0, 0, 0
78, 534, 284, 103, 24, 1, 0, 0, 2, 417, 416, 141, 47, 1, 0, 0, 516, 313, 151, 40, 4, 0, 0, 0
9, 528, 394, 78, 12, 3, 0, 0, 0, 51, 688, 244, 33, 7, 1, 0, 482, 405, 118, 17, 2, 0, 0, 0
2, 330, 464, 145, 57, 24, 2, 0, 0, 23, 531, 331, 96, 35, 8, 0, 330, 359, 173, 102, 37, 19, 4, 0
2, 223, 631, 140, 25, 3, 0, 0, 0, 54, 522, 373, 65, 10, 0, 0, 150, 574, 218, 60, 22, 0, 0, 0
5, 170, 597, 165, 64, 20, 3, 0, 0, 22, 336, 502, 123, 29, 12, 0, 265, 422, 157, 106, 48, 23, 3, 0
7, 265, 614, 118, 19, 1, 0, 0, 0, 19, 392, 510, 89, 14, 0, 0, 302, 484, 196, 36, 6, 0, 0, 0
2, 134, 737, 132, 10, 8, 1, 0, 2, 25, 358, 584, 43, 7, 5, 0, 191, 580, 209, 31, 8, 5, 0, 0
1, 342, 634, 44, 3, 0, 0, 0, 0, 14, 595, 395, 20, 0, 0, 0, 355, 574, 78, 17, 0, 0, 0, 0
3, 332, 633, 44, 9, 3, 0, 0, 0, 77, 738, 182, 22, 5, 0, 0, 146, 693, 155, 22, 6, 2, 0, 0
7, 237, 630, 116, 28, 6, 0, 0, 0, 56, 550, 356, 52, 10, 0, 0, 159, 668, 145, 32, 18, 2, 0, 0
0, 342, 653, 22, 6, 1, 0, 0, 0, 98, 784, 133, 8, 1, 0, 0, 200, 724, 89, 9, 2, 0, 0, 0
1, 252, 632, 118, 19, 2, 0, 0, 0, 54, 566, 363, 34, 6, 1, 0, 125, 626, 216, 47, 8, 2, 0, 0
3, 139, 682, 178, 19, 3, 0, 0, 0, 33, 506, 423, 55, 7, 0, 0, 52, 593, 305, 57, 16, 1, 0, 0
0, 73, 645, 269, 37, 0, 0, 0, 0, 1, 355, 554, 108, 6, 0, 0, 24, 389, 400, 175, 36, 0, 0, 0
0, 83, 719, 210, 12, 0, 0, 0, 0, 0, 358, 576, 87, 3, 0, 0, 23, 516, 436, 49, 0, 0, 0, 0
0, 34, 336, 308, 337, 9, 0, 0, 0, 3, 158, 311, 278, 273, 1, 0, 66, 289, 529, 139, 1, 0, 0, 0
0, 2, 121, 276, 574, 49, 2, 0, 0, 0, 27, 156, 386, 435, 19, 1, 22, 206, 465, 322, 9, 0, 0, 0
0, 1, 71, 241, 557, 154, 0, 0, 0, 0, 1, 129, 210, 633, 51, 0, 5, 174, 484, 359, 2, 0, 0, 0
0, 0, 7, 49, 837, 118, 13, 0, 0, 0, 0, 11, 95, 876, 37, 5, 1, 47, 618, 351, 7, 0, 0, 0
0, 0, 11, 144, 782, 87, 0, 0, 0, 0, 3, 69, 280, 657, 15, 0, 0, 22, 441, 547, 14, 0, 0, 0
0, 0, 24, 143, 674, 167, 11, 5, 0, 0, 1, 41, 459, 491, 22, 10, 5, 54, 481, 441, 35, 7, 1, 0
0, 0, 1, 213, 666, 63, 39, 42, 0, 0, 1, 56, 629, 249, 40, 49, 0, 40, 498, 379, 43, 35, 29, 0
0, 0, 18, 415, 499, 85, 7, 0, 0, 2, 24, 290, 633, 68, 7, 0, 0, 78, 636, 271, 32, 7, 0, 0
0, 0, 28, 596, 350, 41, 9, 0, 0, 0, 28, 636, 328, 29, 3, 0, 13, 339, 542, 121, 8, 1, 0, 0
0, 0, 89, 844, 89, 2, 0, 0, 0, 0, 22, 646, 332, 24, 0, 0, 2, 388, 583, 51, 0, 0, 0, 0
0, 0, 103, 570, 72, 12, 11, 0, 0, 0, 116, 592, 42, 14, 4, 0, 3, 316, 404, 21, 11, 11, 2, 0
10, 589, 248, 156, 20, 1, 0, 0, 0, 41, 650, 257, 68, 8, 0, 0, 468, 292, 159, 94, 11, 0, 0, 0
3, 91, 590, 296, 41, 3, 0, 0, 0, 13, 389, 487, 129, 5, 1, 0, 23, 315, 470, 194, 21, 1, 0, 0
5, 263, 510, 198, 46, 2, 0, 0, 2, 128, 310, 457, 84, 42, 1, 0, 129, 595, 246, 49, 5, 0, 0, 0
12, 165, 626, 169, 39, 12, 1, 0, 0, 17, 248, 552, 165, 33, 8, 1, 172, 512, 227, 81, 18, 11, 3, 0
4, 129, 729, 151, 9, 2, 0, 0, 0, 21, 319, 626, 51, 5, 2, 0, 335, 477, 180, 24, 7, 1, 0, 0
10, 141, 473, 248, 119, 22, 8, 3, 1, 73, 181, 484, 210, 60, 12, 3, 276, 313, 224, 118, 68, 15, 7, 3
2, 87, 626, 208, 63, 35, 3, 0, 0, 6, 146, 588, 229, 39, 16, 0, 201, 455, 228, 81, 42, 16, 1, 0
4, 110, 608, 271, 30, 1, 0, 0, 1, 17, 235, 641, 119, 11, 0, 0, 133, 516, 263, 94, 18, 0, 0, 0
8, 190, 537, 257, 30, 2, 0, 0, 2, 67, 413, 449, 91, 2, 0, 0, 105, 448, 310, 126, 33, 2, 0, 0
5, 152, 603, 177, 73, 11, 3, 0, 0, 33, 352, 492, 118, 21, 8, 0, 161, 469, 235, 86, 56, 14, 3, 0
1, 262, 630, 125, 6, 0, 0, 0, 0, 68, 556, 375, 25, 0, 0, 0, 153, 668, 176, 27, 0, 0, 0, 0
0, 243, 686, 95, 0, 0, 0, 0, 0, 63, 709, 252, 0, 0, 0, 0, 146, 674, 204, 0, 0, 0, 0, 0
9, 132, 420, 456, 7, 0, 0, 0, 0, 51, 422, 536, 15, 0, 0, 0, 94, 337, 541, 51, 1, 0, 0, 0
0, 108, 486, 379, 48, 3, 0, 0, 0, 25, 296, 622, 77, 4, 0, 0, 76, 509, 329, 92, 16, 2, 0, 0
0, 56, 711, 249, 8, 0, 0, 0, 0, 0, 191, 791, 42, 0, 0, 0, 59, 620, 330, 15, 0, 0, 0, 0
0, 26, 363, 507, 124, 4, 0, 0, 0, 0, 79, 486, 398, 59, 2, 0, 22, 273, 582, 127, 20, 0, 0, 0
0, 0, 69, 221, 641, 88, 5, 0, 0, 0, 1, 89, 402, 522, 10, 0, 0, 93, 509, 409, 12, 1, 0, 0
0, 0, 18, 137, 688, 180, 1, 0, 0, 0, 0, 54, 209, 717, 44, 0, 0, 93, 599, 327, 5, 0, 0, 0
0, 0, 9, 105, 668, 229, 13, 0, 0, 0, 0, 9, 78, 831, 103, 3, 0, 81, 596, 341, 6, 0, 0, 0
0, 0, 0, 20, 827, 177, 0, 0, 0, 0, 0, 0, 28, 891, 105, 0, 0, 15, 662, 341, 6, 0, 0, 0
0, 0, 0, 11, 880, 133, 0, 0, 0, 0, 0, 0, 124, 892, 8, 0, 0, 0, 371, 648, 5, 0, 0, 0
0, 0, 1, 37, 650, 254, 61, 21, 0, 0, 0, 12, 243, 657, 92, 20, 0, 16, 545, 363, 78, 18, 4, 0
0, 0, 0, 318, 645, 48, 5, 8, 0, 0, 0, 11, 688, 301, 15, 9, 0, 130, 681, 167, 32, 12, 2, 0
0, 0, 3, 223, 593, 193, 12, 0, 0, 0, 6, 229, 669, 115, 5, 0, 1, 35, 482, 439, 63, 4, 0, 0
0, 0, 13, 407, 555, 49, 0, 0, 0, 0, 12, 453, 534, 25, 0, 0, 3, 65, 668, 276, 12, 0, 0, 0
0, 0, 66, 685, 264, 9, 0, 0, 0, 0, 57, 581, 369, 17, 0, 0, 9, 334, 594, 84, 3, 0, 0, 0
0, 1, 140, 359, 242, 26, 0, 0, 0, 2, 141, 464, 149, 12, 0, 0, 21, 312, 368, 55, 12, 0, 0, 0
0, 25, 419, 355, 147, 74, 3, 1, 0, 0, 166, 556, 188, 94, 17, 3, 59, 340, 345, 161, 84, 21, 12, 2
0, 6, 66, 379, 465, 97, 10, 1, 0, 1, 38, 265, 521, 179, 18, 2, 6, 41, 299, 499, 158, 18, 3, 0
0, 63, 402, 415, 135, 9, 0, 0, 0, 37, 108, 535, 311, 30, 3, 0, 101, 248, 397, 257, 18, 3, 0, 0
0, 152, 554, 277, 33, 6, 2, 0, 0, 12, 211, 675, 108, 13, 5, 0, 84, 528, 349, 42, 8, 7, 6, 0
1, 59, 428, 341, 134, 39, 16, 6, 0, 20, 188, 542, 175, 63, 22, 14, 104, 341, 289, 165, 87, 19, 16, 3
0, 35, 586, 278, 95, 18, 7, 5, 0, 7, 104, 625, 233, 35, 13, 7, 89, 495, 277, 109, 43, 6, 5, 0
0, 140, 501, 240, 109, 31, 3, 0, 0, 3, 212, 525, 195, 74, 14, 1, 282, 360, 230, 102, 44, 5, 1, 0
10, 235, 381, 250, 111, 31, 4, 2, 1, 62, 323, 345, 221, 63, 6, 3, 195, 363, 248, 151, 59, 5, 3, 0
3, 113, 556, 309, 39, 4, 0, 0, 0, 6, 316, 492, 203, 7, 0, 0, 186, 488, 261, 85, 4, 0, 0, 0
0, 113, 733, 170, 6, 1, 1, 0, 0, 14, 325, 630, 53, 1, 1, 0, 128, 706, 176, 9, 4, 0, 1, 0
2, 141, 670, 190, 17, 4, 0, 0, 1, 6, 367, 586, 57, 5, 2, 0, 212, 594, 179, 31, 8, 0, 0, 0
2, 375, 459, 181, 7, 0, 0, 0, 0, 149, 461, 390, 24, 0, 0, 0, 161, 542, 247, 66, 8, 0, 0, 0
4, 610, 334, 65, 7, 4, 0, 0, 0, 338, 585, 84, 10, 7, 0, 0, 152, 742, 111, 11, 8, 0, 0, 0
4, 173, 469, 306, 69, 3, 0, 0, 0, 51, 292, 471, 172, 37, 1, 0, 80, 473, 319, 127, 21, 4, 0, 0
0, 69, 610, 328, 17, 0, 0, 0, 0, 0, 259, 597, 165, 3, 0, 0, 69, 637, 289, 27, 2, 0, 0, 0
0, 0, 10, 468, 545, 1, 0, 0, 0, 0, 0, 15, 725, 283, 1, 0, 0, 55, 917, 52, 0, 0, 0, 0
0, 0, 0, 158, 816, 45, 5, 0, 0, 0, 0, 0, 455, 562, 7, 0, 0, 8, 840, 170, 5, 1, 0, 0
0, 0, 0, 0, 923, 89, 10, 2, 0, 0, 0, 0, 2, 916, 99, 7, 0, 2, 749, 247, 16, 10, 0, 0
0, 0, 0, 9, 944, 67, 3, 1, 0, 0, 0, 0, 13, 967, 43, 1, 0, 9, 949, 65, 1, 0, 0, 0
0, 0, 0, 18, 672, 272, 62, 0, 0, 0, 0, 0, 22, 746, 236, 20, 0, 37, 461, 458, 56, 12, 0, 0
0, 0, 0, 4, 712, 308, 0, 0, 0, 0, 0, 0, 15, 982, 27, 0, 0, 1, 268, 755, 0, 0, 0, 0
0, 0, 2, 99, 643, 234, 46, 0, 0, 0, 0, 18, 180, 722, 103, 1, 2, 59, 665, 263, 33, 2, 0, 0
0, 0, 0, 329, 692, 3, 0, 0, 0, 0, 0, 0, 517, 507, 0, 0, 0, 38, 811, 175, 0, 0, 0, 0
0, 0, 0, 278, 587, 153, 6, 0, 0, 0, 0, 48, 821, 153, 2, 0, 0, 15, 575, 398, 35, 1, 0, 0
0, 0, 18, 495, 452, 35, 19, 5, 0, 0, 2, 263, 678, 67, 13, 1, 0, 136, 697, 160, 25, 6, 0, 0
0, 3, 199, 596, 210, 16, 0, 0, 0, 0, 67, 541, 387, 28, 1, 0, 32, 416, 479, 94, 3, 0, 0, 0
0, 0, 34, 488, 242, 3, 1, 0, 0, 0, 21, 400, 337, 9, 1, 0, 0, 152, 538, 75, 3, 0, 0, 0
0, 0, 48, 380, 472, 117, 7, 0, 0, 0, 13, 265, 523, 206, 16, 1, 0, 12, 253, 544, 196, 19, 0, 0
0, 0, 78, 367, 391, 152, 34, 2, 0, 0, 18, 215, 384, 301, 89, 17, 0, 29, 311, 404, 197, 69, 12, 2
0, 3, 104, 570, 287, 59, 1, 0, 0, 0, 47, 293, 538, 134, 12, 0, 1, 52, 487, 351, 118, 15, 0, 0
0, 27, 265, 562, 134, 32, 4, 0, 0, 7, 111, 535, 300, 54, 16, 1, 8, 223, 555, 168, 50, 19, 1, 0
0, 4, 105, 482, 302, 105, 23, 3, 0, 1, 20, 253, 395, 256, 89, 10, 14, 171, 423, 249, 99, 48, 19, 1
0, 16, 305, 443, 180, 57, 21, 2, 0, 4, 94, 496, 300, 94, 27, 9, 45, 245, 366, 230, 84, 45, 7, 2
2, 49, 447, 236, 168, 86, 35, 1, 0, 6, 162, 405, 225, 153, 60, 13, 149, 377, 191, 160, 86, 48, 13, 0
4, 135, 568, 216, 73, 23, 5, 0, 0, 29, 206, 585, 146, 45, 12, 1, 378, 340, 176, 88, 33, 8, 1, 0
3, 130, 521, 281, 57, 20, 9, 3, 1, 37, 248, 526, 166, 31, 7, 8, 217, 517, 186, 50, 32, 13, 7, 2
4, 114, 585, 307, 13, 1, 0, 0, 0, 33, 213, 621, 152, 5, 0, 0, 265, 569, 168, 17, 5, 0, 0, 0
16, 131, 428, 365, 61, 12, 7, 4, 1, 59, 225, 547, 147, 31, 8, 6, 93, 404, 377, 102, 31, 5, 7, 5
22, 447, 365, 152, 22, 7, 7, 2, 1, 168, 502, 265, 67, 11, 6, 4, 185, 519, 259, 38, 12, 5, 6, 0
3, 512, 352, 132, 25, 0, 0, 0, 0, 217, 538, 172, 87, 10, 0, 0, 262, 598, 145, 19, 0, 0, 0, 0
0, 370, 489, 126, 39, 0, 0, 0, 0, 93, 596, 249, 71, 15, 0, 0, 136, 701, 174, 13, 0, 0, 0, 0
0, 241, 473, 308, 2, 0, 0, 0, 0, 16, 480, 447, 81, 0, 0, 0, 61, 507, 451, 5, 0, 0, 0, 0
0, 0, 5, 551, 458, 10, 0, 0, 0, 0, 0, 6, 688, 330, 0, 0, 0, 24, 899, 101, 0, 0, 0, 0
0, 0, 0, 200, 722, 94, 8, 0, 0, 0, 0, 1, 431, 571, 18, 3, 0, 6, 693, 297, 25, 3, 0, 0
0, 0, 0, 7, 934, 82, 1, 0, 0, 0, 0, 0, 0, 980, 43, 1, 0, 0, 910, 111, 3, 0, 0, 0
0, 0, 0, 4, 881, 127, 12, 0, 0, 0, 0, 0, 0, 813, 208, 3, 0, 2, 841, 173, 8, 0, 0, 0
0, 0, 1, 19, 816, 188, 0, 0, 0, 0, 0, 3, 14, 734, 273, 0, 0, 7, 404, 613, 0, 0, 0, 0
0, 0, 1, 23, 748, 251, 1, 0, 0, 0, 0, 1, 27, 951, 45, 0, 1, 9, 601, 413, 0, 0, 0, 0
0, 0, 0, 13, 832, 175, 4, 0, 0, 0, 0, 0, 46, 927, 51, 0, 0, 9, 692, 317, 6, 0, 0, 0
0, 0, 0, 114, 838, 71, 1, 0, 0, 0, 0, 0, 187, 819, 18, 0, 0, 11, 908, 104, 1, 0, 0, 0
0, 0, 0, 187, 711, 118, 8, 0, 0, 0, 0, 23, 722, 267, 12, 0, 0, 25, 744, 229, 25, 1, 0, 0
0, 1, 19, 539, 451, 14, 0, 0, 0, 1, 3, 98, 858, 63, 1, 0, 4, 149, 773, 97, 1, 0, 0, 0
0, 0, 99, 858, 67, 0, 0, 0, 0, 0, 14, 379, 626, 5, 0, 0, 32, 616, 369, 7, 0, 0, 0, 0
0, 0, 66, 569, 88, 33, 9, 3, 0, 0, 3, 417, 296, 44, 8, 0, 1, 423, 289, 35, 19, 1, 0, 0
0, 0, 23, 333, 487, 163, 16, 2, 0, 0, 11, 288, 489, 206, 28, 2, 0, 5, 217, 534, 236, 30, 2, 0
0, 3, 62, 317, 450, 183, 9, 0, 0, 1, 31, 224, 463, 270, 35, 0, 0, 29, 216, 466, 281, 32, 0, 0
1, 92, 308, 337, 202, 77, 7, 0, 1, 57, 282, 325, 215, 118, 26, 0, 29, 271, 361, 253, 97, 13, 0, 0
0, 12, 221, 438, 228, 94, 29, 2, 0, 6, 164, 429, 262, 111, 45, 7, 3, 164, 435, 270, 111, 36, 5, 0
0, 0, 66, 256, 355, 268, 74, 5, 0, 0, 10, 147, 286, 401, 162, 18, 1, 86, 262, 289, 256, 111, 16, 3
0, 12, 235, 441, 256, 64, 13, 3, 0, 4, 187, 381, 322, 106, 19, 5, 5, 171, 423, 284, 103, 30, 8, 0
1, 56, 413, 396, 133, 20, 5, 0, 1, 27, 188, 280, 363, 147, 18, 0, 56, 506, 294, 117, 45, 6, 0, 0
2, 108, 486, 341, 60, 24, 2, 1, 0, 46, 178, 531, 227, 36, 5, 1, 209, 500, 223, 57, 23, 10, 2, 0
20, 273, 503, 171, 30, 25, 2, 0, 10, 162, 470, 282, 63, 33, 4, 0, 136, 601, 218, 28, 29, 12, 0, 0
6, 135, 387, 349, 118, 20, 3, 6, 3, 67, 318, 401, 197, 26, 6, 6, 127, 379, 315, 155, 35, 6, 1, 6
10, 125, 437, 296, 126, 27, 3, 0, 0, 95, 353, 380, 150, 42, 3, 1, 84, 375, 348, 152, 48, 14, 2, 1
1, 187, 652, 172, 12, 0, 0, 0, 0, 102, 640, 262, 20, 0, 0, 0, 77, 625, 298, 24, 0, 0, 0, 0
2, 94, 391, 298, 206, 33, 0, 0, 0, 37, 258, 322, 237, 151, 19, 0, 99, 372, 312, 208, 32, 1, 0, 0
0, 301, 290, 316, 113, 4, 0, 0, 0, 22, 465, 178, 239, 115, 5, 0, 48, 541, 338, 87, 10, 0, 0, 0
0, 195, 464, 365, 0, 0, 0, 0, 0, 57, 490, 260, 217, 0, 0, 0, 39, 565, 419, 1, 0, 0, 0, 0
0, 0, 0, 621, 403, 0, 0, 0, 0, 0, 0, 0, 876, 148, 0, 0, 0, 47, 909, 68, 0, 0, 0, 0
0, 0, 0, 139, 883, 2, 0, 0, 0, 0, 0, 18, 770, 236, 0, 0, 0, 7, 874, 143, 0, 0, 0, 0
0, 0, 0, 78, 937, 9, 0, 0, 0, 0, 0, 0, 85, 906, 33, 0, 0, 0, 995, 29, 0, 0, 0, 0
0, 0, 0, 0, 697, 307, 19, 1, 0, 0, 0, 0, 0, 631, 374, 19, 0, 1, 646, 358, 18, 1, 0, 0
0, 0, 0, 0, 383, 598, 40, 3, 0, 0, 0, 0, 2, 513, 497, 12, 0, 0, 122, 844, 56, 2, 0, 0
0, 0, 0, 2, 385, 618, 13, 6, 0, 0, 0, 0, 16, 803, 199, 6, 0, 0, 306, 687, 26, 5, 0, 0
0, 0, 0, 1, 442, 498, 42, 41, 0, 0, 0, 0, 2, 715, 256, 51, 0, 0, 383, 524, 67, 22, 28, 0
0, 0, 0, 16, 980, 28, 0, 0, 0, 0, 0, 0, 90, 924, 10, 0, 0, 4, 963, 55, 2, 0, 0, 0
0, 0, 0, 199, 798, 27, 0, 0, 0, 0, 0, 0, 584, 439, 1, 0, 0, 129, 856, 39, 0, 0, 0, 0
0, 0, 27, 573, 316, 80, 22, 6, 0, 0, 0, 164, 740, 96, 18, 6, 6, 404, 511, 73, 24, 4, 2, 0
0, 0, 71, 798, 140, 12, 2, 1, 0, 0, 0, 100, 897, 25, 2, 0, 0, 790, 225, 6, 3, 0, 0, 0
0, 0, 58, 625, 78, 6, 1, 0, 0, 0, 1, 176, 554, 34, 3, 0, 32, 566, 150, 20, 0, 0, 0, 0
1, 59, 33, 106, 390, 372, 62, 1, 0, 17, 53, 85, 354, 398, 115, 2, 45, 40, 81, 310, 443, 103, 2, 0
0, 0, 3, 129, 461, 379, 52, 0, 0, 0, 2, 76, 351, 477, 118, 0, 0, 2, 102, 397, 435, 88, 0, 0
0, 18, 255, 423, 248, 72, 8, 0, 0, 7, 200, 393, 295, 110, 18, 1, 6, 186, 424, 307, 85, 15, 1, 0
0, 7, 182, 436, 199, 152, 47, 1, 0, 2, 114, 432, 248, 157, 69, 2, 3, 95, 443, 269, 160, 53, 1, 0
0, 3, 86, 246, 347, 266, 68, 8, 0, 0, 39, 217, 343, 322, 92, 11, 2, 54, 245, 355, 286, 74, 8, 0
0, 25, 185, 329, 289, 148, 44, 4, 0, 14, 138, 311, 318, 167, 71, 5, 16, 158, 306, 321, 156, 62, 5, 0
0, 109, 616, 273, 19, 5, 2, 0, 0, 74, 559, 354, 29, 5, 3, 0, 46, 419, 501, 47, 8, 3, 0, 0
1, 180, 684, 115, 36, 7, 1, 0, 0, 115, 686, 178, 33, 11, 1, 0, 77, 608, 284, 30, 23, 2, 0, 0
36, 271, 520, 147, 50, 0, 0, 0, 21, 183, 530, 207, 75, 8, 0, 0, 112, 533, 288, 81, 10, 0, 0, 0
2, 68, 444, 365, 109, 32, 2, 2, 2, 56, 396, 385, 144, 37, 2, 2, 61, 388, 401, 129, 38, 4, 2, 1
0, 20, 313, 388, 227, 71, 5, 0, 0, 21, 301, 353, 251, 92, 6, 0, 5, 249, 420, 251, 93, 6, 0, 0
0, 51, 284, 406, 242, 40, 1, 0, 0, 31, 245, 399, 285, 63, 1, 0, 29, 226, 399, 311, 57, 2, 0, 0
0, 63, 312, 310, 319, 20, 0, 0, 0, 6, 242, 241, 191, 263, 81, 0, 46, 319, 368, 277, 14, 0, 0, 0
0, 104, 327, 284, 245, 60, 4, 0, 0, 12, 318, 262, 263, 148, 21, 0, 46, 347, 304, 248, 73, 6, 0, 0
0, 247, 404, 299, 72, 2, 0, 0, 0, 182, 488, 206, 148, 0, 0, 0, 40, 542, 375, 63, 4, 0, 0, 0
0, 0, 0, 675, 345, 4, 0, 0, 0, 0, 0, 3, 825, 191, 5, 0, 0, 96, 858, 70, 0, 0, 0, 0
0, 0, 2, 244, 753, 25, 0, 0, 0, 0, 0, 18, 749, 243, 14, 0, 0, 24, 888, 99, 13, 0, 0, 0
0, 0, 6, 639, 379, 0, 0, 0, 0, 0, 2, 11, 87, 921, 3, 0, 0, 24, 861, 139, 0, 0, 0, 0
0, 0, 0, 74, 719, 209, 20, 2, 0, 0, 0, 0, 0, 654, 350, 20, 0, 0, 774, 210, 38, 2, 0, 0
0, 0, 0, 2, 459, 490, 54, 19, 0, 0, 0, 0, 5, 418, 557, 44, 0, 0, 119, 805, 63, 20, 17, 0
0, 0, 0, 4, 362, 608, 49, 1, 0, 0, 0, 0, 9, 660, 352, 3, 0, 0, 168, 779, 75, 2, 0, 0
0, 0, 0, 3, 560, 437, 24, 0, 0, 0, 0, 0, 3, 844, 172, 5, 0, 37, 648, 326, 13, 0, 0, 0
0, 0, 0, 68, 814, 116, 24, 2, 0, 0, 0, 0, 65, 877, 66, 16, 0, 32, 783, 180, 18, 11, 0, 0
0, 0, 0, 171, 822, 29, 2, 0, 0, 0, 0, 13, 355, 647, 7, 2, 0, 93, 906, 25, 0, 0, 0, 0
0, 0, 0, 497, 420, 81, 23, 3, 0, 0, 0, 27, 710, 239, 44, 4, 6, 506, 435, 56, 17, 3, 1, 0
0, 0, 14, 643, 288, 43, 24, 12, 0, 0, 2, 82, 817, 93, 23, 7, 14, 652, 288, 33, 21, 16, 0, 0
0, 0, 0, 694, 74, 0, 0, 0, 0, 0, 0, 0, 736, 32, 0, 0, 0, 592, 176, 0, 0, 0, 0, 0
58, 552, 75, 71, 156, 88, 24, 0, 0, 390, 249, 70, 127, 138, 49, 1, 587, 96, 63, 144, 94, 39, 1, 0
0, 20, 55, 179, 384, 317, 68, 1, 0, 16, 41, 127, 333, 365, 137, 5, 17, 36, 140, 372, 340, 114, 5, 0
0, 7, 39, 142, 241, 355, 225, 15, 0, 4, 28, 104, 197, 355, 298, 38, 2, 23, 122, 226, 360, 269, 22, 0
0, 0, 1, 82, 397, 396, 144, 4, 0, 0, 0, 52, 328, 439, 194, 11, 0, 1, 84, 391, 404, 139, 5, 0
0, 1, 25, 220, 398, 315, 63, 2, 0, 1, 15, 179, 372, 367, 87, 3, 1, 19, 206, 401, 326, 69, 2, 0
0, 8, 226, 582, 188, 19, 1, 0, 0, 2, 153, 573, 259, 34, 3, 0, 3, 179, 574, 239, 27, 2, 0, 0
1, 42, 555, 395, 31, 0, 0, 0, 1, 21, 467, 484, 51, 0, 0, 0, 15, 444, 501, 61, 3, 0, 0, 0
0, 26, 408, 492, 93, 5, 0, 0, 0, 13, 298, 556, 144, 13, 0, 0, 18, 330, 543, 123, 10, 0, 0, 0
9, 104, 207, 376, 282, 43, 3, 0, 9, 76, 158, 306, 347, 122, 6, 0, 92, 218, 364, 279, 68, 3, 0, 0
0, 7, 237, 445, 255, 70, 10, 0, 0, 3, 161, 455, 296, 93, 16, 0, 6, 185, 451, 283, 85, 14, 0, 0
1, 5, 32, 259, 510, 208, 9, 0, 0, 2, 20, 167, 503, 306, 26, 0, 3, 27, 214, 500, 259, 21, 0, 0
0, 7, 129, 508, 315, 61, 4, 0, 0, 6, 81, 397, 437, 94, 9, 0, 6, 94, 456, 384, 80, 4, 0, 0
0, 5, 192, 450, 302, 67, 8, 0, 0, 2, 85, 389, 407, 126, 15, 0, 4, 148, 453, 337, 72, 10, 0, 0
0, 16, 279, 446, 194, 72, 17, 0, 0, 3, 168, 426, 298, 89, 40, 0, 18, 228, 424, 242, 85, 27, 0, 0
1, 135, 456, 306, 122, 4, 0, 0, 1, 114, 468, 343, 92, 5, 1, 0, 31, 481, 385, 124, 3, 0, 0, 0
0, 0, 0, 541, 483, 0, 0, 0, 0, 0, 0, 2, 708, 313, 1, 0, 0, 60, 864, 100, 0, 0, 0, 0
0, 0, 9, 279, 704, 32, 0, 0, 0, 0, 0, 24, 679, 312, 9, 0, 1, 67, 720, 233, 3, 0, 0, 0
0, 0, 5, 695, 306, 18, 0, 0, 0, 0, 2, 180, 347, 495, 0, 0, 0, 0, 537, 398, 80, 9, 0, 0
0, 0, 0, 264, 745, 15, 0, 0, 0, 0, 0, 0, 20, 922, 80, 2, 0, 7, 942, 72, 3, 0, 0, 0
0, 0, 0, 2, 544, 478, 0, 0, 0, 0, 0, 0, 2, 387, 635, 0, 0, 0, 140, 869, 15, 0, 0, 0
0, 0, 0, 0, 446, 561, 15, 2, 0, 0, 0, 0, 1, 513, 506, 4, 0, 1, 266, 740, 15, 2, 0, 0
0, 0, 0, 12, 513, 457, 40, 2, 0, 0, 0, 6, 76, 741, 199, 2, 0, 64, 599, 314, 44, 3, 0, 0
0, 0, 0, 0, 824, 172, 27, 1, 0, 0, 0, 0, 4, 934, 69, 17, 0, 11, 913, 84, 16, 0, 0, 0
0, 0, 0, 225, 734, 65, 0, 0, 0, 0, 0, 0, 393, 625, 6, 0, 0, 140, 854, 30, 0, 0, 0, 0
0, 0, 2, 687, 289, 43, 3, 0, 0, 0, 0, 6, 795, 212, 11, 0, 2, 589, 403, 28, 2, 0, 0, 0
0, 0, 29, 656, 286, 46, 5, 2, 0, 0, 6, 146, 786, 80, 4, 2, 31, 701, 261, 26, 5, 0, 0, 0
0, 0, 12, 419, 311, 20, 6, 0, 0, 0, 0, 73, 629, 56, 10, 0, 8, 454, 287, 11, 8, 0, 0, 0
4, 315, 249, 304, 101, 45, 6, 0, 4, 181, 201, 261, 288, 76, 12, 1, 337, 315, 191, 113, 54, 12, 2, 0
2, 57, 107, 370, 378, 101, 9, 0, 4, 56, 69, 330, 402, 132, 28, 3, 31, 63, 343, 384, 164, 38, 1, 0
5, 82, 69, 257, 293, 198, 111, 9, 10, 73, 45, 182, 319, 231, 137, 27, 52, 66, 195, 314, 237, 133, 27, 0
1, 13, 26, 80, 291, 444, 167, 2, 0, 12, 22, 43, 245, 448, 238, 16, 10, 24, 78, 269, 432, 188, 23, 0
0, 0, 3, 179, 391, 353, 92, 6, 0, 0, 0, 105, 361, 391, 153, 14, 0, 4, 193, 410, 344, 69, 4, 0
0, 30, 342, 522, 115, 15, 0, 0, 0, 13, 229, 563, 199, 19, 1, 0, 30, 302, 539, 137, 15, 1, 0, 0
2, 59, 480, 389, 77, 16, 1, 0, 1, 32, 396, 462, 106, 24, 3, 0, 42, 418, 447, 94, 20, 3, 0, 0
4, 50, 339, 335, 193, 84, 19, 0, 2, 28, 312, 332, 222, 93, 35, 0, 39, 282, 364, 227, 90, 22, 0, 0
5, 40, 179, 369, 329, 94, 8, 0, 1, 21, 135, 314, 395, 144, 14, 0, 27, 139, 347, 373, 127, 11, 0, 0
0, 2, 36, 273, 425, 265, 22, 1, 0, 0, 19, 189, 408, 345, 62, 1, 0, 26, 216, 422, 314, 45, 1, 0
0, 0, 16, 156, 544, 287, 21, 0, 0, 0, 7, 105, 472, 386, 53, 1, 0, 12, 141, 513, 322, 35, 1, 0
0, 3, 81, 356, 416, 147, 18, 3, 0, 1, 52, 300, 427, 213, 28, 3, 2, 75, 348, 421, 156, 19, 3, 0
0, 11, 93, 275, 431, 203, 10, 1, 0, 6, 55, 206, 364, 329, 63, 1, 2, 58, 265, 443, 233, 21, 2, 0
2, 173, 327, 322, 138, 49, 12, 1, 0, 111, 295, 331, 200, 70, 15, 2, 6, 189, 410, 268, 113, 31, 6, 1
0, 77, 509, 372, 64, 2, 0, 0, 0, 54, 474, 382, 96, 17, 1, 0, 6, 173, 531, 273, 39, 2, 0, 0
0, 56, 100, 577, 286, 5, 0, 0, 0, 4, 84, 104, 564, 266, 2, 0, 0, 121, 706, 165, 29, 3, 0, 0
0, 12, 59, 379, 536, 38, 0, 0, 0, 1, 44, 118, 580, 271, 10, 0, 1, 52, 403, 417, 124, 27, 0, 0
0, 0, 18, 289, 595, 121, 1, 0, 0, 0, 19, 257, 562, 184, 2, 0, 0, 0, 74, 482, 380, 88, 0, 0
0, 0, 3, 554, 455, 11, 1, 0, 0, 0, 0, 0, 117, 854, 52, 1, 0, 63, 718, 242, 1, 0, 0, 0
0, 0, 0, 0, 385, 604, 28, 7, 0, 0, 0, 0, 2, 295, 702, 25, 0, 0, 112, 859, 43, 10, 0, 0
0, 0, 0, 0, 141, 858, 24, 1, 0, 0, 0, 0, 2, 323, 686, 13, 0, 0, 48, 945, 29, 2, 0, 0
0, 0, 0, 1, 318, 653, 49, 3, 0, 0, 0, 2, 40, 687, 289, 6, 3, 38, 476, 502, 5, 0, 0, 0
0, 0, 0, 11, 718, 270, 23, 2, 0, 0, 0, 2, 78, 880, 63, 1, 0, 56, 753, 202, 13, 0, 0, 0
0, 0, 0, 140, 769, 73, 39, 3, 0, 0, 0, 1, 360, 619, 38, 6, 0, 116, 822, 42, 36, 8, 0, 0
0, 0, 0, 353, 654, 17, 0, 0, 0, 0, 0, 0, 765, 259, 0, 0, 0, 238, 773, 13, 0, 0, 0, 0
0, 0, 3, 539, 441, 39, 2, 0, 0, 0, 2, 51, 780, 188, 3, 0, 8, 593, 385, 36, 2, 0, 0, 0
0, 0, 0, 281, 398, 69, 18, 2, 0, 0, 0, 28, 575, 143, 14, 8, 5, 294, 386, 55, 13, 14, 1, 0
0, 562, 432, 11, 11, 8, 0, 0, 0, 95, 749, 153, 11, 9, 7, 0, 896, 102, 7, 7, 10, 2, 0, 0
0, 73, 92, 207, 440, 182, 30, 0, 0, 1, 110, 139, 422, 275, 74, 3, 115, 47, 137, 419, 252, 49, 5, 0
0, 0, 18, 246, 487, 241, 31, 1, 0, 0, 5, 155, 447, 340, 74, 3, 0, 12, 194, 432, 322, 62, 2, 0
3, 41, 228, 290, 295, 130, 35, 2, 0, 5, 35, 405, 345, 180, 50, 4, 120, 133, 224, 319, 180, 45, 3, 0
2, 56, 261, 148, 287, 190, 74, 6, 0, 9, 66, 286, 266, 243, 124, 30, 174, 169, 137, 270, 186, 83, 5, 0
0, 46, 272, 353, 284, 67, 2, 0, 0, 19, 212, 364, 294, 123, 12, 0, 40, 258, 368, 291, 63, 4, 0, 0
3, 224, 537, 194, 47, 19, 0, 0, 0, 75, 523, 327, 71, 22, 6, 0, 118, 565, 248, 64, 26, 3, 0, 0
20, 58, 153, 326, 318, 124, 22, 3, 5, 41, 101, 285, 373, 171, 42, 6, 46, 111, 298, 362, 164, 38, 4, 1
0, 34, 222, 426, 279, 53, 9, 1, 0, 18, 152, 436, 316, 83, 17, 2, 23, 156, 423, 321, 85, 15, 0, 1
0, 23, 233, 400, 264, 87, 17, 0, 0, 3, 138, 412, 319, 124, 28, 0, 5, 168, 419, 295, 115, 22, 0, 0
0, 10, 137, 294, 427, 147, 8, 1, 0, 5, 85, 259, 456, 197, 21, 1, 7, 110, 284, 441, 170, 11, 1, 0
19, 112, 247, 321, 226, 87, 12, 0, 1, 48, 153, 345, 270, 168, 38, 1, 93, 238, 341, 240, 89, 14, 8, 1
0, 1, 7, 101, 566, 323, 26, 0, 0, 0, 4, 19, 208, 632, 155, 6, 0, 7, 92, 560, 334, 29, 2, 0
15, 163, 217, 269, 250, 87, 22, 1, 2, 82, 210, 221, 263, 198, 41, 7, 9, 92, 226, 290, 253, 123, 25, 6
11, 173, 337, 335, 152, 15, 1, 0, 1, 85, 309, 380, 217, 26, 5, 1, 8, 104, 284, 385, 213, 17, 10, 3
2, 131, 265, 493, 122, 8, 3, 0, 0, 61, 208, 284, 396, 70, 5, 0, 3, 80, 499, 291, 110, 35, 4, 2
0, 26, 49, 626, 294, 28, 1, 0, 0, 2, 35, 197, 513, 246, 29, 2, 0, 50, 516, 370, 84, 4, 0, 0
0, 0, 1, 226, 690, 104, 3, 0, 0, 0, 2, 354, 628, 38, 2, 0, 0, 0, 6, 404, 560, 53, 1, 0
0, 0, 6, 468, 475, 60, 15, 0, 0, 0, 6, 88, 315, 601, 14, 0, 0, 6, 572, 326, 67, 38, 15, 0
0, 0, 0, 3, 492, 475, 52, 2, 0, 0, 0, 0, 0, 224, 773, 27, 0, 0, 83, 849, 89, 3, 0, 0
0, 0, 0, 0, 270, 665, 84, 5, 0, 0, 0, 0, 0, 368, 630, 26, 0, 0, 81, 857, 72, 14, 0, 0
0, 0, 0, 1, 312, 681, 27, 3, 0, 0, 0, 0, 12, 781, 215, 16, 0, 9, 373, 618, 21, 3, 0, 0
0, 0, 0, 28, 813, 165, 17, 1, 0, 0, 0, 0, 96, 892, 33, 3, 0, 46, 854, 109, 15, 0, 0, 0
0, 0, 0, 67, 858, 81, 17, 1, 0, 0, 0, 0, 169, 822, 27, 6, 0, 22, 894, 91, 16, 1, 0, 0
0, 0, 0, 63, 922, 39, 0, 0, 0, 0, 0, 0, 302, 715, 7, 0, 0, 24, 959, 40, 1, 0, 0, 0
0, 0, 0, 420, 591, 12, 1, 0, 0, 0, 0, 0, 662, 361, 1, 0, 0, 382, 634, 7, 1, 0, 0, 0
0, 0, 0, 177, 356, 200, 35, 0, 0, 0, 0, 5, 411, 317, 35, 0, 4, 403, 322, 38, 1, 0, 0, 0
0, 857, 134, 13, 6, 12, 1, 1, 0, 0, 857, 144, 7, 10, 5, 1, 780, 203, 19, 8, 8, 5, 0, 1
2, 433, 247, 130, 128, 66, 18, 0, 0, 3, 349, 377, 164, 104, 25, 2, 408, 262, 115, 128, 83, 22, 6, 0
8, 79, 174, 147, 249, 273, 91, 3, 0, 6, 74, 244, 207, 308, 169, 16, 173, 81, 120, 173, 294, 166, 17, 0
8, 221, 363, 159, 161, 84, 23, 5, 0, 2, 202, 357, 252, 148, 47, 16, 407, 205, 121, 113, 119, 38, 17, 4
21, 496, 363, 99, 25, 13, 7, 0, 0, 18, 487, 377, 107, 22, 12, 1, 603, 298, 79, 23, 14, 7, 0, 0
0, 145, 96, 193, 385, 163, 40, 2, 0, 1, 109, 259, 375, 224, 49, 7, 166, 80, 198, 388, 153, 38, 1, 0
13, 51, 243, 397, 246, 69, 5, 0, 4, 34, 115, 346, 337, 146, 34, 8, 40, 145, 383, 350, 92, 14, 0, 0
2, 16, 64, 206, 414, 275, 46, 1, 0, 11, 38, 145, 380, 352, 92, 6, 14, 47, 157, 399, 336, 67, 4, 0
0, 10, 69, 343, 449, 133, 18, 2, 0, 8, 42, 303, 470, 176, 23, 2, 4, 52, 304, 451, 188, 22, 3, 0
0, 14, 142, 439, 356, 70, 3, 0, 0, 5, 62, 329, 461, 153, 14, 0, 5, 85, 385, 421, 118, 10, 0, 0
1, 26, 163, 465, 278, 72, 19, 0, 0, 9, 104, 403, 361, 112, 32, 3, 10, 117, 406, 317, 111, 43, 16, 4
13, 115, 338, 263, 180, 99, 16, 0, 1, 45, 156, 356, 250, 159, 56, 1, 27, 159, 278, 202, 176, 124, 52, 6
0, 12, 87, 208, 566, 150, 1, 0, 0, 3, 35, 102, 217, 370, 297, 0, 0, 14, 219, 582, 172, 33, 4, 0
12, 151, 134, 169, 443, 112, 3, 0, 0, 20, 157, 127, 136, 436, 147, 1, 20, 114, 242, 427, 190, 29, 2, 0
5, 151, 227, 277, 299, 65, 0, 0, 0, 54, 231, 220, 287, 223, 9, 0, 0, 141, 332, 386, 156, 9, 0, 0
11, 221, 430, 277, 66, 19, 0, 0, 3, 53, 365, 315, 207, 73, 8, 0, 3, 55, 370, 422, 133, 28, 13, 0
2, 29, 67, 514, 351, 45, 15, 1, 0, 6, 52, 172, 463, 315, 15, 1, 0, 40, 343, 355, 201, 55, 25, 5
0, 0, 27, 351, 494, 142, 10, 0, 0, 2, 46, 482, 389, 100, 5, 0, 0, 0, 12, 281, 422, 249, 56, 4
0, 4, 50, 372, 435, 134, 25, 4, 0, 5, 52, 240, 405, 313, 7, 2, 0, 10, 244, 418, 231, 103, 15, 3
0, 0, 0, 4, 664, 348, 8, 0, 0, 0, 0, 0, 0, 321, 685, 18, 0, 0, 199, 801, 24, 0, 0, 0
0, 0, 0, 0, 141, 821, 62, 0, 0, 0, 0, 0, 0, 297, 714, 13, 0, 0, 74, 886, 64, 0, 0, 0
0, 0, 0, 0, 438, 582, 4, 0, 0, 0, 0, 0, 0, 492, 528, 4, 0, 0, 333, 678, 13, 0, 0, 0
0, 0, 0, 21, 778, 192, 21, 12, 0, 0, 0, 0, 82, 854, 70, 18, 0, 12, 740, 246, 20, 6, 0, 0
0, 0, 0, 6, 781, 209, 21, 7, 0, 0, 0, 6, 90, 852, 63, 13, 0, 50, 792, 156, 20, 6, 0, 0
0, 0, 0, 15, 922, 73, 14, 0, 0, 0, 0, 0, 162, 831, 30, 1, 0, 45, 864, 106, 9, 0, 0, 0
0, 0, 0, 69, 803, 107, 28, 17, 0, 0, 0, 4, 435, 531, 39, 15, 0, 199, 716, 69, 22, 14, 4, 0
0, 0, 0, 525, 243, 0, 0, 0, 0, 0, 0, 0, 547, 221, 0, 0, 4, 516, 248, 0, 0, 0, 0, 0
7, 750, 231, 27, 3, 3, 1, 2, 0, 67, 686, 236, 26, 3, 3, 3, 477, 485, 51, 5, 2, 2, 1, 1
2, 203, 558, 161, 35, 14, 40, 11, 0, 4, 259, 500, 176, 32, 37, 16, 65, 436, 367, 73, 25, 29, 21, 8
8, 291, 498, 128, 45, 35, 17, 2, 0, 2, 180, 611, 139, 52, 35, 5, 258, 312, 303, 77, 42, 25, 7, 0
18, 553, 385, 54, 14, 0, 0, 0, 0, 37, 509, 414, 54, 10, 0, 0, 570, 340, 77, 28, 9, 0, 0, 0
23, 161, 354, 208, 123, 93, 59, 3, 2, 51, 216, 358, 173, 121, 80, 23, 82, 238, 320, 190, 122, 63, 9, 0
40, 147, 216, 201, 200, 149, 64, 7, 4, 89, 183, 215, 227, 179, 109, 18, 63, 181, 262, 250, 164, 90, 14, 0
73, 221, 256, 207, 152, 89, 24, 2, 15, 126, 253, 257, 189, 125, 50, 9, 103, 271, 283, 203, 124, 36, 4, 0
8, 72, 203, 146, 190, 268, 125, 12, 2, 28, 124, 199, 186, 267, 186, 32, 23, 99, 207, 201, 265, 191, 36, 2
54, 192, 63, 162, 356, 159, 34, 4, 12, 188, 93, 129, 347, 207, 39, 9, 73, 206, 135, 345, 214, 40, 8, 3
118, 361, 207, 161, 98, 63, 14, 2, 24, 326, 258, 167, 127, 85, 34, 3, 204, 366, 213, 109, 93, 35, 3, 1
267, 512, 113, 75, 41, 15, 1, 0, 39, 609, 200, 85, 57, 27, 7, 0, 456, 382, 97, 56, 26, 7, 0, 0
54, 462, 395, 93, 6, 13, 1, 0, 9, 144, 417, 356, 81, 9, 8, 0, 271, 582, 140, 15, 4, 8, 4, 0
0, 0, 49, 202, 708, 65, 0, 0, 0, 0, 0, 27, 155, 584, 258, 0, 0, 7, 403, 614, 0, 0, 0, 0
0, 0, 19, 259, 616, 125, 5, 0, 0, 0, 0, 2, 116, 634, 268, 4, 0, 54, 350, 556, 62, 2, 0, 0
2, 35, 53, 226, 495, 207, 6, 0, 0, 13, 44, 59, 254, 549, 104, 1, 2, 39, 339, 523, 114, 7, 0, 0
0, 140, 314, 406, 162, 2, 0, 0, 0, 6, 225, 285, 324, 183, 1, 0, 1, 22, 355, 427, 189, 29, 1, 0
0, 25, 59, 521, 276, 78, 52, 13, 0, 4, 54, 139, 256, 494, 63, 14, 0, 12, 375, 205, 254, 119, 49, 10
0, 2, 45, 143, 376, 422, 36, 0, 0, 10, 50, 237, 408, 305, 14, 0, 0, 0, 21, 86, 312, 485, 120, 0
2, 73, 107, 313, 412, 117, 0, 0, 0, 60, 129, 281, 287, 255, 12, 0, 29, 75, 232, 375, 199, 114, 0, 0
0, 0, 0, 0, 623, 392, 9, 0, 0, 0, 0, 0, 0, 423, 596, 5, 0, 0, 304, 713, 7, 0, 0, 0
0, 0, 0, 0, 325, 670, 29, 0, 0, 0, 0, 0, 0, 403, 621, 0, 0, 0, 211, 737, 76, 0, 0, 0
0, 0, 0, 0, 548, 451, 23, 2, 0, 0, 0, 0, 3, 575, 445, 1, 0, 4, 511, 498, 11, 0, 0, 0
0, 0, 0, 49, 716, 218, 31, 10, 0, 0, 1, 9, 63, 823, 111, 17, 3, 35, 711, 242, 23, 10, 0, 0
0, 0, 0, 32, 680, 269, 40, 3, 0, 0, 0, 8, 138, 743, 123, 12, 1, 61, 711, 215, 31, 5, 0, 0
0, 0, 0, 72, 841, 106, 5, 0, 0, 0, 0, 0, 227, 779, 18, 0, 0, 281, 726, 17, 0, 0, 0, 0
0, 0, 0, 222, 791, 11, 0, 0, 0, 0, 0, 0, 619, 405, 0, 0, 2, 436, 579, 7, 0, 0, 0, 0
0, 0, 0, 210, 382, 69, 33, 74, 0, 0, 0, 1, 372, 276, 57, 62, 1, 277, 344, 121, 25, 0, 0, 0
22, 208, 338, 123, 63, 59, 75, 136, 4, 52, 217, 342, 117, 53, 85, 154, 84, 332, 207, 95, 60, 52, 66, 128
20, 171, 520, 220, 66, 17, 9, 1, 4, 56, 192, 530, 180, 47, 11, 4, 111, 340, 305, 161, 69, 28, 7, 3
47, 239, 356, 172, 82, 65, 50, 13, 6, 115, 263, 329, 127, 70, 77, 37, 131, 296, 295, 145, 63, 47, 30, 17
43, 285, 320, 170, 127, 48, 27, 4, 4, 132, 250, 306, 146, 109, 50, 27, 364, 400, 158, 69, 24, 6, 2, 1
25, 173, 362, 235, 102, 107, 20, 0, 5, 107, 224, 327, 158, 79, 100, 24, 92, 272, 442, 179, 36, 3, 0, 0
135, 381, 325, 152, 31, 0, 0, 0, 7, 238, 396, 266, 102, 15, 0, 0, 147, 378, 335, 144, 20, 0, 0, 0
295, 426, 216, 75, 12, 0, 0, 0, 61, 486, 270, 158, 44, 5, 0, 0, 322, 428, 202, 59, 13, 0, 0, 0
45, 239, 320, 191, 85, 77, 49, 18, 14, 124, 304, 266, 140, 88, 59, 29, 77, 280, 324, 146, 85, 73, 36, 3
227, 440, 257, 76, 17, 5, 2, 0, 19, 385, 342, 184, 70, 20, 4, 0, 283, 424, 248, 51, 13, 3, 2, 0
295, 531, 135, 45, 17, 1, 0, 0, 89, 445, 361, 98, 25, 6, 0, 0, 376, 486, 128, 25, 9, 0, 0, 0
369, 416, 128, 51, 25, 26, 7, 2, 116, 502, 235, 83, 36, 23, 19, 10, 458, 373, 102, 45, 26, 16, 4, 0
235, 660, 120, 7, 2, 0, 0, 0, 30, 507, 419, 60, 7, 1, 0, 0, 467, 495, 55, 7, 0, 0, 0, 0
4, 26, 101, 184, 678, 31, 0, 0, 0, 4, 20, 98, 174, 564, 164, 0, 10, 62, 355, 595, 2, 0, 0, 0
0, 1, 17, 273, 560, 168, 5, 0, 0, 0, 20, 26, 250, 570, 152, 6, 0, 32, 416, 504, 69, 3, 0, 0
0, 15, 41, 399, 540, 27, 2, 0, 0, 0, 21, 35, 179, 710, 75, 4, 0, 34, 566, 365, 57, 2, 0, 0
1, 96, 180, 540, 185, 18, 4, 0, 0, 4, 127, 131, 342, 390, 27, 3, 0, 145, 451, 310, 89, 22, 7, 0
0, 8, 57, 241, 551, 164, 3, 0, 0, 3, 62, 139, 302, 463, 51, 4, 0, 2, 176, 362, 284, 178, 22, 0
0, 3, 13, 113, 254, 538, 103, 0, 0, 5, 29, 141, 328, 496, 25, 0, 0, 0, 8, 85, 173, 321, 432, 5
11, 92, 170, 265, 326, 145, 15, 0, 1, 54, 182, 172, 240, 273, 101, 1, 32, 124, 346, 311, 65, 121, 25, 0
0, 0, 0, 7, 691, 321, 5, 0, 0, 0, 0, 0, 5, 421, 597, 1, 0, 5, 457, 561, 1, 0, 0, 0
0, 0, 0, 0, 151, 759, 100, 14, 0, 0, 0, 0, 2, 289, 692, 41, 0, 0, 85, 832, 91, 16, 0, 0
0, 0, 0, 0, 305, 654, 58, 7, 0, 0, 0, 0, 11, 445, 548, 20, 0, 0, 348, 645, 22, 9, 0, 0
0, 0, 0, 6, 669, 270, 58, 21, 0, 0, 0, 0, 81, 797, 127, 19, 0, 14, 713, 232, 54, 11, 0, 0
0, 0, 0, 14, 884, 116, 10, 0, 0, 0, 0, 0, 41, 950, 31, 2, 0, 15, 866, 138, 5, 0, 0, 0
0, 0, 0, 27, 968, 29, 0, 0, 0, 0, 0, 0, 76, 946, 2, 0, 0, 2, 976, 46, 0, 0, 0, 0
0, 0, 0, 118, 807, 62, 26, 11, 0, 0, 0, 1, 229, 720, 48, 26, 0, 187, 751, 56, 24, 6, 0, 0
0, 0, 2, 213, 376, 91, 31, 55, 0, 0, 0, 58, 489, 141, 30, 50, 2, 264, 332, 92, 30, 43, 5, 0
2, 39, 255, 238, 129, 123, 128, 110, 0, 25, 79, 315, 203, 117, 156, 129, 4, 99, 252, 209, 139, 105, 98, 118
41, 217, 417, 208, 91, 43, 7, 0, 6, 144, 206, 378, 191, 75, 21, 3, 72, 388, 279, 170, 84, 26, 5, 0
32, 241, 381, 238, 108, 21, 2, 1, 2, 79, 334, 358, 167, 68, 14, 2, 47, 231, 387, 254, 88, 13, 3, 1
84, 519, 247, 76, 36, 40, 20, 2, 6, 220, 447, 202, 61, 31, 42, 15, 247, 437, 247, 61, 25, 7, 0, 0
32, 590, 267, 113, 19, 3, 0, 0, 2, 133, 441, 332, 102, 12, 2, 0, 461, 284, 178, 85, 14, 2, 0, 0
171, 358, 253, 193, 42, 6, 1, 0, 25, 294, 274, 258, 141, 27, 4, 1, 268, 355, 226, 150, 20, 4, 1, 0
292, 455, 145, 80, 36, 14, 2, 0, 109, 394, 303, 118, 63, 30, 6, 1, 326, 447, 167, 74, 9, 1, 0, 0
238, 461, 206, 87, 29, 3, 0, 0, 40, 383, 333, 175, 74, 18, 1, 0, 221, 487, 210, 91, 15, 0, 0, 0
180, 384, 256, 144, 40, 12, 6, 2, 44, 288, 279, 235, 130, 31, 10, 7, 219, 385, 285, 95, 24, 7, 7, 2
441, 445, 104, 19, 9, 4, 2, 0, 150, 577, 232, 43, 13, 7, 2, 0, 509, 395, 91, 15, 9, 3, 2, 0
324, 469, 136, 56, 20, 10, 7, 2, 92, 506, 272, 89, 34, 16, 8, 7, 414, 443, 103, 32, 16, 8, 8, 0
489, 514, 19, 2, 0, 0, 0, 0, 222, 731, 65, 6, 0, 0, 0, 0, 665, 348, 9, 2, 0, 0, 0, 0
19, 105, 204, 160, 535, 1, 0, 0, 3, 73, 78, 140, 168, 532, 30, 0, 40, 208, 242, 534, 0, 0, 0, 0
0, 0, 4, 245, 706, 69, 0, 0, 0, 0, 0, 5, 120, 767, 132, 0, 0, 15, 518, 469, 22, 0, 0, 0
0, 5, 45, 284, 488, 178, 18, 6, 0, 9, 18, 63, 302, 560, 67, 5, 3, 45, 401, 414, 134, 21, 6, 0
0, 7, 15, 191, 655, 151, 5, 0, 0, 1, 12, 18, 187, 638, 167, 1, 0, 35, 403, 537, 43, 4, 2, 0
0, 15, 63, 111, 395, 383, 57, 0, 0, 4, 89, 93, 321, 484, 33, 0, 0, 11, 66, 245, 253, 333, 112, 4
0, 0, 19, 94, 201, 446, 262, 2, 0, 3, 25, 136, 237, 526, 97, 0, 0, 0, 1, 31, 211, 247, 502, 32
0, 77, 134, 239, 483, 82, 9, 0, 3, 61, 111, 120, 171, 357, 188, 13, 23, 113, 424, 361, 62, 41, 0, 0
0, 0, 0, 5, 706, 244, 60, 9, 0, 0, 0, 0, 0, 370, 637, 17, 0, 0, 626, 349, 41, 7, 1, 0
0, 0, 0, 0, 83, 842, 93, 6, 0, 0, 0, 0, 2, 288, 704, 30, 0, 4, 267, 715, 36, 2, 0, 0
0, 0, 0, 7, 298, 641, 78, 0, 0, 0, 0, 0, 10, 430, 570, 14, 0, 16, 553, 449, 6, 0, 0, 0
0, 0, 0, 34, 772, 201, 17, 0, 0, 0, 0, 3, 53, 781, 185, 2, 3, 58, 697, 261, 5, 0, 0, 0
0, 0, 0, 131, 792, 98, 3, 0, 0, 0, 0, 0, 72, 906, 43, 3, 0, 169, 752, 100, 3, 0, 0, 0
0, 0, 1, 321, 640, 52, 10, 0, 0, 0, 0, 8, 290, 701, 18, 7, 5, 358, 640, 17, 4, 0, 0, 0
0, 0, 0, 539, 409, 20, 35, 21, 0, 0, 0, 1, 506, 455, 38, 24, 0, 580, 374, 19, 39, 12, 0, 0
0, 0, 2, 458, 234, 19, 21, 34, 0, 0, 0, 14, 592, 103, 22, 37, 1, 481, 209, 27, 26, 24, 0, 0
0, 44, 351, 326, 127, 63, 44, 69, 0, 0, 91, 392, 295, 105, 52, 89, 2, 184, 320, 242, 101, 64, 41, 70
5, 250, 624, 103, 30, 10, 2, 0, 0, 26, 386, 516, 68, 20, 6, 2, 49, 680, 179, 76, 32, 5, 3, 0
9, 125, 492, 234, 72, 29, 30, 33, 2, 44, 165, 466, 213, 63, 30, 41, 127, 278, 287, 175, 68, 25, 31, 33
23, 319, 543, 105, 29, 5, 0, 0, 0, 52, 299, 511, 127, 30, 5, 0, 344, 440, 176, 50, 11, 3, 0, 0
42, 874, 100, 6, 2, 0, 0, 0, 1, 332, 651, 37, 2, 1, 0, 0, 574, 416, 31, 2, 1, 0, 0, 0
89, 430, 285, 155, 53, 10, 2, 0, 21, 147, 402, 267, 141, 37, 9, 0, 338, 350, 195, 100, 36, 5, 0, 0
65, 282, 346, 176, 99, 44, 9, 3, 8, 127, 303, 271, 178, 96, 31, 10, 105, 392, 347, 112, 49, 14, 5, 0
112, 324, 259, 191, 108, 26, 4, 0, 13, 171, 296, 239, 190, 90, 22, 3, 169, 384, 274, 140, 46, 11, 0, 0
264, 321, 223, 161, 45, 7, 3, 0, 103, 310, 213, 221, 134, 35, 6, 2, 347, 290, 228, 123, 30, 5, 1, 0
646, 289, 73, 16, 0, 0, 0, 0, 447, 451, 98, 26, 2, 0, 0, 0, 669, 276, 66, 13, 0, 0, 0, 0
433, 411, 139, 39, 1, 1, 0, 0, 223, 502, 197, 85, 16, 1, 0, 0, 564, 332, 105, 22, 1, 0, 0, 0
289, 513, 179, 42, 1, 0, 0, 0, 44, 537, 304, 118, 21, 0, 0, 0, 385, 469, 144, 26, 0, 0, 0, 0
47, 225, 170, 344, 238, 0, 0, 0, 3, 158, 141, 144, 184, 389, 5, 0, 111, 288, 358, 267, 0, 0, 0, 0
0, 0, 1, 240, 635, 135, 13, 0, 0, 0, 0, 12, 199, 715, 98, 0, 0, 36, 569, 376, 43, 0, 0, 0
0, 2, 12, 293, 522, 189, 6, 0, 0, 3, 5, 24, 268, 630, 88, 6, 2, 49, 469, 430, 72, 2, 0, 0
0, 0, 1, 36, 629, 317, 37, 4, 0, 0, 0, 4, 135, 611, 271, 3, 0, 3, 123, 690, 182, 26, 0, 0
0, 0, 0, 65, 319, 384, 256, 0, 0, 0, 0, 67, 303, 537, 117, 0, 0, 1, 39, 177, 228, 234, 343, 2
0, 0, 6, 85, 193, 391, 349, 0, 0, 0, 12, 107, 252, 526, 127, 0, 0, 0, 17, 60, 141, 248, 537, 21
0, 4, 31, 288, 640, 59, 2, 0, 0, 0, 9, 56, 93, 628, 237, 1, 1, 22, 510, 440, 49, 2, 0, 0
0, 0, 1, 3, 360, 583, 46, 31, 0, 0, 0, 1, 13, 235, 716, 59, 0, 3, 412, 527, 60, 21, 1, 0
0, 0, 0, 2, 152, 748, 122, 0, 0, 0, 0, 0, 5, 177, 837, 5, 0, 0, 258, 722, 44, 0, 0, 0
0, 0, 0, 3, 411, 529, 70, 11, 0, 0, 0, 0, 8, 503, 469, 44, 0, 18, 605, 374, 27, 0, 0, 0
0, 0, 0, 14, 581, 412, 17, 0, 0, 0, 0, 0, 19, 771, 225, 9, 0, 20, 659, 330, 15, 0, 0, 0
0, 0, 0, 63, 593, 244, 115, 9, 0, 0, 0, 3, 179, 631, 166, 45, 0, 100, 559, 232, 101, 27, 5, 0
0, 0, 3, 289, 501, 113, 88, 30, 0, 0, 0, 4, 318, 538, 121, 43, 3, 406, 420, 122, 35, 19, 19, 0
0, 0, 0, 348, 540, 84, 48, 4, 0, 0, 0, 20, 540, 403, 57, 4, 11, 628, 363, 20, 2, 0, 0, 0
0, 0, 0, 172, 482, 89, 19, 6, 0, 0, 0, 16, 526, 196, 28, 2, 16, 412, 301, 27, 10, 2, 0, 0
0, 516, 380, 50, 35, 19, 15, 9, 0, 90, 683, 154, 36, 30, 20, 11, 6, 511, 348, 79, 32, 25, 15, 8
4, 601, 354, 56, 8, 1, 0, 0, 0, 120, 591, 261, 44, 8, 0, 0, 137, 747, 110, 23, 6, 1, 0, 0
6, 191, 589, 166, 38, 25, 4, 5, 0, 18, 201, 575, 166, 38, 20, 6, 168, 340, 308, 139, 47, 12, 4, 6
11, 199, 521, 215, 60, 15, 3, 0, 0, 29, 166, 405, 361, 46, 14, 3, 219, 398, 207, 133, 52, 11, 3, 1
16, 597, 304, 74, 15, 11, 4, 3, 1, 192, 385, 352, 69, 13, 7, 5, 424, 413, 118, 40, 12, 10, 3, 4
84, 393, 355, 171, 19, 2, 0, 0, 11, 240, 346, 296, 120, 10, 1, 0, 107, 437, 330, 137, 11, 2, 0, 0
104, 308, 226, 213, 126, 41, 6, 0, 21, 211, 224, 223, 193, 111, 36, 5, 152, 341, 245, 185, 73, 24, 4, 0
30, 148, 314, 343, 137, 38, 14, 0, 1, 37, 161, 316, 341, 126, 32, 10, 93, 257, 379, 198, 67, 25, 5, 0
125, 349, 324, 161, 49, 13, 2, 1, 22, 177, 331, 296, 137, 47, 12, 2, 205, 413, 278, 99, 19, 9, 0, 1
647, 263, 82, 24, 8, 0, 0, 0, 433, 399, 139, 38, 14, 1, 0, 0, 700, 239, 58, 20, 7, 0, 0, 0
402, 487, 109, 24, 1, 1, 0, 0, 141, 595, 217, 58, 12, 1, 0, 0, 436, 481, 95, 10, 1, 1, 0, 0
771, 251, 2, 0, 0, 0, 0, 0, 306, 683, 35, 0, 0, 0, 0, 0, 858, 165, 1, 0, 0, 0, 0, 0
115, 391, 82, 398, 38, 0, 0, 0, 3, 372, 149, 86, 292, 122, 0, 0, 341, 213, 349, 121, 0, 0, 0, 0
0, 0, 8, 186, 498, 291, 38, 3, 0, 0, 3, 41, 254, 615, 98, 13, 0, 20, 304, 545, 132, 18, 5, 0
0, 0, 6, 250, 616, 148, 4, 0, 0, 0, 0, 1, 269, 677, 71, 6, 0, 37, 488, 464, 32, 3, 0, 0
0, 0, 2, 145, 660, 211, 5, 1, 0, 0, 0, 14, 589, 344, 75, 2, 0, 7, 292, 598, 124, 2, 1, 0
0, 0, 0, 73, 260, 374, 317, 0, 0, 0, 2, 107, 283, 521, 111, 0, 0, 0, 52, 113, 172, 179, 489, 19
1, 12, 69, 105, 120, 360, 352, 5, 0, 3, 41, 136, 201, 494, 149, 0, 5, 31, 98, 60, 72, 209, 479, 70
0, 1, 14, 124, 811, 71, 3, 0, 0, 0, 1, 9, 33, 382, 590, 9, 0, 4, 410, 587, 22, 1, 0, 0
0, 0, 0, 2, 556, 451, 15, 0, 0, 0, 0, 0, 3, 229, 782, 10, 0, 0, 266, 679, 78, 1, 0, 0
0, 0, 0, 0, 109, 880, 35, 0, 0, 0, 0, 0, 0, 215, 797, 12, 0, 0, 151, 854, 19, 0, 0, 0
0, 0, 2, 16, 452, 530, 24, 0, 0, 0, 0, 0, 8, 434, 564, 18, 2, 16, 565, 383, 45, 13, 0, 0
0, 0, 0, 4, 677, 304, 27, 12, 0, 0, 0, 0, 9, 664, 328, 23, 0, 115, 708, 170, 14, 9, 8, 0
0, 0, 1, 43, 842, 104, 28, 6, 0, 0, 1, 13, 121, 822, 55, 12, 1, 221, 724, 53, 22, 3, 0, 0
0, 0, 5, 359, 549, 69, 27, 15, 0, 0, 1, 58, 454, 453, 33, 25, 21, 599, 325, 46, 20, 13, 0, 0
0, 0, 3, 338, 652, 23, 7, 1, 0, 0, 0, 6, 568, 437, 12, 1, 6, 496, 506, 14, 2, 0, 0, 0
0, 0, 0, 93, 611, 56, 8, 0, 0, 0, 0, 2, 320, 433, 13, 0, 1, 230, 505, 32, 0, 0, 0, 0
0, 79, 356, 100, 62, 104, 103, 220, 0, 2, 261, 266, 60, 108, 108, 219, 0, 179, 275, 80, 52, 99, 114, 225
0, 247, 382, 145, 141, 61, 33, 15, 0, 2, 352, 301, 176, 119, 44, 30, 16, 482, 223, 126, 94, 44, 24, 15
4, 105, 347, 359, 169, 25, 10, 5, 2, 31, 154, 424, 299, 92, 16, 6, 13, 146, 307, 370, 126, 35, 16, 11
18, 363, 385, 189, 58, 11, 0, 0, 0, 106, 424, 290, 154, 46, 4, 0, 26, 309, 431, 199, 57, 2, 0, 0
43, 280, 339, 218, 100, 32, 12, 0, 5, 124, 340, 277, 166, 77, 29, 6, 42, 329, 317, 214, 83, 33, 6, 0
49, 433, 361, 144, 27, 10, 0, 0, 0, 175, 453, 277, 94, 18, 7, 0, 47, 411, 383, 148, 31, 4, 0, 0
28, 100, 256, 361, 215, 51, 13, 0, 2, 37, 116, 264, 356, 196, 44, 9, 55, 212, 378, 242, 110, 24, 3, 0
25, 195, 259, 293, 196, 48, 6, 2, 0, 44, 211, 243, 295, 183, 44, 4, 131, 281, 308, 228, 62, 12, 1, 1
161, 522, 233, 82, 21, 5, 0, 0, 26, 291, 429, 192, 69, 14, 3, 0, 313, 457, 171, 64, 16, 3, 0, 0
399, 493, 86, 30, 15, 1, 0, 0, 173, 614, 152, 56, 22, 7, 0, 0, 461, 460, 66, 28, 9, 0, 0, 0
453, 375, 135, 44, 13, 4, 0, 0, 205, 530, 179, 82, 21, 7, 0, 0, 528, 324, 126, 35, 10, 1, 0, 0
501, 516, 7, 0, 0, 0, 0, 0, 105, 852, 67, 0, 0, 0, 0, 0, 668, 351, 5, 0, 0, 0, 0, 0
52, 455, 90, 222, 13, 38, 99, 55, 9, 438, 77, 116, 181, 63, 100, 40, 308, 245, 236, 36, 15, 44, 96, 44
0, 1, 37, 345, 439, 196, 6, 0, 0, 1, 29, 66, 331, 528, 69, 0, 4, 56, 468, 418, 76, 2, 0, 0
0, 0, 37, 367, 477, 110, 33, 0, 0, 0, 0, 24, 354, 550, 95, 1, 0, 93, 472, 339, 97, 23, 0, 0
0, 0, 13, 722, 264, 25, 0, 0, 0, 0, 0, 115, 737, 157, 15, 0, 0, 101, 750, 165, 8, 0, 0, 0
0, 0, 8, 49, 175, 492, 286, 14, 0, 0, 11, 99, 272, 494, 146, 2, 0, 0, 33, 42, 168, 289, 469, 23
0, 3, 40, 149, 256, 342, 213, 21, 0, 3, 27, 104, 217, 485, 181, 7, 1, 10, 99, 210, 119, 129, 361, 95
0, 0, 0, 57, 843, 117, 7, 0, 0, 0, 0, 0, 0, 318, 663, 43, 0, 63, 376, 521, 52, 12, 0, 0
0, 0, 1, 11, 317, 670, 25, 0, 0, 0, 0, 1, 15, 307, 685, 16, 0, 3, 109, 826, 84, 2, 0, 0
0, 0, 0, 1, 304, 620, 62, 37, 0, 0, 0, 0, 3, 313, 641, 67, 0, 1, 189, 664, 106, 30, 23, 11
0, 0, 0, 1, 406, 580, 34, 3, 0, 0, 0, 0, 7, 418, 575, 24, 0, 4, 367, 571, 67, 13, 2, 0
0, 0, 0, 9, 593, 406, 13, 3, 0, 0, 0, 0, 10, 516, 489, 9, 0, 38, 639, 342, 4, 1, 0, 0
0, 0, 0, 171, 761, 72, 17, 3, 0, 0, 0, 7, 158, 795, 60, 4, 0, 224, 733, 56, 11, 0, 0, 0
0, 0, 0, 60, 935, 26, 3, 0, 0, 0, 0, 2, 172, 836, 14, 0, 0, 431, 583, 10, 0, 0, 0, 0
0, 0, 0, 268, 698, 58, 0, 0, 0, 0, 0, 7, 468, 544, 5, 0, 9, 673, 300, 40, 2, 0, 0, 0
0, 0, 0, 53, 697, 18, 0, 0, 0, 0, 0, 0, 230, 535, 3, 0, 0, 187, 581, 0, 0, 0, 0, 0
0, 1, 17, 135, 299, 232, 154, 186, 0, 1, 7, 72, 266, 281, 197, 200, 1, 2, 34, 216, 282, 174, 115, 200
0, 0, 42, 195, 388, 248, 87, 64, 0, 0, 10, 107, 314, 376, 140, 77, 0, 7, 91, 316, 345, 136, 67, 62
0, 14, 136, 398, 359, 100, 15, 2, 0, 2, 34, 168, 478, 274, 57, 11, 1, 39, 221, 427, 261, 66, 7, 2
0, 78, 465, 357, 99, 21, 3, 1, 0, 11, 169, 488, 279, 65, 9, 3, 1, 121, 525, 284, 73, 16, 3, 1
10, 141, 352, 293, 176, 45, 7, 0, 1, 31, 211, 345, 272, 133, 28, 3, 12, 162, 350, 282, 162, 48, 7, 1
47, 392, 339, 204, 37, 5, 0, 0, 4, 136, 424, 280, 152, 24, 4, 0, 47, 385, 342, 208, 37, 5, 0, 0
34, 174, 225, 277, 213, 82, 18, 1, 2, 88, 173, 208, 289, 194, 59, 11, 57, 229, 326, 239, 130, 38, 5, 0
31, 279, 334, 225, 114, 38, 3, 0, 0, 82, 326, 270, 210, 97, 36, 3, 83, 344, 332, 176, 77, 12, 0, 0
126, 552, 299, 43, 3, 1, 0, 0, 7, 257, 555, 183, 21, 0, 1, 0, 220, 550, 222, 31, 0, 1, 0, 0
323, 498, 147, 38, 15, 2, 0, 1, 124, 530, 251, 80, 26, 12, 0, 1, 392, 454, 128, 36, 12, 1, 0, 1
529, 421, 59, 10, 5, 0, 0, 0, 306, 572, 105, 33, 6, 2, 0, 0, 571, 374, 63, 11, 4, 1, 0, 0
213, 643, 129, 34, 5, 0, 0, 0, 55, 454, 419, 77, 18, 1, 0, 0, 511, 438, 54, 20, 1, 0, 0, 0
131, 367, 317, 90, 42, 69, 8, 0, 12, 335, 297, 196, 118, 59, 7, 0, 303, 446, 139, 25, 55, 50, 5, 1
0, 0, 8, 266, 529, 215, 6, 0, 0, 0, 8, 52, 398, 551, 15, 0, 1, 21, 427, 509, 60, 6, 0, 0
0, 0, 5, 265, 582, 167, 5, 0, 0, 0, 0, 19, 455, 493, 56, 1, 0, 40, 400, 487, 94, 3, 0, 0
0, 0, 31, 639, 293, 37, 24, 0, 0, 4, 21, 224, 649, 119, 7, 0, 2, 73, 698, 175, 40, 19, 17, 0
0, 0, 0, 10, 149, 621, 234, 10, 0, 0, 2, 43, 289, 625, 65, 0, 0, 0, 1, 6, 120, 491, 389, 17
1, 40, 78, 138, 201, 345, 217, 4, 2, 33, 103, 95, 160, 452, 175, 4, 5, 53, 119, 220, 111, 200, 295, 21
0, 0, 0, 20, 746, 227, 22, 9, 0, 0, 0, 0, 1, 283, 706, 34, 0, 6, 245, 680, 71, 22, 0, 0
0, 0, 0, 2, 682, 339, 1, 0, 0, 0, 0, 0, 4, 317, 699, 4, 0, 3, 394, 623, 4, 0, 0, 0
0, 0, 0, 2, 441, 568, 11, 2, 0, 0, 0, 0, 9, 481, 525, 9, 0, 3, 315, 684, 18, 4, 0, 0
0, 0, 0, 0, 255, 741, 27, 1, 0, 0, 0, 0, 2, 305, 691, 26, 0, 0, 216, 724, 81, 3, 0, 0
0, 0, 0, 22, 355, 535, 71, 41, 0, 0, 0, 0, 21, 391, 542, 70, 0, 34, 434, 437, 67, 26, 26, 0
0, 0, 1, 11, 618, 302, 51, 41, 0, 0, 0, 4, 38, 737, 197, 48, 0, 29, 677, 244, 31, 22, 18, 3
0, 0, 0, 58, 633, 213, 71, 49, 0, 0, 6, 32, 170, 626, 113, 77, 29, 170, 570, 158, 39, 31, 26, 1
0, 0, 5, 126, 873, 20, 0, 0, 0, 0, 0, 12, 318, 691, 3, 0, 11, 520, 492, 1, 0, 0, 0, 0
0, 0, 0, 50, 675, 43, 0, 0, 0, 0, 0, 0, 286, 477, 5, 0, 0, 270, 468, 30, 0, 0, 0, 0
0, 7, 82, 321, 359, 187, 41, 27, 0, 1, 35, 179, 361, 315, 94, 39, 0, 18, 177, 374, 290, 120, 22, 23
0, 15, 114, 378, 326, 143, 40, 8, 0, 1, 27, 192, 378, 289, 110, 27, 0, 46, 247, 390, 234, 77, 22, 8
11, 144, 383, 311, 125, 36, 11, 3, 1, 30, 215, 375, 272, 95, 24, 12, 13, 205, 400, 269, 95, 30, 8, 4
9, 256, 487, 181, 67, 20, 4, 0, 0, 39, 400, 384, 138, 46, 15, 2, 17, 317, 444, 166, 58, 19, 3, 0
21, 254, 487, 212, 44, 6, 0, 0, 1, 56, 354, 437, 142, 32, 2, 0, 16, 266, 501, 198, 38, 5, 0, 0
26, 311, 379, 186, 98, 20, 4, 0, 2, 78, 377, 312, 163, 74, 14, 4, 50, 326, 366, 182, 85, 12, 3, 0
33, 164, 351, 316, 133, 25, 2, 0, 1, 70, 186, 318, 288, 137, 22, 2, 95, 316, 340, 202, 58, 13, 0, 0
50, 533, 298, 111, 26, 4, 2, 0, 3, 204, 521, 196, 78, 16, 4, 2, 91, 555, 266, 86, 22, 2, 2, 0
86, 452, 317, 136, 29, 4, 0, 0, 5, 211, 437, 253, 94, 22, 2, 0, 184, 479, 253, 87, 19, 2, 0, 0
313, 485, 126, 67, 28, 5, 0, 0, 51, 630, 167, 103, 51, 20, 2, 0, 412, 444, 104, 37, 25, 2, 0, 0
206, 631, 180, 7, 0, 0, 0, 0, 55, 368, 529, 70, 2, 0, 0, 0, 250, 632, 140, 2, 0, 0, 0, 0
311, 637, 72, 4, 0, 0, 0, 0, 145, 621, 242, 15, 1, 0, 0, 0, 473, 514, 36, 1, 0, 0, 0, 0
126, 336, 520, 42, 0, 0, 0, 0, 97, 209, 312, 363, 43, 0, 0, 0, 199, 723, 102, 0, 0, 0, 0, 0
0, 0, 10, 537, 419, 57, 1, 0, 0, 0, 7, 62, 718, 236, 1, 0, 0, 37, 724, 242, 20, 1, 0, 0
0, 0, 3, 165, 576, 215, 49, 16, 0, 0, 0, 34, 585, 358, 45, 2, 0, 17, 266, 572, 113, 45, 11, 0
0, 0, 16, 393, 430, 123, 60, 2, 0, 0, 13, 252, 588, 141, 30, 0, 0, 17, 571, 181, 99, 101, 54, 1
0, 0, 0, 29, 232, 661, 98, 4, 0, 0, 3, 66, 505, 434, 16, 0, 0, 0, 0, 13, 212, 664, 126, 9
7, 82, 179, 214, 224, 243, 75, 0, 11, 82, 200, 180, 228, 241, 79, 3, 23, 125, 257, 245, 100, 191, 83, 0
0, 0, 0, 22, 844, 158, 0, 0, 0, 0, 0, 0, 0, 351, 672, 1, 0, 8, 367, 634, 15, 0, 0, 0
0, 0, 0, 68, 636, 286, 34, 0, 0, 0, 0, 0, 10, 413, 572, 29, 0, 17, 399, 527, 78, 3, 0, 0
0, 0, 0, 2, 423, 587, 12, 0, 0, 0, 0, 0, 7, 308, 701, 8, 0, 16, 449, 529, 30, 0, 0, 0
0, 0, 0, 2, 423, 532, 48, 19, 0, 0, 0, 0, 14, 398, 585, 27, 0, 16, 602, 377, 21, 8, 0, 0
0, 0, 0, 6, 513, 430, 60, 15, 0, 0, 0, 0, 19, 527, 448, 30, 0, 58, 742, 179, 38, 7, 0, 0
0, 0, 0, 22, 901, 93, 8, 0, 0, 0, 0, 1, 59, 871, 91, 2, 1, 113, 801, 108, 1, 0, 0, 0
0, 0, 0, 1, 637, 273, 72, 41, 0, 0, 0, 0, 32, 823, 130, 39, 0, 55, 739, 215, 11, 3, 1, 0
0, 0, 0, 121, 845, 58, 0, 0, 0, 0, 0, 0, 153, 860, 11, 0, 0, 243, 755, 26, 0, 0, 0, 0
0, 0, 0, 34, 621, 113, 0, 0, 0, 0, 0, 3, 251, 511, 3, 0, 0, 149, 574, 45, 0, 0, 0, 0
0, 0, 68, 232, 341, 206, 84, 93, 0, 0, 14, 127, 314, 321, 133, 115, 0, 9, 142, 325, 255, 132, 73, 88
1, 56, 473, 363, 107, 13, 7, 4, 0, 5, 119, 508, 294, 81, 11, 6, 9, 169, 529, 255, 46, 6, 6, 4
5, 140, 530, 272, 55, 15, 4, 3, 0, 27, 280, 517, 142, 41, 12, 5, 4, 150, 532, 257, 58, 14, 6, 3
6, 192, 477, 214, 111, 19, 2, 3, 0, 29, 345, 408, 183, 48, 7, 4, 15, 287, 429, 192, 84, 11, 3, 3
4, 74, 259, 362, 254, 61, 9, 1, 0, 6, 120, 276, 365, 210, 41, 6, 13, 152, 339, 340, 147, 29, 4, 0
7, 145, 443, 328, 81, 14, 6, 0, 1, 15, 212, 465, 250, 68, 8, 5, 42, 320, 433, 169, 50, 6, 4, 0
16, 226, 376, 257, 125, 19, 5, 0, 0, 60, 315, 314, 206, 112, 14, 3, 63, 350, 377, 185, 42, 6, 1, 0
64, 704, 227, 26, 2, 1, 0, 0, 4, 344, 562, 103, 10, 1, 0, 0, 139, 682, 176, 24, 2, 1, 0, 0
151, 605, 213, 46, 8, 1, 0, 0, 8, 454, 435, 100, 21, 6, 0, 0, 242, 578, 154, 42, 8, 0, 0, 0
113, 588, 264, 51, 7, 1, 0, 0, 11, 422, 470, 92, 26, 2, 1, 0, 183, 612, 185, 39, 4, 1, 0, 0
138, 794, 84, 7, 1, 0, 0, 0, 5, 716, 273, 25, 5, 0, 0, 0, 350, 603, 63, 8, 0, 0, 0, 0
275, 742, 7, 0, 0, 0, 0, 0, 34, 914, 75, 1, 0, 0, 0, 0, 388, 633, 3, 0, 0, 0, 0, 0
33, 284, 613, 72, 3, 19, 0, 0, 6, 192, 214, 572, 23, 17, 0, 0, 127, 742, 128, 5, 19, 3, 0, 0
0, 1, 117, 671, 179, 34, 19, 3, 0, 0, 9, 186, 675, 116, 33, 5, 1, 136, 632, 171, 52, 20, 10, 2
0, 0, 7, 399, 508, 85, 23, 2, 0, 0, 0, 56, 734, 202, 32, 0, 0, 35, 541, 364, 56, 21, 7, 0
0, 0, 31, 381, 315, 158, 113, 26, 0, 0, 14, 279, 491, 182, 48, 10, 0, 67, 438, 144, 139, 126, 95, 15
0, 0, 0, 59, 290, 560, 112, 3, 0, 0, 7, 167, 493, 336, 21, 0, 0, 0, 1, 85, 286, 502, 147, 3
18, 218, 304, 212, 162, 90, 15, 5, 44, 208, 326, 196, 124, 83, 34, 9, 71, 289, 287, 179, 107, 62, 28, 1
0, 2, 4, 81, 546, 367, 24, 0, 0, 0, 1, 5, 12, 272, 645, 89, 0, 28, 334, 511, 150, 1, 0, 0
0, 0, 0, 24, 538, 437, 24, 1, 0, 0, 0, 0, 11, 329, 662, 22, 0, 13, 296, 653, 56, 6, 0, 0
0, 0, 0, 4, 362, 650, 8, 0, 0, 0, 0, 0, 0, 267, 747, 10, 0, 3, 321, 682, 18, 0, 0, 0
0, 0, 0, 2, 168, 713, 112, 29, 0, 0, 0, 0, 7, 318, 653, 46, 0, 10, 357, 562, 72, 23, 0, 0
0, 0, 0, 17, 618, 374, 14, 1, 0, 0, 0, 0, 20, 667, 326, 11, 0, 65, 726, 221, 11, 1, 0, 0
0, 0, 0, 89, 719, 208, 8, 0, 0, 0, 0, 0, 72, 786, 159, 7, 0, 121, 728, 167, 8, 0, 0, 0
0, 0, 0, 8, 529, 433, 52, 2, 0, 0, 0, 0, 38, 826, 145, 15, 0, 38, 599, 344, 40, 3, 0, 0
0, 0, 0, 34, 687, 296, 7, 0, 0, 0, 0, 22, 216, 725, 60, 1, 0, 88, 676, 237, 23, 0, 0, 0
0, 0, 0, 5, 419, 305, 31, 8, 0, 0, 0, 7, 154, 567, 37, 3, 2, 52, 530, 180, 4, 0, 0, 0
0, 1, 69, 301, 319, 138, 78, 118, 0, 0, 14, 172, 362, 245, 98, 133, 0, 9, 117, 382, 226, 100, 74, 116
0, 20, 402, 468, 124, 9, 1, 0, 0, 1, 59, 483, 399, 77, 4, 1, 0, 47, 409, 457, 103, 7, 1, 0
2, 64, 306, 298, 133, 55, 64, 102, 0, 22, 189, 360, 194, 88, 65, 106, 0, 34, 228, 354, 151, 82, 62, 113
3, 78, 306, 190, 116, 70, 79, 182, 1, 61, 250, 245, 132, 73, 92, 170, 0, 42, 276, 218, 130, 80, 76, 202
1, 33, 215, 379, 272, 61, 29, 34, 0, 12, 62, 255, 366, 237, 54, 38, 5, 125, 373, 323, 110, 35, 23, 30
24, 304, 442, 165, 54, 17, 11, 7, 9, 91, 420, 316, 123, 41, 14, 10, 37, 396, 382, 130, 45, 15, 12, 7
39, 649, 289, 37, 6, 2, 2, 0, 1, 210, 658, 139, 10, 4, 1, 1, 64, 687, 232, 31, 8, 0, 2, 0
59, 585, 334, 38, 8, 0, 0, 0, 1, 213, 635, 157, 14, 4, 0, 0, 98, 637, 253, 30, 6, 0, 0, 0
129, 703, 134, 44, 14, 0, 0, 0, 18, 610, 291, 66, 32, 7, 0, 0, 226, 654, 106, 30, 8, 0, 0, 0
95, 475, 339, 91, 17, 7, 0, 0, 10, 330, 425, 198, 47, 12, 2, 0, 216, 499, 237, 52, 15, 5, 0, 0
146, 711, 140, 25, 2, 0, 0, 0, 36, 664, 236, 78, 9, 1, 0, 0, 390, 536, 84, 14, 0, 0, 0, 0
311, 476, 105, 57, 27, 31, 17, 0, 77, 628, 141, 79, 31, 29, 27, 12, 411, 415, 91, 46, 36, 22, 3, 0
90, 191, 157, 77, 57, 271, 152, 29, 23, 166, 153, 109, 168, 286, 104, 15, 134, 250, 107, 39, 45, 271, 155, 23
0, 3, 162, 214, 67, 429, 143, 6, 0, 0, 3, 128, 395, 437, 61, 0, 4, 119, 225, 36, 38, 453, 142, 7
0, 2, 28, 195, 302, 426, 71, 0, 0, 0, 0, 88, 532, 383, 21, 0, 0, 24, 180, 196, 198, 352, 74, 0
0, 2, 21, 98, 429, 380, 84, 10, 0, 0, 29, 203, 520, 238, 28, 6, 1, 22, 105, 141, 383, 300, 66, 6
0, 0, 0, 10, 197, 638, 177, 2, 0, 0, 1, 40, 551, 407, 25, 0, 0, 0, 0, 15, 274, 534, 193, 8
12, 166, 223, 231, 188, 125, 53, 26, 34, 238, 235, 231, 147, 105, 15, 19, 61, 229, 243, 225, 142, 89, 14, 21
10, 39, 34, 45, 503, 347, 42, 4, 2, 29, 32, 24, 30, 172, 638, 97, 19, 47, 243, 459, 192, 57, 7, 0
0, 0, 0, 51, 544, 385, 41, 3, 0, 0, 0, 3, 28, 414, 530, 49, 0, 30, 402, 460, 107, 22, 3, 0
0, 0, 0, 8, 291, 644, 77, 4, 0, 0, 0, 0, 19, 408, 572, 25, 0, 9, 216, 692, 101, 6, 0, 0
0, 0, 1, 46, 514, 438, 25, 0, 0, 0, 0, 1, 22, 563, 422, 16, 3, 86, 498, 412, 25, 0, 0, 0
0, 0, 0, 29, 591, 368, 30, 6, 0, 0, 0, 0, 39, 631, 317, 37, 0, 49, 644, 304, 27, 0, 0, 0
0, 0, 1, 64, 664, 259, 36, 0, 0, 0, 0, 5, 44, 680, 292, 3, 1, 67, 633, 309, 13, 1, 0, 0
0, 0, 0, 39, 630, 184, 89, 82, 0, 0, 0, 2, 94, 697, 149, 82, 7, 153, 637, 157, 43, 26, 1, 0
0, 0, 0, 83, 635, 291, 15, 0, 0, 0, 0, 6, 219, 658, 136, 5, 3, 117, 652, 241, 11, 0, 0, 0
0, 0, 0, 58, 452, 210, 17, 31, 0, 0, 0, 7, 216, 481, 35, 29, 5, 75, 473, 159, 20, 12, 22, 2
0, 3, 37, 228, 272, 148, 116, 220, 0, 1, 20, 104, 307, 227, 130, 235, 0, 1, 21, 244, 269, 150, 108, 231
0, 29, 234, 445, 226, 50, 21, 19, 0, 2, 64, 333, 429, 132, 38, 26, 0, 28, 218, 473, 215, 43, 22, 25
4, 127, 595, 218, 49, 7, 8, 16, 0, 31, 368, 449, 125, 26, 8, 17, 2, 78, 536, 312, 54, 17, 7, 18
10, 180, 571, 137, 43, 26, 26, 31, 4, 108, 573, 193, 56, 28, 31, 31, 5, 123, 570, 178, 55, 29, 28, 36
7, 158, 475, 233, 123, 28, 0, 0, 2, 23, 335, 375, 179, 92, 18, 0, 10, 159, 527, 247, 67, 12, 2, 0
13, 213, 355, 269, 131, 28, 13, 2, 4, 57, 331, 264, 263, 79, 21, 5, 19, 262, 439, 209, 64, 14, 13, 4
102, 473, 245, 111, 51, 14, 21, 7, 25, 329, 378, 146, 89, 22, 21, 14, 93, 482, 254, 111, 41, 15, 21, 7
50, 491, 254, 181, 41, 6, 1, 0, 1, 229, 399, 186, 173, 32, 4, 0, 89, 501, 245, 156, 29, 3, 1, 0
114, 533, 169, 99, 63, 40, 5, 1, 23, 449, 285, 109, 82, 55, 19, 2, 335, 404, 142, 75, 47, 18, 3, 0
127, 371, 231, 189, 77, 25, 4, 0, 27, 220, 319, 219, 154, 67, 16, 2, 326, 325, 217, 109, 40, 6, 1, 0
310, 652, 47, 15, 0, 0, 0, 0, 36, 831, 133, 21, 3, 0, 0, 0, 521, 464, 33, 6, 0, 0, 0, 0
301, 634, 45, 22, 15, 5, 2, 0, 18, 751, 195, 22, 17, 15, 4, 2, 524, 434, 29, 25, 9, 3, 0, 0
131, 447, 226, 159, 51, 10, 0, 0, 10, 264, 348, 155, 169, 74, 4, 0, 320, 483, 153, 49, 17, 2, 0, 0
0, 0, 222, 454, 283, 63, 2, 0, 0, 0, 14, 243, 656, 92, 19, 0, 0, 213, 572, 203, 35, 1, 0, 0
0, 9, 74, 480, 456, 5, 0, 0, 0, 0, 14, 89, 707, 212, 2, 0, 12, 106, 733, 171, 2, 0, 0, 0
0, 0, 69, 370, 193, 233, 152, 7, 0, 0, 13, 327, 373, 246, 60, 5, 0, 97, 387, 79, 113, 236, 110, 2
0, 3, 30, 63, 319, 496, 113, 0, 2, 7, 47, 87, 421, 454, 6, 0, 1, 2, 36, 79, 273, 375, 256, 2
10, 209, 189, 306, 255, 45, 8, 2, 57, 221, 222, 349, 142, 20, 10, 3, 59, 236, 263, 290, 143, 21, 10, 2
12, 102, 71, 94, 325, 365, 42, 13, 3, 86, 60, 69, 83, 215, 439, 69, 27, 100, 166, 461, 176, 58, 25, 11
0, 0, 0, 45, 691, 273, 14, 1, 0, 0, 0, 0, 6, 412, 580, 26, 0, 4, 399, 497, 115, 8, 1, 0
0, 0, 1, 75, 601, 319, 24, 4, 0, 0, 0, 2, 26, 591, 388, 17, 2, 27, 504, 434, 48, 9, 0, 0
0, 0, 7, 161, 658, 181, 17, 0, 0, 0, 0, 0, 41, 635, 337, 11, 8, 215, 638, 154, 9, 0, 0, 0
0, 0, 13, 273, 582, 133, 23, 0, 0, 0, 0, 6, 148, 704, 149, 17, 41, 445, 456, 75, 7, 0, 0, 0
0, 0, 2, 52, 848, 100, 17, 5, 0, 0, 1, 2, 55, 832, 120, 14, 2, 107, 784, 108, 18, 5, 0, 0
0, 0, 0, 73, 785, 120, 20, 26, 0, 0, 0, 1, 110, 816, 72, 25, 12, 190, 706, 86, 15, 15, 0, 0
0, 0, 0, 71, 831, 110, 12, 0, 0, 0, 0, 0, 139, 820, 61, 4, 12, 308, 655, 49, 0, 0, 0, 0
0, 0, 0, 102, 619, 47, 0, 0, 0, 0, 0, 0, 139, 625, 4, 0, 0, 334, 433, 1, 0, 0, 0, 0
0, 0, 1, 50, 137, 138, 124, 574, 0, 0, 1, 37, 143, 143, 127, 573, 0, 0, 0, 17, 128, 152, 128, 599
0, 3, 93, 486, 282, 87, 42, 31, 0, 0, 14, 284, 452, 173, 55, 46, 0, 4, 105, 467, 272, 95, 41, 40
2, 40, 403, 420, 112, 29, 11, 7, 0, 10, 130, 496, 291, 66, 20, 11, 0, 29, 330, 476, 131, 32, 15, 11
9, 171, 383, 201, 94, 51, 48, 67, 5, 98, 363, 266, 110, 68, 55, 59, 3, 94, 354, 276, 106, 59, 54, 78
10, 258, 489, 191, 56, 14, 4, 2, 0, 44, 424, 386, 127, 30, 9, 4, 8, 245, 505, 193, 49, 14, 8, 2
26, 447, 279, 151, 88, 26, 6, 1, 0, 147, 470, 184, 149, 52, 19, 3, 33, 435, 322, 159, 51, 18, 4, 2
11, 270, 518, 162, 52, 11, 0, 0, 1, 56, 451, 380, 99, 32, 5, 0, 22, 409, 438, 120, 27, 8, 0, 0
18, 496, 382, 111, 16, 1, 0, 0, 0, 124, 546, 261, 77, 15, 1, 0, 63, 647, 254, 54, 6, 0, 0, 0
112, 415, 241, 111, 69, 47, 20, 9, 28, 275, 356, 171, 78, 52, 44, 20, 220, 404, 198, 105, 50, 31, 10, 6
93, 595, 179, 76, 47, 22, 8, 4, 11, 361, 427, 93, 73, 35, 17, 7, 260, 542, 109, 71, 25, 11, 5, 1
265, 509, 170, 62, 16, 2, 0, 0, 16, 530, 300, 127, 37, 13, 1, 0, 373, 466, 127, 45, 13, 0, 0, 0
281, 611, 88, 35, 8, 1, 0, 0, 23, 707, 210, 59, 22, 2, 1, 0, 487, 425, 80, 26, 5, 1, 0, 0
137, 340, 212, 185, 97, 42, 11, 0, 44, 189, 326, 135, 159, 125, 41, 5, 332, 356, 184, 90, 45, 17, 0, 0
0, 2, 123, 566, 201, 89, 41, 2, 0, 0, 11, 197, 644, 143, 29, 0, 0, 88, 626, 163, 67, 70, 10, 0
0, 1, 86, 586, 314, 29, 5, 3, 0, 0, 1, 147, 682, 177, 11, 6, 5, 206, 606, 184, 16, 4, 3, 0
0, 0, 116, 454, 168, 178, 84, 24, 0, 0, 14, 403, 443, 112, 49, 3, 0, 136, 391, 167, 132, 133, 62, 3
3, 49, 71, 117, 218, 459, 106, 1, 19, 51, 104, 150, 409, 283, 8, 0, 25, 57, 102, 107, 232, 378, 122, 1
96, 256, 226, 191, 129, 102, 19, 5, 92, 306, 208, 200, 133, 54, 22, 9, 155, 314, 195, 159, 97, 69, 23, 12
173, 256, 106, 81, 221, 170, 13, 4, 142, 240, 116, 66, 56, 96, 285, 23, 262, 221, 184, 249, 81, 13, 7, 7
0, 0, 0, 19, 502, 491, 12, 0, 0, 0, 0, 0, 10, 297, 677, 40, 0, 2, 224, 622, 174, 2, 0, 0
0, 0, 0, 8, 323, 684, 8, 1, 0, 0, 0, 0, 3, 257, 753, 11, 0, 1, 122, 863, 35, 3, 0, 0
0, 0, 0, 40, 658, 304, 22, 0, 0, 0, 0, 0, 21, 536, 449, 18, 0, 82, 555, 360, 27, 0, 0, 0
0, 0, 1, 146, 822, 51, 3, 1, 0, 0, 0, 1, 61, 888, 73, 1, 10, 342, 635, 35, 2, 0, 0, 0
0, 0, 1, 143, 844, 36, 0, 0, 0, 0, 0, 9, 68, 868, 79, 0, 13, 271, 716, 24, 0, 0, 0, 0
0, 0, 0, 83, 859, 56, 17, 9, 0, 0, 0, 1, 115, 847, 50, 11, 0, 214, 694, 92, 14, 10, 0, 0
0, 0, 2, 370, 650, 2, 0, 0, 0, 0, 0, 0, 233, 788, 3, 0, 11, 785, 227, 1, 0, 0, 0, 0
0, 0, 1, 177, 589, 1, 0, 0, 0, 0, 0, 1, 180, 586, 1, 0, 0, 271, 497, 0, 0, 0, 0, 0
0, 0, 5, 123, 292, 221, 146, 237, 0, 0, 5, 76, 267, 246, 175, 255, 0, 0, 0, 62, 289, 247, 159, 267
0, 2, 88, 507, 316, 74, 28, 9, 0, 0, 14, 260, 551, 141, 41, 17, 0, 0, 70, 481, 341, 91, 29, 12
0, 14, 422, 439, 87, 27, 14, 21, 0, 5, 107, 556, 261, 55, 16, 24, 1, 19, 359, 475, 100, 29, 16, 25
4, 95, 461, 274, 78, 49, 30, 33, 5, 31, 360, 378, 119, 64, 30, 37, 3, 56, 396, 346, 93, 60, 34, 36
2, 139, 399, 345, 106, 23, 6, 4, 0, 16, 245, 442, 245, 55, 16, 5, 5, 145, 468, 277, 96, 20, 7, 6
8, 338, 324, 215, 108, 22, 5, 4, 1, 81, 410, 239, 190, 78, 20, 5, 16, 304, 421, 192, 66, 18, 4, 3
10, 285, 509, 177, 32, 10, 1, 0, 1, 43, 456, 380, 111, 26, 7, 0, 18, 345, 501, 126, 26, 7, 1, 0
7, 390, 452, 149, 23, 3, 0, 0, 0, 49, 543, 305, 104, 21, 2, 0, 21, 505, 376, 109, 12, 1, 0, 0
55, 537, 261, 111, 49, 4, 5, 2, 7, 312, 388, 176, 99, 34, 3, 5, 98, 536, 225, 114, 39, 5, 5, 2
113, 840, 47, 11, 12, 0, 1, 0, 13, 637, 333, 23, 15, 2, 1, 0, 255, 717, 33, 13, 5, 1, 0, 0
257, 602, 143, 15, 5, 2, 0, 0, 32, 517, 292, 158, 21, 4, 0, 0, 452, 499, 55, 14, 2, 2, 0, 0
290, 528, 156, 24, 8, 9, 8, 1, 80, 568, 209, 122, 25, 6, 9, 5, 481, 455, 47, 17, 10, 10, 3, 1
167, 269, 98, 78, 65, 199, 108, 40, 49, 329, 116, 63, 124, 246, 88, 9, 212, 312, 85, 38, 63, 153, 134, 27
0, 1, 41, 321, 134, 286, 223, 18, 0, 0, 20, 81, 390, 352, 181, 0, 0, 36, 363, 97, 42, 278, 208, 0
0, 0, 19, 267, 261, 259, 218, 0, 0, 0, 0, 61, 459, 434, 70, 0, 0, 59, 359, 122, 135, 194, 155, 0
0, 2, 133, 206, 333, 288, 59, 3, 0, 0, 19, 376, 420, 195, 11, 3, 0, 84, 287, 175, 305, 156, 15, 2
6, 45, 81, 218, 225, 307, 110, 32, 32, 54, 188, 185, 280, 235, 46, 4, 38, 85, 171, 123, 234, 200, 147, 26
77, 418, 171, 131, 92, 77, 57, 1, 90, 446, 188, 129, 74, 80, 17, 0, 146, 395, 196, 104, 78, 88, 16, 1
142, 441, 128, 109, 119, 71, 12, 2, 172, 383, 92, 76, 76, 89, 107, 29, 371, 311, 123, 143, 58, 16, 2, 0
0, 0, 19, 104, 537, 338, 23, 3, 0, 0, 0, 1, 51, 397, 535, 40, 2, 52, 398, 480, 81, 11, 0, 0
0, 0, 0, 31, 657, 336, 0, 0, 0, 0, 0, 0, 14, 406, 599, 5, 0, 19, 541, 456, 8, 0, 0, 0
0, 0, 8, 109, 561, 306, 37, 3, 0, 0, 0, 3, 59, 512, 405, 45, 4, 61, 415, 462, 76, 6, 0, 0
0, 0, 5, 49, 722, 195, 32, 21, 0, 0, 0, 8, 73, 692, 216, 35, 7, 128, 713, 117, 26, 20, 13, 0
0, 0, 3, 88, 687, 200, 35, 11, 0, 0, 0, 10, 103, 672, 208, 31, 3, 210, 608, 164, 31, 7, 1, 0
0, 0, 0, 182, 828, 14, 0, 0, 0, 0, 0, 0, 54, 935, 35, 0, 0, 336, 676, 12, 0, 0, 0, 0
0, 0, 26, 428, 518, 52, 0, 0, 0, 0, 0, 25, 431, 527, 41, 0, 43, 623, 337, 21, 0, 0, 0, 0
0, 0, 3, 239, 486, 40, 0, 0, 0, 0, 0, 2, 195, 543, 28, 0, 14, 412, 342, 0, 0, 0, 0, 0
0, 0, 2, 71, 240, 166, 129, 416, 0, 0, 0, 21, 184, 244, 149, 426, 0, 0, 2, 34, 204, 216, 127, 441
0, 0, 11, 204, 380, 170, 116, 143, 0, 0, 6, 100, 367, 248, 143, 160, 0, 0, 11, 181, 383, 159, 131, 159
0, 14, 154, 420, 299, 94, 33, 10, 0, 1, 52, 276, 406, 215, 54, 20, 0, 3, 119, 450, 299, 103, 33, 17
1, 21, 250, 398, 233, 66, 37, 18, 1, 3, 80, 373, 348, 147, 42, 30, 1, 16, 205, 416, 248, 82, 36, 20
0, 61, 466, 403, 80, 12, 1, 1, 0, 7, 174, 593, 208, 36, 4, 2, 0, 46, 458, 421, 86, 11, 1, 1
7, 226, 533, 231, 24, 3, 0, 0, 0, 36, 380, 430, 161, 15, 2, 0, 7, 205, 606, 183, 20, 3, 0, 0
6, 324, 466, 176, 44, 8, 0, 0, 0, 35, 489, 336, 125, 34, 5, 0, 11, 426, 432, 116, 34, 5, 0, 0
19, 266, 417, 227, 73, 17, 5, 0, 1, 83, 368, 345, 172, 41, 13, 1, 36, 330, 411, 177, 51, 15, 4, 0
26, 423, 479, 75, 14, 7, 0, 0, 1, 104, 580, 297, 28, 11, 3, 0, 56, 536, 374, 40, 14, 4, 0, 0
79, 528, 323, 84, 10, 0, 0, 0, 4, 221, 522, 229, 43, 5, 0, 0, 182, 560, 243, 35, 4, 0, 0, 0
166, 763, 90, 5, 0, 0, 0, 0, 18, 669, 278, 57, 2, 0, 0, 0, 379, 599, 42, 4, 0, 0, 0, 0
119, 747, 137, 20, 1, 0, 0, 0, 11, 600, 279, 92, 41, 1, 0, 0, 472, 508, 42, 2, 0, 0, 0, 0
55, 452, 248, 77, 73, 104, 14, 1, 23, 328, 351, 78, 105, 112, 21, 6, 184, 517, 107, 59, 45, 87, 25, 0
0, 14, 104, 414, 386, 106, 0, 0, 0, 0, 56, 119, 688, 161, 0, 0, 0, 77, 477, 274, 123, 73, 0, 0
0, 0, 23, 543, 392, 66, 0, 0, 0, 0, 1, 192, 670, 161, 0, 0, 0, 63, 549, 204, 196, 12, 0, 0
0, 10, 245, 510, 179, 65, 8, 7, 0, 6, 124, 526, 294, 60, 10, 4, 0, 289, 448, 71, 186, 18, 9, 3
2, 177, 232, 183, 115, 165, 143, 7, 27, 263, 241, 137, 156, 172, 28, 0, 90, 278, 169, 115, 96, 198, 74, 4
4, 63, 55, 246, 288, 191, 117, 60, 18, 74, 104, 285, 249, 158, 105, 31, 13, 60, 96, 167, 305, 200, 136, 47
0, 1, 174, 481, 288, 43, 17, 20, 0, 2, 135, 475, 243, 93, 59, 17, 2, 41, 424, 430, 81, 17, 19, 10
0, 0, 4, 111, 536, 330, 43, 0, 0, 0, 0, 0, 22, 292, 614, 96, 3, 91, 332, 436, 129, 31, 2, 0
0, 0, 0, 15, 533, 448, 27, 1, 0, 0, 0, 2, 22, 410, 559, 31, 1, 50, 531, 408, 34, 0, 0, 0
0, 0, 5, 133, 569, 270, 45, 2, 0, 0, 0, 6, 67, 480, 424, 47, 9, 101, 548, 311, 53, 2, 0, 0
0, 0, 0, 30, 662, 300, 30, 2, 0, 0, 0, 0, 28, 678, 289, 29, 0, 132, 657, 196, 33, 6, 0, 0
0, 0, 0, 41, 837, 141, 5, 0, 0, 0, 0, 0, 15, 784, 218, 7, 0, 133, 817, 74, 0, 0, 0, 0
0, 0, 10, 397, 576, 41, 0, 0, 0, 0, 0, 4, 210, 724, 85, 1, 29, 534, 437, 24, 0, 0, 0, 0
0, 0, 11, 447, 455, 94, 12, 5, 0, 0, 0, 32, 543, 383, 56, 10, 53, 592, 306, 61, 8, 4, 0, 0
0, 0, 1, 254, 475, 21, 11, 6, 0, 0, 0, 3, 300, 443, 16, 6, 1, 369, 361, 20, 13, 2, 2, 0
0, 0, 0, 50, 239, 277, 209, 249, 0, 0, 0, 9, 197, 303, 232, 283, 0, 0, 0, 11, 201, 306, 220, 286
0, 0, 18, 242, 379, 210, 94, 81, 0, 0, 5, 99, 353, 331, 138, 98, 0, 0, 13, 237, 362, 215, 109, 88
0, 6, 134, 436, 298, 110, 22, 18, 0, 0, 23, 253, 464, 197, 60, 27, 0, 3, 109, 425, 310, 126, 27, 24
0, 8, 255, 523, 182, 27, 12, 17, 0, 0, 63, 454, 395, 74, 20, 18, 0, 2, 185, 509, 255, 36, 19, 18
0, 18, 508, 407, 78, 10, 3, 0, 0, 1, 165, 655, 172, 27, 4, 0, 0, 18, 509, 403, 84, 10, 0, 0
0, 72, 573, 319, 50, 10, 0, 0, 0, 2, 284, 547, 156, 33, 2, 0, 0, 111, 613, 259, 37, 4, 0, 0
2, 111, 437, 394, 75, 5, 0, 0, 0, 12, 194, 510, 260, 46, 2, 0, 3, 191, 560, 234, 35, 1, 0, 0
15, 296, 430, 201, 70, 9, 3, 0, 1, 103, 426, 320, 125, 45, 3, 1, 47, 424, 364, 144, 41, 4, 0, 0
9, 485, 411, 86, 28, 3, 2, 0, 0, 183, 476, 270, 78, 13, 3, 1, 41, 626, 285, 56, 14, 2, 0, 0
16, 516, 389, 96, 7, 0, 0, 0, 0, 72, 574, 302, 72, 4, 0, 0, 107, 634, 238, 43, 2, 0, 0, 0
123, 701, 189, 11, 0, 0, 0, 0, 7, 387, 496, 123, 11, 0, 0, 0, 380, 589, 52, 3, 0, 0, 0, 0
121, 679, 168, 56, 0, 0, 0, 0, 4, 512, 329, 123, 56, 0, 0, 0, 375, 597, 49, 3, 0, 0, 0, 0
57, 525, 203, 138, 73, 21, 7, 0, 3, 331, 304, 152, 115, 84, 29, 6, 307, 477, 139, 70, 24, 7, 0, 0
0, 72, 101, 325, 479, 47, 0, 0, 0, 1, 106, 94, 525, 297, 1, 0, 26, 137, 513, 344, 4, 0, 0, 0
0, 0, 19, 491, 471, 38, 5, 0, 0, 0, 0, 43, 727, 240, 10, 4, 1, 83, 734, 195, 9, 2, 0, 0
0, 19, 374, 574, 55, 2, 0, 0, 0, 0, 266, 531, 220, 7, 0, 0, 0, 525, 493, 6, 0, 0, 0, 0
0, 87, 327, 80, 136, 177, 140, 77, 0, 96, 346, 124, 180, 161, 69, 48, 8, 343, 112, 126, 143, 139, 101, 52
0, 276, 352, 186, 122, 37, 27, 24, 0, 168, 442, 226, 111, 38, 19, 20, 34, 541, 164, 110, 75, 55, 21, 24
0, 51, 450, 292, 178, 32, 13, 8, 0, 7, 370, 378, 186, 60, 15, 8, 79, 383, 256, 218, 66, 11, 6, 5
0, 0, 11, 63, 612, 292, 34, 12, 0, 0, 0, 0, 46, 326, 589, 63, 1, 33, 485, 430, 47, 22, 6, 0
0, 0, 0, 28, 435, 522, 38, 1, 0, 0, 0, 0, 19, 406, 560, 39, 0, 22, 367, 502, 105, 26, 2, 0
0, 1, 3, 70, 563, 361, 24, 2, 0, 0, 2, 8, 50, 567, 370, 27, 6, 49, 493, 440, 35, 1, 0, 0
0, 0, 0, 49, 399, 422, 97, 57, 0, 0, 0, 0, 50, 474, 412, 88, 0, 59, 464, 330, 113, 32, 26, 0
0, 0, 0, 34, 728, 226, 30, 6, 0, 0, 0, 0, 12, 684, 291, 37, 0, 67, 776, 155, 25, 1, 0, 0
0, 0, 13, 432, 498, 65, 14, 2, 0, 0, 0, 3, 181, 713, 106, 21, 13, 506, 418, 69, 16, 2, 0, 0
0, 0, 8, 464, 398, 63, 40, 51, 0, 0, 3, 20, 370, 523, 59, 49, 21, 508, 342, 51, 33, 40, 29, 0
0, 0, 9, 459, 296, 4, 0, 0, 0, 0, 0, 5, 441, 322, 0, 0, 45, 579, 144, 0, 0, 0, 0, 0
0, 0, 0, 0, 67, 181, 184, 592, 0, 0, 0, 0, 50, 199, 184, 591, 0, 0, 0, 0, 52, 164, 187, 621
0, 0, 0, 37, 278, 342, 138, 229, 0, 0, 0, 2, 140, 442, 189, 251, 0, 0, 0, 32, 217, 331, 187, 257
0, 0, 11, 132, 371, 203, 116, 191, 0, 0, 1, 45, 298, 318, 151, 211, 0, 0, 0, 101, 341, 231, 138, 213
0, 4, 100, 420, 327, 85, 40, 48, 0, 0, 18, 215, 461, 214, 55, 61, 0, 7, 127, 354, 356, 83, 40, 57
0, 12, 460, 445, 99, 6, 2, 0, 0, 0, 115, 580, 285, 40, 4, 0, 0, 5, 373, 499, 130, 15, 2, 0
0, 36, 483, 393, 98, 14, 0, 0, 0, 3, 215, 551, 208, 43, 4, 0, 0, 54, 555, 321, 82, 12, 0, 0
0, 169, 611, 181, 47, 16, 0, 0, 0, 17, 518, 354, 96, 34, 5, 0, 0, 146, 633, 200, 41, 4, 0, 0
8, 420, 507, 55, 21, 7, 5, 1, 3, 159, 692, 128, 25, 10, 5, 2, 22, 460, 454, 55, 20, 6, 5, 2
51, 538, 284, 105, 25, 9, 8, 4, 4, 234, 531, 166, 57, 17, 11, 4, 95, 566, 237, 85, 20, 10, 7, 4
18, 481, 338, 142, 36, 9, 0, 0, 2, 57, 544, 275, 116, 27, 3, 0, 51, 610, 254, 81, 22, 6, 0, 0
36, 652, 304, 32, 0, 0, 0, 0, 0, 156, 693, 161, 13, 1, 0, 0, 169, 680, 169, 6, 0, 0, 0, 0
73, 484, 337, 86, 28, 10, 4, 2, 12, 185, 530, 206, 58, 22, 7, 4, 167, 548, 208, 69, 21, 7, 4, 0
97, 427, 153, 134, 130, 75, 6, 2, 9, 284, 266, 122, 118, 106, 106, 13, 245, 419, 173, 141, 36, 6, 4, 0
0, 0, 136, 406, 422, 58, 2, 0, 0, 0, 31, 149, 438, 391, 15, 0, 0, 128, 524, 357, 15, 0, 0, 0
0, 0, 8, 294, 572, 127, 10, 13, 0, 0, 7, 115, 548, 328, 13, 13, 0, 29, 440, 465, 65, 9, 6, 10
0, 0, 473, 377, 149, 25, 0, 0, 0, 0, 112, 616, 241, 53, 2, 0, 0, 441, 477, 99, 7, 0, 0, 0
0, 123, 866, 35, 0, 0, 0, 0, 0, 2, 895, 127, 0, 0, 0, 0, 10, 767, 247, 0, 0, 0, 0, 0
0, 65, 864, 80, 13, 1, 1, 0, 0, 41, 853, 111, 17, 0, 2, 0, 24, 677, 290, 30, 1, 2, 0, 0
0, 42, 576, 274, 100, 29, 3, 0, 0, 4, 446, 404, 123, 42, 5, 0, 102, 488, 307, 94, 30, 3, 0, 0
0, 5, 45, 205, 495, 224, 39, 11, 0, 0, 5, 60, 178, 443, 305, 33, 31, 96, 418, 381, 82, 11, 5, 0
0, 0, 0, 27, 426, 497, 66, 8, 0, 0, 0, 3, 30, 357, 602, 32, 0, 16, 348, 505, 140, 15, 0, 0
0, 0, 2, 71, 676, 247, 28, 0, 0, 0, 0, 0, 20, 550, 433, 21, 0, 19, 464, 468, 71, 2, 0, 0
0, 0, 6, 81, 611, 204, 50, 72, 0, 0, 0, 10, 72, 623, 212, 107, 4, 165, 542, 185, 55, 43, 30, 0
0, 0, 5, 74, 676, 232, 37, 0, 0, 0, 0, 0, 51, 665, 282, 26, 6, 124, 670, 181, 42, 1, 0, 0
0, 0, 3, 199, 781, 31, 6, 4, 0, 0, 0, 11, 114, 843, 52, 4, 2, 333, 652, 27, 6, 3, 1, 0
0, 0, 2, 165, 773, 75, 9, 0, 0, 0, 0, 6, 105, 877, 36, 0, 3, 286, 716, 19, 0, 0, 0, 0
0, 0, 0, 333, 404, 27, 4, 0, 0, 0, 0, 22, 284, 454, 6, 2, 21, 449, 289, 7, 2, 0, 0, 0
0, 0, 0, 0, 0, 10, 58, 956, 0, 0, 0, 0, 0, 12, 56, 956, 0, 0, 0, 0, 0, 7, 51, 966
0, 0, 0, 0, 0, 18, 31, 975, 0, 0, 0, 0, 0, 17, 32, 975, 0, 0, 0, 0, 0, 16, 33, 975
0, 0, 0, 3, 34, 92, 181, 714, 0, 0, 0, 3, 35, 94, 184, 708, 0, 0, 0, 1, 26, 91, 171, 735
0, 0, 35, 153, 229, 152, 100, 355, 0, 0, 1, 76, 225, 240, 129, 353, 0, 0, 13, 156, 249, 152, 97, 357
0, 4, 163, 564, 220, 56, 9, 8, 0, 0, 24, 324, 493, 141, 29, 13, 0, 0, 91, 555, 287, 67, 14, 10
0, 37, 553, 401, 28, 5, 0, 0, 0, 5, 246, 627, 132, 14, 0, 0, 0, 25, 530, 433, 30, 6, 0, 0
0, 96, 738, 164, 23, 3, 0, 0, 0, 2, 381, 560, 72, 7, 2, 0, 0, 101, 745, 153, 22, 3, 0, 0
2, 313, 573, 120, 12, 4, 0, 0, 0, 62, 641, 286, 22, 10, 3, 0, 1, 300, 580, 125, 14, 4, 0, 0
12, 551, 415, 41, 5, 0, 0, 0, 0, 76, 725, 203, 18, 2, 0, 0, 24, 583, 378, 34, 5, 0, 0, 0
2, 480, 485, 57, 0, 0, 0, 0, 0, 59, 677, 271, 17, 0, 0, 0, 37, 688, 286, 13, 0, 0, 0, 0
6, 445, 517, 49, 6, 1, 0, 0, 0, 37, 630, 327, 27, 3, 0, 0, 36, 621, 315, 49, 3, 0, 0, 0
29, 364, 359, 187, 76, 9, 0, 0, 1, 119, 433, 287, 135, 44, 5, 0, 165, 404, 286, 130, 38, 1, 0, 0
104, 474, 159, 87, 81, 68, 40, 11, 22, 329, 292, 118, 73, 74, 70, 46, 235, 442, 129, 93, 69, 44, 12, 0
0, 0, 96, 376, 537, 15, 0, 0, 0, 0, 16, 109, 263, 620, 15, 1, 0, 116, 488, 417, 3, 0, 0, 0
0, 6, 47, 373, 435, 136, 26, 1, 0, 3, 33, 176, 411, 322, 66, 13, 2, 55, 437, 402, 101, 26, 0, 1
0, 0, 385, 294, 288, 57, 0, 0, 0, 0, 34, 553, 295, 140, 2, 0, 0, 160, 636, 218, 10, 0, 0, 0
0, 7, 926, 91, 0, 0, 0, 0, 0, 0, 591, 433, 0, 0, 0, 0, 0, 274, 743, 7, 0, 0, 0, 0
0, 110, 877, 30, 4, 2, 1, 0, 0, 27, 942, 47, 4, 3, 1, 0, 9, 824, 179, 6, 5, 1, 0, 0
0, 43, 465, 351, 127, 34, 2, 2, 0, 13, 397, 409, 160, 38, 5, 2, 68, 475, 277, 139, 52, 11, 2, 0
0, 0, 36, 202, 548, 189, 35, 14, 0, 0, 4, 61, 149, 371, 399, 40, 13, 74, 469, 368, 84, 16, 0, 0
0, 0, 0, 50, 429, 448, 92, 5, 0, 0, 0, 0, 34, 379, 580, 31, 0, 55, 374, 523, 66, 4, 2, 0
0, 0, 2, 261, 486, 194, 30, 51, 0, 0, 0, 0, 56, 662, 235, 71, 0, 65, 570, 270, 57, 36, 25, 1
0, 0, 0, 42, 631, 329, 22, 0, 0, 0, 0, 1, 34, 558, 406, 25, 1, 65, 643, 298, 17, 0, 0, 0
0, 0, 6, 78, 770, 159, 11, 0, 0, 0, 0, 3, 39, 667, 297, 18, 2, 141, 623, 240, 16, 2, 0, 0
0, 0, 0, 116, 714, 150, 35, 9, 0, 0, 0, 0, 30, 831, 151, 12, 0, 164, 638, 187, 28, 7, 0, 0
0, 0, 4, 544, 426, 30, 12, 8, 0, 0, 1, 14, 197, 788, 16, 8, 5, 479, 507, 20, 8, 5, 0, 0
0, 0, 2, 407, 350, 9, 0, 0, 0, 0, 0, 2, 281, 472, 13, 0, 7, 457, 297, 7, 0, 0, 0, 0
0, 0, 0, 0, 0, 0, 0, 1024, 0, 0, 0, 0, 0, 0, 0, 1024, 0, 0, 0, 0, 0, 0, 0, 1024
0, 0, 0, 0, 0, 0, 0, 1024, 0, 0, 0, 0, 0, 0, 0, 1024, 0, 0, 0, 0, 0, 0, 0, 1024
0, 0, 0, 0, 1, 8, 29, 986, 0, 0, 0, 0, 1, 8, 29, 986, 0, 0, 0, 0, 1, 8, 29, 986
0, 0, 3, 63, 319, 250, 135, 254, 0, 0, 1, 18, 198, 354, 167, 286, 0, 0, 1, 41, 303, 269, 143, 267
0, 1, 100, 459, 334, 89, 31, 10, 0, 0, 9, 209, 543, 197, 47, 19, 0, 1, 56, 469, 353, 101, 28, 16
0, 12, 189, 395, 260, 93, 36, 39, 0, 0, 60, 313, 414, 140, 55, 42, 0, 9, 188, 455, 220, 78, 36, 38
0, 66, 459, 346, 95, 26, 15, 17, 0, 1, 211, 487, 222, 60, 21, 22, 0, 59, 455, 338, 108, 29, 13, 22
1, 150, 579, 251, 40, 3, 0, 0, 0, 5, 355, 487, 157, 19, 1, 0, 1, 175, 597, 224, 25, 2, 0, 0
0, 479, 485, 48, 10, 2, 0, 0, 0, 53, 723, 226, 15, 7, 0, 0, 5, 516, 449, 42, 10, 2, 0, 0
5, 466, 466, 84, 3, 0, 0, 0, 0, 138, 585, 277, 24, 0, 0, 0, 31, 526, 432, 34, 1, 0, 0, 0
7, 486, 438, 85, 8, 0, 0, 0, 0, 78, 592, 314, 39, 1, 0, 0, 36, 619, 310, 57, 2, 0, 0, 0
19, 387, 283, 241, 92, 2, 0, 0, 0, 111, 432, 326, 148, 7, 0, 0, 61, 442, 247, 257, 17, 0, 0, 0
64, 293, 164, 103, 107, 112, 163, 18, 7, 132, 259, 137, 109, 98, 117, 165, 189, 293, 127, 112, 122, 159, 20, 2
18, 58, 136, 263, 509, 38, 2, 0, 2, 37, 48, 134, 173, 570, 58, 2, 48, 136, 382, 446, 12, 0, 0, 0
0, 3, 32, 248, 512, 196, 29, 4, 0, 1, 24, 193, 469, 241, 87, 9, 1, 41, 340, 442, 138, 51, 9, 2
0, 0, 352, 324, 316, 29, 3, 0, 0, 0, 67, 421, 475, 57, 4, 0, 0, 50, 660, 289, 23, 2, 0, 0
0, 15, 928, 75, 6, 0, 0, 0, 0, 0, 835, 177, 12, 0, 0, 0, 0, 391, 572, 55, 6, 0, 0, 0
1, 33, 471, 217, 164, 55, 33, 50, 1, 26, 452, 239, 165, 54, 36, 51, 1, 183, 331, 172, 159, 69, 43, 66
0, 33, 180, 354, 295, 81, 43, 38, 0, 19, 163, 305, 339, 111, 48, 39, 12, 85, 218, 329, 216, 64, 52, 48
0, 24, 93, 142, 500, 196, 59, 10, 0, 10, 74, 86, 117, 305, 367, 65, 1, 133, 385, 306, 99, 73, 25, 2
0, 0, 3, 61, 617, 320, 22, 1, 0, 0, 0, 0, 15, 383, 597, 29, 0, 19, 479, 472, 51, 3, 0, 0
0, 0, 10, 159, 712, 142, 1, 0, 0, 0, 0, 5, 39, 639, 340, 1, 5, 102, 463, 448, 6, 0, 0, 0
0, 0, 1, 127, 543, 223, 82, 48, 0, 0, 0, 3, 76, 707, 171, 67, 2, 208, 589, 127, 64, 29, 5, 0
0, 0, 8, 55, 526, 235, 100, 100, 0, 0, 1, 10, 49, 583, 248, 133, 1, 136, 540, 179, 104, 33, 29, 2
0, 0, 0, 282, 671, 60, 11, 0, 0, 0, 0, 0, 122, 777, 109, 16, 5, 332, 620, 54, 13, 0, 0, 0
0, 0, 4, 650, 348, 13, 8, 1, 0, 0, 0, 13, 361, 631, 10, 9, 3, 641, 367, 5, 7, 1, 0, 0
0, 0, 1, 421, 304, 34, 8, 0, 0, 0, 0, 1, 278, 483, 6, 0, 1, 388, 356, 23, 0, 0, 0, 0
0, 0, 0, 0, 0, 0, 0, 1024, 0, 0, 0, 0, 0, 0, 0, 1024, 0, 0, 0, 0, 0, 0, 0, 1024
0, 0, 0, 0, 0, 0, 0, 1024, 0, 0, 0, 0, 0, 0, 0, 1024, 0, 0, 0, 0, 0, 0, 0, 1024
0, 0, 0, 0, 0, 1, 42, 981, 0, 0, 0, 0, 0, 1, 42, 981, 0, 0, 0, 0, 0, 1, 42, 981
0, 0, 1, 32, 81, 101, 110, 699, 0, 0, 0, 14, 80, 98, 126, 706, 0, 0, 0, 17, 71, 104, 124, 708
0, 0, 12, 240, 469, 179, 62, 62, 0, 0, 3, 88, 396, 356, 101, 80, 0, 0, 7, 170, 469, 228, 76, 74
0, 1, 33, 223, 312, 170, 132, 153, 0, 1, 21, 118, 352, 212, 161, 159, 0, 0, 23, 192, 308, 185, 135, 181
0, 19, 378, 277, 129, 82, 50, 89, 0, 5, 140, 431, 200, 95, 58, 95, 0, 11, 310, 328, 139, 88, 53, 95
4, 97, 463, 345, 98, 14, 2, 1, 1, 10, 238, 484, 226, 52, 11, 2, 2, 63, 440, 366, 128, 19, 4, 2
2, 156, 562, 230, 53, 17, 4, 0, 0, 13, 366, 461, 130, 40, 13, 1, 4, 163, 589, 215, 42, 7, 4, 0
12, 352, 301, 189, 121, 35, 9, 5, 1, 80, 448, 223, 165, 81, 16, 10, 31, 371, 342, 156, 85, 25, 9, 5
18, 545, 359, 60, 27, 13, 2, 0, 0, 179, 647, 139, 37, 17, 5, 0, 69, 601, 277, 55, 17, 5, 0, 0
31, 494, 239, 213, 43, 4, 0, 0, 1, 237, 414, 283, 82, 7, 0, 0, 91, 505, 251, 159, 18, 0, 0, 0
18, 65, 58, 93, 158, 278, 344, 10, 0, 25, 61, 60, 118, 147, 198, 415, 64, 72, 101, 139, 522, 118, 8, 0
0, 4, 11, 242, 613, 150, 4, 0, 0, 0, 2, 9, 194, 604, 152, 63, 8, 32, 335, 559, 90, 0, 0, 0
0, 0, 20, 166, 653, 178, 7, 0, 0, 0, 11, 105, 505, 379, 23, 1, 0, 9, 332, 589, 91, 3, 0, 0
0, 0, 130, 254, 400, 139, 100, 1, 0, 0, 62, 229, 414, 202, 110, 7, 0, 13, 455, 294, 77, 50, 73, 62
0, 6, 565, 106, 178, 157, 12, 0, 0, 0, 506, 162, 173, 168, 15, 0, 0, 33, 552, 70, 67, 159, 143, 0
0, 18, 437, 191, 195, 108, 51, 24, 0, 12, 424, 195, 205, 105, 58, 25, 0, 130, 321, 158, 120, 149, 88, 58
0, 51, 352, 323, 198, 84, 15, 1, 0, 32, 296, 344, 235, 99, 17, 1, 18, 204, 307, 259, 165, 59, 8, 4
0, 20, 256, 249, 374, 123, 2, 0, 0, 1, 126, 297, 140, 107, 350, 3, 47, 178, 454, 295, 44, 4, 2, 0
0, 0, 0, 9, 332, 653, 30, 0, 0, 0, 0, 0, 5, 140, 851, 28, 0, 7, 315, 664, 38, 0, 0, 0
0, 0, 0, 13, 674, 320, 16, 1, 0, 0, 0, 0, 6, 349, 653, 16, 0, 0, 425, 570, 26, 3, 0, 0
0, 0, 0, 186, 776, 57, 4, 1, 0, 0, 0, 0, 44, 899, 73, 8, 0, 236, 692, 84, 11, 1, 0, 0
0, 0, 0, 23, 771, 165, 51, 14, 0, 0, 0, 1, 38, 812, 162, 11, 0, 97, 754, 121, 40, 12, 0, 0
0, 0, 0, 337, 639, 36, 12, 0, 0, 0, 0, 0, 94, 884, 43, 3, 4, 392, 592, 22, 12, 2, 0, 0
0, 0, 2, 446, 454, 89, 29, 4, 0, 0, 0, 2, 295, 693, 29, 5, 0, 427, 492, 59, 31, 14, 1, 0
0, 0, 0, 283, 464, 20, 1, 0, 0, 0, 0, 2, 329, 435, 2, 0, 1, 221, 536, 10, 0, 0, 0, 0
0, 0, 0, 0, 0, 0, 0, 1024, 0, 0, 0, 0, 0, 0, 0, 1024, 0, 0, 0, 0, 0, 0, 0, 1024
0, 0, 0, 0, 0, 0, 0, 1024, 0, 0, 0, 0, 0, 0, 0, 1024, 0, 0, 0, 0, 0, 0, 0, 1024
0, 0, 0, 0, 0, 0, 15, 1009, 0, 0, 0, 0, 0, 0, 14, 1010, 0, 0, 0, 0, 0, 0, 14, 1010
0, 0, 0, 9, 136, 244, 211, 424, 0, 0, 0, 4, 82, 238, 226, 474, 0, 0, 0, 3, 64, 240, 226, 491
0, 0, 5, 72, 219, 216, 199, 313, 0, 0, 0, 36, 205, 223, 215, 345, 0, 0, 1, 20, 190, 234, 202, 377
0, 0, 6, 49, 152, 154, 182, 481, 0, 0, 5, 53, 118, 153, 192, 503, 0, 0, 2, 31, 140, 140, 189, 522
0, 0, 32, 215, 257, 194, 102, 224, 0, 0, 6, 109, 240, 241, 174, 254, 0, 0, 25, 213, 268, 171, 111, 236
4, 71, 289, 337, 212, 75, 18, 18, 1, 30, 199, 289, 291, 122, 71, 21, 1, 34, 256, 385, 220, 79, 28, 21
3, 35, 138, 191, 300, 171, 119, 67, 1, 13, 81, 155, 191, 292, 176, 115, 4, 32, 137, 242, 283, 160, 97, 69
8, 301, 422, 174, 57, 23, 19, 20, 0, 77, 443, 308, 110, 39, 20, 27, 14, 235, 458, 194, 55, 16, 22, 30
10, 329, 531, 135, 13, 5, 1, 0, 0, 75, 492, 386, 61, 7, 3, 0, 16, 277, 527, 177, 20, 6, 1, 0
35, 376, 441, 133, 34, 5, 0, 0, 4, 119, 492, 316, 72, 20, 1, 0, 66, 412, 395, 126, 22, 3, 0, 0
17, 92, 102, 93, 95, 455, 160, 10, 0, 31, 93, 101, 90, 79, 182, 448, 59, 107, 110, 139, 491, 111, 7, 0
0, 0, 2, 283, 482, 257, 0, 0, 0, 0, 0, 0, 97, 569, 261, 97, 0, 4, 406, 461, 153, 0, 0, 0
0, 1, 31, 208, 624, 143, 17, 0, 0, 2, 21, 91, 364, 500, 45, 1, 0, 26, 251, 624, 116, 7, 0, 0
0, 0, 11, 326, 462, 181, 43, 1, 0, 0, 6, 182, 518, 244, 72, 2, 0, 10, 173, 465, 187, 104, 69, 16
0, 0, 0, 75, 228, 229, 349, 143, 0, 0, 0, 52, 239, 222, 355, 156, 0, 0, 0, 13, 123, 221, 228, 439
0, 9, 31, 130, 239, 270, 180, 165, 0, 10, 31, 146, 252, 253, 165, 167, 0, 7, 20, 56, 163, 266, 214, 298
1, 59, 336, 255, 220, 103, 42, 8, 1, 35, 306, 279, 234, 115, 42, 12, 14, 131, 288, 258, 177, 103, 37, 16
2, 6, 75, 261, 407, 236, 36, 1, 2, 2, 43, 204, 281, 278, 210, 4, 2, 13, 199, 420, 255, 109, 24, 2
0, 0, 0, 0, 110, 707, 207, 0, 0, 0, 0, 0, 0, 101, 905, 18, 0, 0, 89, 861, 74, 0, 0, 0
0, 0, 0, 5, 401, 548, 41, 29, 0, 0, 0, 0, 27, 376, 563, 58, 0, 0, 364, 568, 44, 19, 29, 0
0, 0, 1, 56, 668, 223, 38, 38, 0, 0, 0, 5, 59, 736, 194, 30, 0, 87, 631, 225, 34, 24, 23, 0
0, 0, 1, 58, 762, 157, 29, 17, 0, 0, 0, 1, 61, 816, 130, 16, 2, 140, 780, 71, 27, 4, 0, 0
0, 0, 0, 129, 720, 117, 29, 29, 0, 0, 0, 4, 142, 777, 68, 33, 0, 218, 659, 90, 30, 27, 0, 0
0, 0, 1, 202, 621, 146, 32, 22, 0, 0, 0, 21, 301, 639, 43, 20, 3, 241, 645, 88, 22, 20, 5, 0
0, 0, 0, 295, 415, 48, 10, 0, 0, 0, 0, 0, 425, 331, 12, 0, 0, 263, 448, 46, 11, 0, 0, 0
0, 0, 0, 0, 0, 0, 0, 1024, 0, 0, 0, 0, 0, 0, 0, 1024, 0, 0, 0, 0, 0, 0, 0, 1024
0, 0, 0, 0, 0, 0, 0, 1024, 0, 0, 0, 0, 0, 0, 0, 1024, 0, 0, 0, 0, 0, 0, 0, 1024
0, 0, 0, 0, 1, 18, 60, 945, 0, 0, 0, 0, 1, 19, 60, 944, 0, 0, 0, 0, 0, 15, 60, 949
0, 0, 0, 0, 0, 27, 77, 920, 0, 0, 0, 0, 0, 27, 80, 917, 0, 0, 0, 0, 0, 18, 70, 936
0, 0, 0, 10, 47, 90, 178, 699, 0, 0, 0, 1, 43, 91, 166, 723, 0, 0, 0, 0, 29, 92, 167, 736
0, 0, 0, 0, 3, 25, 93, 903, 0, 0, 0, 0, 2, 20, 82, 920, 0, 0, 0, 0, 3, 21, 87, 913
0, 0, 14, 71, 234, 207, 174, 324, 0, 0, 7, 37, 161, 238, 213, 368, 0, 0, 10, 59, 217, 215, 183, 340
0, 1, 9, 176, 353, 261, 97, 127, 0, 1, 2, 55, 231, 360, 216, 159, 0, 0, 9, 147, 365, 264, 97, 142
0, 4, 32, 165, 319, 137, 75, 292, 0, 1, 5, 57, 253, 278, 119, 311, 0, 12, 61, 216, 254, 100, 78, 303
0, 56, 299, 355, 272, 40, 2, 0, 0, 1, 148, 342, 315, 194, 24, 0, 0, 41, 362, 470, 133, 18, 0, 0
0, 56, 537, 343, 76, 12, 0, 0, 0, 1, 217, 542, 214, 43, 7, 0, 0, 29, 398, 448, 132, 15, 2, 0
5, 143, 478, 245, 124, 29, 0, 0, 0, 14, 252, 460, 227, 61, 10, 0, 12, 248, 457, 224, 70, 11, 2, 0
0, 0, 12, 44, 104, 693, 171, 0, 0, 2, 10, 39, 123, 103, 118, 629, 0, 10, 36, 89, 824, 65, 0, 0
0, 0, 11, 275, 405, 333, 0, 0, 0, 0, 0, 0, 52, 468, 360, 144, 0, 10, 374, 433, 207, 0, 0, 0
0, 0, 4, 159, 675, 175, 9, 2, 0, 0, 1, 14, 350, 577, 79, 3, 0, 11, 306, 617, 82, 7, 1, 0
0, 0, 13, 301, 358, 271, 81, 0, 0, 0, 0, 81, 491, 305, 131, 16, 0, 2, 174, 316, 327, 151, 54, 0
0, 0, 0, 0, 17, 64, 222, 721, 0, 0, 0, 0, 16, 57, 218, 733, 0, 0, 0, 0, 3, 20, 82, 919
0, 0, 13, 26, 40, 44, 125, 776, 0, 0, 11, 24, 40, 46, 129, 774, 0, 0, 6, 17, 31, 36, 58, 876
0, 12, 196, 183, 153, 208, 169, 103, 0, 4, 152, 209, 156, 205, 170, 128, 0, 10, 161, 165, 142, 158, 198, 190
0, 0, 8, 51, 182, 288, 418, 77, 0, 0, 2, 29, 134, 310, 465, 84, 0, 0, 20, 101, 115, 178, 413, 197
0, 0, 0, 3, 43, 861, 109, 8, 0, 0, 0, 3, 15, 162, 819, 25, 0, 7, 31, 693, 215, 43, 20, 15
0, 0, 0, 25, 358, 585, 52, 4, 0, 0, 0, 2, 36, 488, 480, 18, 0, 20, 324, 523, 146, 11, 0, 0
0, 0, 0, 50, 679, 264, 15, 16, 0, 0, 0, 0, 19, 776, 206, 23, 0, 138, 752, 98, 17, 7, 12, 0
0, 0, 0, 76, 941, 5, 2, 0, 0, 0, 0, 0, 17, 962, 45, 0, 0, 129, 864, 27, 4, 0, 0, 0
0, 0, 0, 242, 625, 91, 31, 35, 0, 0, 1, 49, 324, 561, 50, 39, 9, 252, 604, 91, 25, 20, 23, 0
0, 0, 0, 285, 584, 76, 43, 36, 0, 0, 1, 17, 432, 500, 56, 18, 0, 140, 720, 91, 43, 30, 0, 0
0, 0, 0, 273, 350, 107, 30, 8, 0, 0, 0, 0, 475, 240, 42, 11, 0, 178, 399, 126, 44, 19, 2, 0
0, 0, 0, 0, 0, 0, 0, 1024, 0, 0, 0, 0, 0, 0, 0, 1024, 0, 0, 0, 0, 0, 0, 0, 1024
0, 0, 0, 0, 0, 0, 0, 1024, 0, 0, 0, 0, 0, 0, 0, 1024, 0, 0, 0, 0, 0, 0, 0, 1024
0, 0, 0, 0, 0, 0, 4, 1020, 0, 0, 0, 0, 0, 0, 4, 1020, 0, 0, 0, 0, 0, 0, 4, 1020
0, 0, 0, 0, 0, 2, 23, 999, 0, 0, 0, 0, 0, 1, 16, 1007, 0, 0, 0, 0, 0, 1, 16, 1007
0, 0, 0, 0, 2, 47, 270, 705, 0, 0, 0, 0, 2, 20, 205, 797, 0, 0, 0, 0, 2, 27, 233, 762
0, 0, 0, 1, 17, 162, 216, 628, 0, 0, 0, 0, 4, 76, 234, 710, 0, 0, 0, 0, 7, 110, 224, 683
0, 0, 0, 13, 109, 202, 283, 417, 0, 0, 0, 2, 43, 166, 281, 532, 0, 0, 0, 18, 94, 178, 265, 469
0, 0, 1, 43, 253, 367, 210, 150, 0, 0, 0, 8, 113, 353, 317, 233, 0, 0, 0, 33, 240, 343, 232, 176
0, 2, 16, 253, 391, 142, 76, 144, 0, 0, 7, 70, 419, 269, 92, 167, 0, 4, 29, 253, 393, 125, 68, 152
0, 8, 147, 433, 346, 83, 7, 0, 0, 0, 34, 265, 466, 227, 30, 2, 0, 13, 261, 493, 234, 23, 0, 0
0, 49, 403, 413, 142, 16, 1, 0, 0, 2, 213, 437, 309, 57, 5, 1, 0, 57, 413, 415, 134, 5, 0, 0
0, 41, 476, 324, 156, 26, 1, 0, 0, 5, 258, 479, 203, 75, 3, 1, 1, 115, 517, 289, 99, 2, 1, 0
0, 0, 131, 129, 95, 582, 84, 3, 0, 0, 49, 189, 224, 112, 70, 380, 0, 67, 169, 70, 643, 71, 4, 0
0, 2, 23, 141, 497, 353, 8, 0, 0, 1, 16, 30, 42, 374, 393, 168, 2, 21, 277, 408, 308, 8, 0, 0
0, 0, 1, 72, 606, 279, 59, 7, 0, 0, 1, 21, 283, 541, 145, 33, 1, 3, 161, 570, 183, 55, 37, 14
0, 0, 2, 131, 438, 271, 127, 55, 0, 0, 0, 48, 418, 325, 160, 73, 0, 0, 81, 408, 231, 135, 104, 65
0, 0, 0, 5, 49, 143, 231, 596, 0, 0, 0, 5, 47, 135, 210, 627, 0, 0, 0, 0, 8, 52, 147, 817
0, 0, 0, 0, 2, 35, 380, 607, 0, 0, 0, 1, 1, 37, 374, 611, 0, 0, 0, 0, 1, 3, 39, 981
0, 0, 12, 77, 145, 224, 346, 220, 0, 0, 11, 68, 142, 223, 330, 250, 0, 0, 2, 25, 94, 170, 251, 482
0, 0, 0, 2, 19, 138, 626, 239, 0, 0, 0, 3, 18, 152, 631, 220, 0, 0, 0, 1, 8, 40, 401, 574
0, 0, 0, 9, 116, 725, 159, 15, 0, 0, 0, 3, 15, 252, 733, 21, 0, 8, 89, 468, 219, 117, 94, 29
0, 0, 1, 55, 338, 586, 44, 0, 0, 0, 0, 0, 28, 372, 611, 13, 0, 10, 164, 718, 128, 4, 0, 0
0, 0, 0, 75, 700, 208, 16, 25, 0, 0, 0, 0, 50, 787, 156, 31, 0, 29, 640, 300, 25, 11, 12, 7
0, 0, 0, 40, 810, 158, 16, 0, 0, 0, 0, 0, 31, 853, 132, 8, 0, 38, 787, 186, 13, 0, 0, 0
0, 0, 0, 128, 828, 50, 18, 0, 0, 0, 0, 0, 106, 875, 40, 3, 0, 87, 838, 94, 5, 0, 0, 0
0, 0, 0, 501, 474, 48, 1, 0, 0, 0, 0, 0, 482, 531, 11, 0, 0, 547, 462, 15, 0, 0, 0, 0
0, 0, 0, 317, 433, 15, 3, 0, 0, 0, 0, 1, 484, 275, 8, 0, 0, 245, 505, 17, 1, 0, 0, 0
0, 0, 0, 0, 0, 0, 0, 1024, 0, 0, 0, 0, 0, 0, 0, 1024, 0, 0, 0, 0, 0, 0, 0, 1024
0, 0, 0, 0, 0, 0, 0, 1024, 0, 0, 0, 0, 0, 0, 0, 1024, 0, 0, 0, 0, 0, 0, 0, 1024
0, 0, 0, 0, 0, 0, 0, 1024, 0, 0, 0, 0, 0, 0, 0, 1024, 0, 0, 0, 0, 0, 0, 0, 1024
0, 0, 0, 0, 0, 0, 0, 1024, 0, 0, 0, 0, 0, 0, 0, 1024, 0, 0, 0, 0, 0, 0, 0, 1024
0, 0, 0, 0, 0, 28, 159, 837, 0, 0, 0, 0, 0, 0, 93, 931, 0, 0, 0, 0, 0, 2, 138, 884
0, 0, 0, 0, 23, 315, 268, 418, 0, 0, 0, 0, 0, 88, 417, 519, 0, 0, 0, 0, 1, 191, 368, 464
0, 0, 0, 2, 76, 282, 328, 336, 0, 0, 0, 0, 20, 168, 403, 433, 0, 0, 0, 1, 37, 248, 339, 399
0, 0, 0, 8, 65, 183, 185, 583, 0, 0, 0, 0, 35, 161, 201, 627, 0, 0, 0, 3, 54, 158, 201, 608
0, 0, 2, 47, 179, 167, 162, 467, 0, 0, 0, 10, 97, 226, 179, 512, 0, 0, 3, 63, 187, 131, 153, 487
0, 1, 57, 263, 441, 234, 26, 2, 0, 1, 12, 129, 327, 413, 134, 8, 1, 20, 208, 451, 306, 35, 3, 0
0, 24, 197, 376, 326, 95, 6, 0, 0, 0, 74, 252, 385, 254, 57, 2, 13, 121, 360, 410, 109, 11, 0, 0
0, 26, 228, 331, 319, 115, 5, 0, 0, 4, 106, 296, 302, 257, 56, 3, 17, 166, 363, 366, 96, 16, 0, 0
0, 12, 320, 416, 151, 112, 13, 0, 0, 6, 183, 476, 178, 72, 61, 48, 3, 162, 513, 187, 139, 20, 0, 0
0, 3, 67, 435, 335, 183, 1, 0, 0, 0, 54, 311, 113, 250, 233, 63, 0, 33, 348, 487, 153, 3, 0, 0
0, 0, 1, 95, 655, 265, 8, 0, 0, 0, 0, 9, 168, 771, 76, 0, 0, 2, 237, 658, 126, 1, 0, 0
0, 0, 9, 205, 548, 192, 61, 9, 0, 0, 6, 79, 569, 278, 82, 10, 0, 0, 201, 492, 203, 80, 30, 18
0, 0, 4, 40, 191, 408, 321, 60, 0, 0, 3, 35, 182, 405, 319, 80, 0, 0, 1, 22, 70, 242, 404, 285
0, 0, 0, 4, 107, 420, 396, 97, 0, 0, 0, 2, 76, 431, 398, 117, 0, 0, 0, 0, 21, 192, 330, 481
0, 0, 7, 85, 140, 254, 349, 189, 0, 0, 0, 78, 143, 266, 339, 198, 0, 0, 0, 51, 110, 141, 303, 419
0, 0, 0, 9, 43, 188, 611, 173, 0, 0, 0, 8, 41, 172, 645, 158, 0, 0, 0, 5, 21, 92, 407, 499
0, 0, 0, 17, 287, 498, 190, 32, 0, 0, 0, 18, 33, 310, 632, 31, 0, 0, 42, 482, 192, 118, 124, 66
0, 0, 3, 72, 326, 575, 48, 0, 0, 0, 0, 4, 83, 496, 431, 10, 3, 44, 189, 699, 89, 0, 0, 0
0, 0, 0, 78, 655, 269, 18, 4, 0, 0, 0, 1, 83, 760, 167, 13, 0, 26, 399, 509, 80, 10, 0, 0
0, 0, 0, 262, 654, 87, 21, 0, 0, 0, 0, 0, 136, 809, 78, 1, 0, 65, 770, 151, 30, 8, 0, 0
0, 0, 0, 204, 782, 36, 2, 0, 0, 0, 0, 0, 153, 863, 6, 2, 0, 155, 793, 74, 1, 1, 0, 0
0, 0, 1, 456, 516, 51, 0, 0, 0, 0, 0, 1, 525, 475, 23, 0, 1, 344, 649, 29, 1, 0, 0, 0
0, 0, 0, 572, 196, 0, 0, 0, 0, 0, 0, 0, 673, 95, 0, 0, 0, 306, 462, 0, 0, 0, 0, 0
0, 0, 0, 0, 0, 0, 0, 1024, 0, 0, 0, 0, 0, 0, 0, 1024, 0, 0, 0, 0, 0, 0, 0, 1024
0, 0, 0, 0, 0, 0, 0, 1024, 0, 0, 0, 0, 0, 0, 0, 1024, 0, 0, 0, 0, 0, 0, 0, 1024
0, 0, 0, 0, 0, 0, 0, 1024, 0, 0, 0, 0, 0, 0, 0, 1024, 0, 0, 0, 0, 0, 0, 0, 1024
0, 0, 0, 0, 0, 0, 5, 1019, 0, 0, 0, 0, 0, 0, 5, 1019, 0, 0, 0, 0, 0, 0, 5, 1019
0, 0, 0, 0, 0, 0, 16, 1008, 0, 0, 0, 0, 0, 0, 8, 1016, 0, 0, 0, 0, 0, 0, 9, 1015
0, 0, 0, 0, 5, 212, 320, 487, 0, 0, 0, 0, 0, 40, 352, 632, 0, 0, 0, 0, 1, 124, 325, 574
0, 0, 0, 0, 104, 414, 314, 192, 0, 0, 0, 0, 12, 180, 498, 334, 0, 0, 0, 0, 75, 403, 319, 227
0, 0, 0, 6, 116, 250, 268, 384, 0, 0, 0, 2, 43, 219, 317, 443, 0, 0, 0, 4, 71, 247, 262, 440
0, 0, 5, 49, 129, 211, 232, 398, 0, 0, 0, 22, 104, 209, 233, 456, 0, 0, 12, 49, 129, 192, 216, 426
0, 0, 49, 204, 458, 184, 71, 58, 0, 0, 17, 111, 285, 399, 126, 86, 0, 4, 64, 198, 458, 181, 52, 67
0, 7, 87, 385, 419, 112, 13, 1, 0, 0, 28, 181, 408, 335, 67, 5, 0, 20, 219, 519, 240, 25, 1, 0
0, 3, 72, 320, 495, 127, 7, 0, 0, 0, 5, 107, 310, 492, 106, 4, 1, 24, 260, 587, 149, 3, 0, 0
0, 1, 49, 203, 553, 213, 5, 0, 0, 0, 1, 65, 258, 474, 194, 32, 0, 26, 206, 528, 250, 13, 1, 0
0, 0, 4, 60, 453, 502, 5, 0, 0, 0, 0, 3, 12, 186, 574, 249, 1, 4, 97, 490, 431, 1, 0, 0
0, 0, 0, 61, 650, 303, 8, 2, 0, 0, 0, 19, 156, 618, 228, 3, 0, 1, 109, 737, 167, 9, 1, 0
0, 0, 4, 178, 476, 242, 110, 14, 0, 0, 0, 138, 449, 260, 149, 28, 0, 0, 149, 450, 137, 166, 92, 30
0, 0, 0, 0, 24, 141, 601, 258, 0, 0, 0, 0, 17, 121, 596, 290, 0, 0, 0, 0, 0, 53, 197, 774
0, 0, 0, 0, 33, 256, 723, 12, 0, 0, 0, 0, 14, 261, 729, 20, 0, 0, 0, 0, 0, 110, 265, 649
0, 0, 0, 26, 60, 173, 499, 266, 0, 0, 0, 16, 51, 178, 492, 287, 0, 0, 0, 8, 41, 72, 257, 646
0, 0, 2, 18, 66, 337, 550, 51, 0, 0, 2, 17, 60, 306, 575, 64, 0, 0, 2, 11, 35, 191, 550, 235
0, 0, 16, 92, 280, 575, 50, 11, 0, 0, 13, 75, 189, 328, 405, 14, 0, 0, 28, 352, 401, 199, 31, 13
0, 0, 0, 0, 264, 650, 110, 0, 0, 0, 0, 0, 2, 338, 681, 3, 0, 0, 111, 878, 35, 0, 0, 0
0, 0, 0, 25, 622, 311, 33, 33, 0, 0, 0, 0, 47, 722, 213, 42, 0, 0, 166, 758, 57, 16, 27, 0
0, 0, 0, 283, 695, 40, 6, 0, 0, 0, 0, 0, 122, 871, 30, 1, 0, 18, 841, 159, 6, 0, 0, 0
0, 0, 0, 501, 380, 81, 48, 14, 0, 0, 0, 2, 390, 529, 79, 24, 2, 473, 480, 61, 8, 0, 0, 0
0, 0, 0, 541, 438, 30, 15, 0, 0, 0, 0, 1, 431, 562, 28, 2, 1, 313, 684, 26, 0, 0, 0, 0
0, 0, 0, 333, 324, 80, 27, 4, 0, 0, 0, 2, 548, 177, 28, 13, 0, 366, 348, 30, 13, 8, 3, 0
0, 0, 0, 0, 0, 0, 0, 1024, 0, 0, 0, 0, 0, 0, 0, 1024, 0, 0, 0, 0, 0, 0, 0, 1024
0, 0, 0, 0, 0, 0, 0, 1024, 0, 0, 0, 0, 0, 0, 0, 1024, 0, 0, 0, 0, 0, 0, 0, 1024
0, 0, 0, 0, 0, 0, 0, 1024, 0, 0, 0, 0, 0, 0, 0, 1024, 0, 0, 0, 0, 0, 0, 0, 1024
0, 0, 0, 0, 0, 0, 0, 1024, 0, 0, 0, 0, 0, 0, 0, 1024, 0, 0, 0, 0, 0, 0, 0, 1024
0, 0, 0, 0, 0, 0, 44, 980, 0, 0, 0, 0, 0, 0, 21, 1003, 0, 0, 0, 0, 0, 0, 29, 995
0, 0, 0, 0, 2, 91, 233, 698, 0, 0, 0, 0, 0, 23, 184, 817, 0, 0, 0, 0, 0, 25, 181, 818
0, 0, 0, 0, 14, 157, 293, 560, 0, 0, 0, 0, 0, 48, 260, 716, 0, 0, 0, 0, 3, 78, 279, 664
0, 0, 0, 1, 53, 227, 306, 437, 0, 0, 0, 0, 6, 147, 294, 577, 0, 0, 0, 0, 11, 186, 308, 519
0, 0, 0, 4, 214, 320, 173, 313, 0, 0, 0, 0, 28, 344, 272, 380, 0, 0, 0, 9, 213, 294, 169, 339
0, 0, 0, 116, 582, 292, 21, 13, 0, 0, 0, 1, 180, 607, 209, 27, 0, 0, 37, 400, 449, 114, 13, 11
0, 0, 0, 107, 643, 265, 9, 0, 0, 0, 0, 2, 151, 649, 216, 6, 0, 0, 66, 664, 283, 11, 0, 0
0, 0, 6, 161, 780, 71, 6, 0, 0, 0, 0, 8, 214, 764, 32, 6, 0, 2, 158, 789, 66, 9, 0, 0
4, 68, 249, 466, 228, 8, 1, 0, 0, 10, 102, 336, 372, 196, 8, 0, 12, 146, 412, 415, 38, 1, 0, 0
0, 9, 53, 168, 527, 250, 17, 0, 0, 2, 13, 44, 120, 226, 571, 48, 5, 38, 152, 549, 264, 15, 1, 0
0, 0, 0, 23, 556, 406, 37, 2, 0, 0, 0, 1, 144, 600, 276, 3, 0, 0, 57, 655, 288, 23, 1, 0
0, 0, 6, 59, 468, 321, 157, 13, 0, 0, 12, 43, 293, 483, 181, 12, 0, 0, 34, 359, 347, 148, 112, 24
0, 0, 0, 0, 0, 6, 132, 886, 0, 0, 0, 0, 0, 5, 93, 926, 0, 0, 0, 0, 0, 4, 40, 980
0, 0, 0, 0, 0, 16, 588, 420, 0, 0, 0, 0, 0, 13, 527, 484, 0, 0, 0, 0, 0, 0, 83, 941
0, 0, 0, 0, 26, 240, 738, 20, 0, 0, 0, 0, 20, 219, 757, 28, 0, 0, 0, 0, 0, 67, 307, 650
0, 0, 5, 23, 49, 273, 664, 10, 0, 0, 4, 21, 45, 242, 702, 10, 0, 0, 1, 18, 24, 89, 581, 311
0, 0, 3, 87, 240, 303, 272, 119, 0, 0, 2, 50, 179, 229, 437, 127, 0, 0, 14, 183, 224, 104, 210, 289
0, 0, 4, 61, 272, 510, 154, 23, 0, 0, 0, 8, 52, 445, 487, 32, 2, 38, 237, 563, 156, 21, 7, 0
0, 0, 0, 119, 843, 62, 0, 0, 0, 0, 0, 0, 38, 849, 137, 0, 0, 24, 509, 486, 5, 0, 0, 0
0, 0, 0, 338, 621, 41, 18, 6, 0, 0, 0, 0, 199, 764, 49, 12, 0, 38, 812, 152, 18, 4, 0, 0
0, 0, 1, 530, 382, 92, 19, 0, 0, 0, 0, 23, 464, 496, 40, 1, 0, 354, 527, 121, 22, 0, 0, 0
0, 0, 5, 596, 377, 32, 10, 4, 0, 0, 0, 12, 711, 271, 23, 7, 7, 551, 430, 36, 0, 0, 0, 0
0, 0, 0, 699, 69, 0, 0, 0, 0, 0, 0, 26, 720, 22, 0, 0, 0, 546, 211, 11, 0, 0, 0, 0
0, 0, 0, 0, 0, 0, 0, 768, 0, 0, 0, 0, 0, 0, 0, 768, 0, 0, 0, 0, 0, 0, 0, 768
0, 0, 0, 0, 0, 0, 0, 768, 0, 0, 0, 0, 0, 0, 0, 768, 0, 0, 0, 0, 0, 0, 0, 768
0, 0, 0, 0, 0, 0, 0, 768, 0, 0, 0, 0, 0, 0, 0, 768, 0, 0, 0, 0, 0, 0, 0, 768
0, 0, 0, 0, 0, 0, 0, 768, 0, 0, 0, 0, 0, 0, 0, 768, 0, 0, 0, 0, 0, 0, 0, 768
0, 0, 0, 0, 0, 0, 0, 768, 0, 0, 0, 0, 0, 0, 0, 768, 0, 0, 0, 0, 0, 0, 0, 768
0, 0, 0, 0, 0, 0, 13, 755, 0, 0, 0, 0, 0, 0, 2, 766, 0, 0, 0, 0, 0, 0, 3, 765
0, 0, 0, 0, 0, 0, 9, 759, 0, 0, 0, 0, 0, 0, 7, 761, 0, 0, 0, 0, 0, 0, 8, 760
0, 0, 0, 0, 0, 13, 27, 728, 0, 0, 0, 0, 0, 0, 31, 737, 0, 0, 0, 0, 0, 6, 28, 734
0, 0, 0, 14, 325, 233, 80, 116, 0, 0, 0, 0, 31, 327, 257, 153, 0, 0, 0, 55, 326, 167, 91, 129
0, 0, 9, 61, 373, 309, 16, 0, 0, 0, 1, 14, 103, 403, 238, 9, 0, 2, 17, 215, 457, 76, 1, 0
0, 0, 0, 50, 531, 179, 8, 0, 0, 0, 0, 0, 58, 531, 171, 8, 0, 0, 41, 499, 214, 14, 0, 0
0, 1, 38, 230, 412, 86, 1, 0, 0, 0, 3, 44, 269, 375, 77, 0, 1, 25, 196, 429, 113, 4, 0, 0
4, 74, 163, 290, 207, 30, 0, 0, 0, 10, 89, 170, 220, 258, 21, 0, 17, 149, 274, 284, 43, 1, 0, 0
0, 0, 0, 41, 400, 327, 0, 0, 0, 0, 0, 0, 0, 124, 636, 8, 0, 0, 18, 509, 241, 0, 0, 0
0, 0, 0, 29, 476, 229, 34, 0, 0, 0, 0, 1, 64, 441, 261, 1, 0, 0, 52, 495, 205, 16, 0, 0
0, 1, 26, 93, 335, 248, 63, 2, 0, 2, 34, 61, 220, 371, 75, 5, 1, 9, 85, 315, 198, 112, 48, 0
0, 0, 0, 0, 0, 5, 48, 715, 0, 0, 0, 0, 0, 4, 40, 724, 0, 0, 0, 0, 0, 4, 24, 740
0, 0, 0, 0, 0, 0, 254, 514, 0, 0, 0, 0, 0, 0, 189, 579, 0, 0, 0, 0, 0, 0, 0, 768
0, 0, 0, 0, 0, 28, 296, 444, 0, 0, 0, 0, 0, 25, 212, 531, 0, 0, 0, 0, 0, 0, 31, 737
0, 0, 1, 17, 44, 85, 405, 216, 0, 0, 0, 12, 38, 71, 374, 273, 0, 0, 0, 8, 24, 57, 152, 527
0, 0, 0, 32, 31, 153, 443, 109, 0, 0, 0, 18, 34, 134, 436, 146, 0, 0, 0, 12, 31, 47, 137, 541
0, 0, 0, 64, 377, 269, 42, 16, 0, 0, 0, 0, 43, 326, 373, 26, 0, 19, 274, 287, 64, 55, 28, 41
0, 0, 2, 125, 512, 121, 8, 0, 0, 0, 0, 7, 72, 547, 139, 3, 0, 16, 395, 291, 56, 10, 0, 0
0, 0, 0, 313, 390, 56, 9, 0, 0, 0, 0, 0, 177, 551, 37, 3, 0, 56, 550, 148, 13, 1, 0, 0
0, 0, 2, 228, 440, 93, 5, 0, 0, 0, 0, 6, 421, 304, 33, 4, 0, 134, 437, 163, 28, 6, 0, 0
0, 0, 25, 531, 204, 8, 0, 0, 0, 0, 0, 11, 513, 239, 5, 0, 10, 384, 366, 8, 0, 0, 0, 0
0, 0, 0, 296, 170, 89, 21, 0, 0, 0, 0, 10, 421, 124, 21, 0, 0, 234, 191, 103, 40, 8, 0, 0
