62, 606, 219, 47, 30, 20, 14, 26, 6, 397, 444, 74, 36, 25, 8, 34, 50, 660, 155, 56, 33, 27, 7, 36
89, 501, 156, 75, 51, 24, 26, 102, 14, 558, 194, 66, 46, 34, 28, 84, 89, 558, 99, 68, 38, 33, 24, 115
41, 80, 107, 98, 80, 70, 72, 476, 54, 70, 92, 95, 80, 76, 83, 474, 30, 79, 85, 100, 85, 65, 76, 504
29, 99, 86, 71, 49, 58, 44, 588, 19, 57, 129, 74, 70, 45, 41, 589, 31, 95, 101, 54, 51, 44, 45, 603
56, 540, 161, 64, 43, 45, 36, 79, 14, 379, 303, 95, 43, 53, 33, 104, 173, 473, 98, 65, 38, 35, 41, 101
60, 892, 72, 0, 0, 0, 0, 0, 3, 690, 327, 4, 0, 0, 0, 0, 347, 651, 26, 0, 0, 0, 0, 0
232, 745, 47, 0, 0, 0, 0, 0, 174, 756, 93, 1, 0, 0, 0, 0, 588, 431, 5, 0, 0, 0, 0, 0
31, 385, 513, 92, 3, 0, 0, 0, 3, 376, 549, 91, 5, 0, 0, 0, 119, 565, 308, 32, 0, 0, 0, 0
75, 668, 265, 16, 0, 0, 0, 0, 2, 549, 449, 24, 0, 0, 0, 0, 382, 594, 48, 0, 0, 0, 0, 0
172, 644, 202, 6, 0, 0, 0, 0, 132, 473, 388, 30, 1, 0, 0, 0, 423, 560, 41, 0, 0, 0, 0, 0
64, 800, 160, 0, 0, 0, 0, 0, 7, 413, 596, 8, 0, 0, 0, 0, 347, 665, 12, 0, 0, 0, 0, 0
251, 746, 27, 0, 0, 0, 0, 0, 34, 850, 140, 0, 0, 0, 0, 0, 767, 255, 2, 0, 0, 0, 0, 0
529, 483, 12, 0, 0, 0, 0, 0, 174, 801, 49, 0, 0, 0, 0, 0, 865, 159, 0, 0, 0, 0, 0, 0
882, 142, 0, 0, 0, 0, 0, 0, 321, 702, 1, 0, 0, 0, 0, 0, 1017, 7, 0, 0, 0, 0, 0, 0
837, 187, 0, 0, 0, 0, 0, 0, 563, 460, 1, 0, 0, 0, 0, 0, 995, 29, 0, 0, 0, 0, 0, 0
977, 46, 1, 0, 0, 0, 0, 0, 788, 228, 7, 1, 0, 0, 0, 0, 1013, 10, 1, 0, 0, 0, 0, 0
969, 54, 1, 0, 0, 0, 0, 0, 694, 319, 10, 1, 0, 0, 0, 0, 1009, 15, 0, 0, 0, 0, 0, 0
879, 145, 0, 0, 0, 0, 0, 0, 548, 475, 1, 0, 0, 0, 0, 0, 1005, 19, 0, 0, 0, 0, 0, 0
526, 373, 93, 30, 2, 0, 0, 0, 210, 587, 147, 59, 21, 0, 0, 0, 752, 215, 52, 5, 0, 0, 0, 0
487, 237, 129, 120, 45, 6, 0, 0, 238, 425, 131, 113, 91, 26, 0, 0, 574, 239, 149, 51, 11, 0, 0, 0
205, 361, 308, 111, 32, 5, 2, 0, 79, 442, 329, 123, 37, 8, 6, 0, 335, 376, 223, 64, 18, 7, 1, 0
14, 243, 509, 194, 50, 12, 2, 0, 13, 241, 517, 192, 48, 10, 3, 0, 60, 451, 380, 104, 23, 6, 0, 0
24, 296, 470, 165, 48, 15, 6, 0, 21, 347, 451, 145, 38, 12, 9, 1, 83, 507, 318, 79, 25, 8, 4, 0
8, 153, 417, 310, 93, 27, 14, 2, 13, 162, 427, 280, 103, 22, 13, 4, 48, 336, 393, 178, 46, 13, 7, 3
14, 140, 439, 343, 67, 21, 0, 0, 18, 150, 489, 290, 55, 20, 2, 0, 59, 279, 487, 161, 27, 11, 0, 0
14, 306, 463, 180, 49, 9, 3, 0, 8, 296, 457, 195, 55, 11, 2, 0, 62, 457, 345, 107, 38, 12, 3, 0
17, 271, 550, 159, 25, 2, 0, 0, 12, 289, 529, 160, 31, 3, 0, 0, 80, 522, 333, 78, 11, 0, 0, 0
6, 286, 488, 198, 40, 5, 1, 0, 6, 291, 477, 203, 41, 5, 1, 0, 82, 449, 376, 95, 19, 2, 1, 0
20, 416, 398, 163, 24, 3, 0, 0, 19, 444, 386, 139, 31, 5, 0, 0, 116, 556, 253, 85, 14, 0, 0, 0
6, 420, 527, 63, 8, 0, 0, 0, 19, 606, 351, 44, 4, 0, 0, 0, 84, 681, 238, 19, 2, 0, 0, 0
29, 303, 561, 131, 0, 0, 0, 0, 51, 369, 505, 99, 0, 0, 0, 0, 107, 499, 400, 18, 0, 0, 0, 0
30, 447, 450, 71, 18, 7, 1, 0, 37, 572, 337, 57, 15, 6, 0, 0, 166, 611, 206, 28, 11, 2, 0, 0
15, 566, 408, 26, 9, 0, 0, 0, 47, 644, 313, 16, 4, 0, 0, 0, 193, 655, 164, 10, 2, 0, 0, 0
13, 369, 579, 63, 0, 0, 0, 0, 47, 576, 392, 9, 0, 0, 0, 0, 170, 624, 230, 0, 0, 0, 0, 0
4, 506, 466, 45, 3, 0, 0, 0, 23, 673, 308, 20, 0, 0, 0, 0, 175, 700, 140, 9, 0, 0, 0, 0
96, 687, 234, 7, 0, 0, 0, 0, 141, 763, 119, 1, 0, 0, 0, 0, 285, 684, 55, 0, 0, 0, 0, 0
10, 45, 121, 103, 78, 80, 66, 521, 20, 50, 112, 89, 90, 79, 69, 515, 4, 59, 109, 64, 95, 80, 65, 548
5, 14, 13, 16, 18, 9, 24, 925, 8, 14, 13, 14, 21, 16, 25, 913, 2, 9, 17, 13, 17, 13, 17, 936
0, 1, 3, 3, 10, 14, 11, 982, 1, 1, 3, 5, 9, 12, 10, 983, 0, 1, 1, 3, 5, 9, 14, 991
34, 20, 35, 33, 37, 47, 34, 784, 24, 20, 26, 36, 31, 48, 51, 788, 21, 22, 31, 31, 34, 46, 43, 796
39, 250, 203, 106, 66, 49, 38, 273, 35, 123, 321, 113, 67, 56, 54, 255, 50, 331, 139, 79, 55, 52, 55, 263
23, 445, 425, 63, 18, 8, 17, 25, 6, 266, 569, 110, 20, 8, 14, 31, 115, 638, 175, 30, 10, 11, 11, 34
34, 602, 380, 8, 0, 0, 0, 0, 14, 530, 478, 2, 0, 0, 0, 0, 146, 803, 75, 0, 0, 0, 0, 0
22, 596, 395, 11, 0, 0, 0, 0, 3, 589, 413, 19, 0, 0, 0, 0, 189, 776, 59, 0, 0, 0, 0, 0
430, 508, 81, 5, 0, 0, 0, 0, 368, 563, 91, 2, 0, 0, 0, 0, 578, 403, 43, 0, 0, 0, 0, 0
118, 583, 294, 28, 1, 0, 0, 0, 147, 593, 236, 47, 1, 0, 0, 0, 291, 675, 56, 2, 0, 0, 0, 0
42, 769, 202, 11, 0, 0, 0, 0, 2, 550, 441, 30, 1, 0, 0, 0, 396, 596, 32, 0, 0, 0, 0, 0
207, 758, 56, 3, 0, 0, 0, 0, 9, 818, 195, 2, 0, 0, 0, 0, 694, 325, 5, 0, 0, 0, 0, 0
230, 765, 29, 0, 0, 0, 0, 0, 62, 817, 141, 4, 0, 0, 0, 0, 735, 280, 9, 0, 0, 0, 0, 0
757, 267, 0, 0, 0, 0, 0, 0, 423, 601, 0, 0, 0, 0, 0, 0, 992, 32, 0, 0, 0, 0, 0, 0
844, 180, 0, 0, 0, 0, 0, 0, 621, 401, 2, 0, 0, 0, 0, 0, 962, 62, 0, 0, 0, 0, 0, 0
808, 201, 13, 2, 0, 0, 0, 0, 464, 520, 29, 9, 2, 0, 0, 0, 962, 54, 7, 1, 0, 0, 0, 0
813, 211, 0, 0, 0, 0, 0, 0, 363, 658, 3, 0, 0, 0, 0, 0, 981, 43, 0, 0, 0, 0, 0, 0
638, 297, 52, 30, 6, 1, 0, 0, 379, 543, 40, 47, 13, 2, 0, 0, 886, 68, 48, 20, 2, 0, 0, 0
183, 590, 180, 59, 12, 0, 0, 0, 65, 641, 212, 78, 28, 0, 0, 0, 623, 289, 92, 20, 0, 0, 0, 0
690, 277, 28, 17, 11, 1, 0, 0, 470, 485, 38, 20, 8, 2, 1, 0, 792, 194, 25, 11, 1, 1, 0, 0
144, 281, 280, 193, 103, 17, 4, 2, 37, 347, 286, 209, 117, 20, 6, 2, 235, 350, 244, 144, 38, 10, 3, 0
38, 154, 315, 318, 138, 48, 10, 3, 28, 142, 329, 310, 132, 62, 14, 7, 116, 256, 338, 204, 71, 30, 7, 2
60, 167, 388, 260, 99, 26, 16, 8, 44, 251, 370, 214, 90, 27, 13, 15, 125, 360, 320, 137, 48, 16, 13, 5
7, 127, 348, 323, 143, 59, 17, 0, 14, 179, 359, 289, 123, 52, 8, 0, 66, 270, 354, 199, 95, 38, 2, 0
6, 98, 488, 313, 95, 24, 0, 0, 6, 140, 507, 279, 72, 20, 0, 0, 29, 329, 441, 175, 38, 12, 0, 0
4, 199, 396, 277, 119, 26, 3, 0, 13, 290, 402, 238, 66, 13, 2, 0, 51, 395, 356, 178, 38, 6, 0, 0
6, 122, 476, 254, 141, 25, 0, 0, 6, 215, 468, 236, 85, 14, 0, 0, 23, 434, 328, 186, 50, 3, 0, 0
8, 228, 389, 284, 105, 10, 0, 0, 25, 287, 401, 252, 55, 4, 0, 0, 84, 401, 373, 141, 25, 0, 0, 0
11, 281, 450, 219, 59, 4, 0, 0, 10, 248, 477, 220, 61, 8, 0, 0, 80, 467, 353, 99, 24, 1, 0, 0
33, 347, 435, 180, 25, 4, 0, 0, 48, 423, 376, 149, 25, 3, 0, 0, 177, 464, 295, 71, 14, 3, 0, 0
95, 449, 311, 139, 30, 0, 0, 0, 127, 462, 274, 129, 29, 3, 0, 0, 302, 421, 220, 69, 12, 0, 0, 0
73, 710, 192, 27, 15, 7, 0, 0, 72, 717, 190, 25, 18, 2, 0, 0, 390, 554, 46, 25, 9, 0, 0, 0
49, 618, 283, 57, 16, 1, 0, 0, 65, 689, 209, 53, 8, 0, 0, 0, 262, 621, 102, 38, 1, 0, 0, 0
55, 507, 445, 17, 0, 0, 0, 0, 85, 704, 235, 0, 0, 0, 0, 0, 263, 704, 57, 0, 0, 0, 0, 0
42, 609, 354, 19, 0, 0, 0, 0, 83, 680, 240, 20, 1, 0, 0, 0, 221, 721, 69, 13, 0, 0, 0, 0
8, 573, 438, 5, 0, 0, 0, 0, 26, 656, 340, 2, 0, 0, 0, 0, 112, 853, 58, 1, 0, 0, 0, 0
1, 1, 3, 6, 4, 5, 4, 1000, 1, 2, 4, 6, 4, 5, 5, 997, 1, 1, 0, 7, 5, 5, 4, 1001
0, 0, 0, 0, 0, 0, 0, 1024, 0, 0, 0, 0, 0, 0, 0, 1024, 0, 0, 0, 0, 0, 0, 0, 1024
3, 5, 6, 7, 7, 4, 7, 985, 3, 5, 6, 7, 7, 4, 7, 985, 3, 5, 6, 7, 6, 5, 7, 985
46, 36, 37, 38, 40, 38, 48, 741, 47, 32, 29, 38, 37, 48, 50, 743, 37, 32, 36, 31, 43, 38, 46, 761
0, 1, 4, 4, 8, 10, 14, 983, 0, 1, 5, 3, 8, 10, 12, 985, 0, 1, 4, 4, 6, 12, 12, 985
31, 98, 440, 134, 28, 46, 35, 212, 19, 98, 425, 148, 42, 38, 39, 215, 42, 254, 337, 57, 38, 41, 35, 220
26, 558, 407, 33, 0, 0, 0, 0, 8, 525, 479, 12, 0, 0, 0, 0, 148, 733, 143, 0, 0, 0, 0, 0
132, 573, 306, 13, 0, 0, 0, 0, 72, 631, 298, 23, 0, 0, 0, 0, 220, 726, 76, 2, 0, 0, 0, 0
616, 345, 62, 1, 0, 0, 0, 0, 620, 343, 59, 2, 0, 0, 0, 0, 708, 288, 28, 0, 0, 0, 0, 0
145, 655, 206, 18, 0, 0, 0, 0, 140, 494, 363, 27, 0, 0, 0, 0, 465, 530, 29, 0, 0, 0, 0, 0
67, 875, 82, 0, 0, 0, 0, 0, 2, 826, 194, 2, 0, 0, 0, 0, 434, 583, 7, 0, 0, 0, 0, 0
76, 744, 190, 14, 0, 0, 0, 0, 33, 632, 333, 26, 0, 0, 0, 0, 403, 565, 56, 0, 0, 0, 0, 0
96, 813, 113, 2, 0, 0, 0, 0, 22, 614, 381, 7, 0, 0, 0, 0, 516, 500, 8, 0, 0, 0, 0, 0
382, 620, 22, 0, 0, 0, 0, 0, 127, 817, 80, 0, 0, 0, 0, 0, 882, 142, 0, 0, 0, 0, 0, 0
608, 416, 0, 0, 0, 0, 0, 0, 181, 843, 0, 0, 0, 0, 0, 0, 896, 128, 0, 0, 0, 0, 0, 0
540, 484, 0, 0, 0, 0, 0, 0, 249, 768, 7, 0, 0, 0, 0, 0, 920, 104, 0, 0, 0, 0, 0, 0
654, 366, 4, 0, 0, 0, 0, 0, 283, 723, 18, 0, 0, 0, 0, 0, 968, 56, 0, 0, 0, 0, 0, 0
550, 438, 26, 4, 6, 0, 0, 0, 307, 679, 23, 11, 3, 1, 0, 0, 733, 269, 14, 5, 3, 0, 0, 0
98, 320, 351, 189, 51, 10, 5, 0, 71, 311, 366, 194, 60, 18, 4, 0, 241, 397, 271, 84, 23, 7, 1, 0
194, 346, 298, 132, 42, 9, 3, 0, 110, 475, 272, 113, 38, 15, 1, 0, 214, 455, 254, 66, 27, 8, 0, 0
69, 285, 241, 213, 145, 59, 12, 0, 30, 320, 267, 195, 141, 57, 14, 0, 159, 331, 231, 180, 96, 27, 0, 0
15, 112, 317, 315, 178, 59, 24, 4, 18, 116, 329, 305, 171, 53, 26, 6, 56, 267, 361, 217, 85, 29, 9, 0
10, 148, 305, 278, 179, 84, 17, 3, 16, 184, 309, 245, 148, 91, 28, 3, 54, 267, 303, 211, 125, 55, 8, 1
1, 63, 275, 421, 199, 49, 16, 0, 3, 105, 326, 372, 166, 38, 14, 0, 10, 137, 335, 342, 145, 44, 11, 0
3, 60, 317, 380, 160, 76, 27, 1, 11, 101, 372, 340, 115, 56, 29, 0, 20, 141, 421, 268, 94, 37, 30, 13
5, 70, 423, 355, 153, 14, 4, 0, 2, 154, 458, 288, 107, 7, 8, 0, 7, 264, 415, 246, 77, 10, 5, 0
0, 125, 607, 209, 60, 22, 1, 0, 2, 298, 546, 98, 72, 8, 0, 0, 18, 524, 358, 66, 54, 4, 0, 0
3, 324, 514, 155, 25, 3, 0, 0, 9, 385, 483, 122, 18, 7, 0, 0, 85, 567, 290, 65, 15, 2, 0, 0
6, 358, 478, 139, 35, 8, 0, 0, 7, 421, 438, 115, 34, 8, 1, 0, 105, 600, 227, 68, 18, 5, 1, 0
33, 376, 419, 165, 26, 5, 0, 0, 25, 427, 410, 129, 24, 8, 1, 0, 177, 496, 287, 51, 11, 2, 0, 0
49, 457, 311, 144, 55, 7, 1, 0, 62, 432, 314, 131, 68, 17, 0, 0, 232, 499, 163, 85, 40, 5, 0, 0
136, 551, 219, 99, 13, 6, 0, 0, 141, 594, 207, 67, 10, 5, 0, 0, 447, 415, 121, 34, 6, 1, 0, 0
124, 712, 187, 1, 0, 0, 0, 0, 132, 770, 122, 0, 0, 0, 0, 0, 442, 554, 28, 0, 0, 0, 0, 0
47, 412, 412, 126, 26, 1, 0, 0, 67, 530, 343, 71, 13, 0, 0, 0, 192, 617, 173, 38, 4, 0, 0, 0
14, 428, 439, 114, 28, 1, 0, 0, 46, 582, 318, 61, 17, 0, 0, 0, 158, 627, 188, 46, 5, 0, 0, 0
1, 289, 555, 139, 31, 7, 2, 0, 15, 518, 388, 82, 15, 6, 0, 0, 75, 645, 249, 43, 11, 1, 0, 0
0, 0, 0, 0, 0, 0, 0, 1024, 0, 0, 0, 0, 0, 0, 0, 1024, 0, 0, 0, 0, 0, 0, 0, 1024
0, 0, 0, 0, 0, 0, 0, 1024, 0, 0, 0, 0, 0, 0, 0, 1024, 0, 0, 0, 0, 0, 0, 0, 1024
5, 2, 2, 0, 0, 2, 3, 1010, 5, 2, 2, 0, 0, 2, 3, 1010, 5, 2, 2, 0, 0, 2, 3, 1010
0, 0, 1, 1, 2, 0, 0, 1020, 0, 0, 1, 1, 2, 0, 0, 1020, 0, 0, 1, 1, 2, 0, 0, 1020
7, 9, 34, 72, 33, 25, 25, 819, 4, 4, 20, 84, 28, 23, 23, 838, 3, 4, 41, 66, 25, 21, 23, 841
20, 145, 539, 163, 13, 12, 10, 122, 12, 89, 549, 207, 18, 16, 8, 125, 13, 353, 420, 70, 20, 15, 9, 124
60, 574, 366, 24, 0, 0, 0, 0, 35, 575, 391, 23, 0, 0, 0, 0, 187, 721, 116, 0, 0, 0, 0, 0
128, 688, 197, 11, 0, 0, 0, 0, 108, 671, 231, 14, 0, 0, 0, 0, 278, 676, 69, 1, 0, 0, 0, 0
88, 590, 323, 22, 1, 0, 0, 0, 88, 444, 433, 56, 3, 0, 0, 0, 255, 687, 77, 5, 0, 0, 0, 0
150, 622, 236, 16, 0, 0, 0, 0, 124, 544, 339, 17, 0, 0, 0, 0, 312, 645, 66, 1, 0, 0, 0, 0
30, 750, 230, 14, 0, 0, 0, 0, 36, 717, 251, 20, 0, 0, 0, 0, 318, 644, 62, 0, 0, 0, 0, 0
17, 734, 265, 8, 0, 0, 0, 0, 9, 545, 443, 27, 0, 0, 0, 0, 361, 564, 99, 0, 0, 0, 0, 0
118, 831, 75, 0, 0, 0, 0, 0, 2, 729, 293, 0, 0, 0, 0, 0, 490, 526, 8, 0, 0, 0, 0, 0
149, 858, 17, 0, 0, 0, 0, 0, 8, 829, 187, 0, 0, 0, 0, 0, 697, 326, 1, 0, 0, 0, 0, 0
56, 816, 150, 2, 0, 0, 0, 0, 7, 693, 320, 4, 0, 0, 0, 0, 481, 538, 5, 0, 0, 0, 0, 0
53, 728, 163, 78, 2, 0, 0, 0, 7, 651, 205, 87, 73, 1, 0, 0, 488, 491, 42, 3, 0, 0, 0, 0
173, 820, 27, 4, 0, 0, 0, 0, 18, 953, 40, 12, 1, 0, 0, 0, 728, 290, 6, 0, 0, 0, 0, 0
565, 318, 64, 52, 21, 3, 1, 0, 263, 603, 59, 61, 32, 5, 1, 0, 743, 169, 62, 40, 8, 2, 0, 0
15, 102, 257, 323, 207, 101, 18, 1, 7, 87, 263, 273, 257, 116, 18, 3, 77, 321, 348, 175, 89, 10, 2, 2
314, 366, 142, 95, 61, 34, 8, 4, 172, 481, 165, 99, 61, 34, 8, 4, 429, 346, 115, 76, 43, 8, 6, 1
42, 246, 341, 238, 111, 36, 8, 2, 49, 221, 345, 243, 122, 35, 6, 3, 138, 327, 329, 145, 66, 12, 7, 0
11, 133, 340, 299, 166, 51, 18, 6, 16, 158, 329, 307, 147, 51, 9, 7, 50, 288, 344, 225, 84, 24, 7, 2
15, 102, 332, 326, 173, 63, 13, 0, 21, 112, 378, 304, 144, 51, 13, 1, 51, 231, 404, 222, 80, 35, 1, 0
2, 37, 120, 201, 212, 318, 125, 9, 3, 51, 137, 187, 200, 225, 205, 16, 5, 52, 114, 173, 183, 126, 255, 116
2, 58, 180, 237, 172, 264, 107, 4, 4, 55, 208, 237, 158, 233, 128, 1, 11, 103, 215, 206, 122, 99, 226, 42
2, 86, 380, 380, 137, 30, 9, 0, 4, 120, 414, 358, 108, 14, 6, 0, 21, 255, 433, 234, 64, 15, 2, 0
3, 190, 639, 173, 18, 1, 0, 0, 17, 316, 583, 96, 12, 0, 0, 0, 79, 530, 369, 42, 4, 0, 0, 0
0, 297, 663, 60, 4, 0, 0, 0, 5, 444, 546, 26, 3, 0, 0, 0, 61, 751, 203, 7, 2, 0, 0, 0
12, 476, 451, 71, 12, 1, 1, 0, 11, 588, 373, 42, 7, 3, 0, 0, 240, 631, 129, 19, 4, 1, 0, 0
69, 809, 139, 7, 0, 0, 0, 0, 22, 837, 158, 7, 0, 0, 0, 0, 470, 510, 40, 4, 0, 0, 0, 0
69, 685, 243, 24, 3, 0, 0, 0, 39, 786, 188, 9, 2, 0, 0, 0, 369, 575, 74, 6, 0, 0, 0, 0
67, 696, 234, 27, 0, 0, 0, 0, 32, 701, 269, 22, 0, 0, 0, 0, 404, 528, 90, 2, 0, 0, 0, 0
52, 537, 304, 120, 11, 0, 0, 0, 86, 601, 253, 76, 8, 0, 0, 0, 343, 481, 164, 33, 3, 0, 0, 0
21, 372, 517, 105, 9, 0, 0, 0, 58, 531, 382, 44, 9, 0, 0, 0, 156, 613, 237, 13, 5, 0, 0, 0
9, 302, 601, 103, 9, 0, 0, 0, 28, 526, 429, 36, 5, 0, 0, 0, 137, 661, 213, 13, 0, 0, 0, 0
7, 479, 522, 16, 0, 0, 0, 0, 58, 766, 199, 1, 0, 0, 0, 0, 164, 825, 35, 0, 0, 0, 0, 0
0, 0, 0, 0, 0, 0, 0, 1024, 0, 0, 0, 0, 0, 0, 0, 1024, 0, 0, 0, 0, 0, 0, 0, 1024
0, 0, 0, 0, 0, 0, 0, 1024, 0, 0, 0, 0, 0, 0, 0, 1024, 0, 0, 0, 0, 0, 0, 0, 1024
0, 0, 0, 0, 0, 0, 0, 1024, 0, 0, 0, 0, 0, 0, 0, 1024, 0, 0, 0, 0, 0, 0, 0, 1024
0, 0, 0, 0, 0, 0, 0, 1024, 0, 0, 0, 0, 0, 0, 0, 1024, 0, 0, 0, 0, 0, 0, 0, 1024
13, 16, 40, 33, 38, 36, 28, 820, 7, 20, 28, 44, 37, 37, 29, 822, 8, 15, 27, 47, 33, 35, 33, 826
40, 169, 531, 153, 39, 26, 18, 48, 24, 137, 537, 192, 39, 22, 21, 52, 32, 377, 385, 90, 45, 23, 16, 56
48, 548, 394, 34, 0, 0, 0, 0, 23, 585, 395, 21, 0, 0, 0, 0, 104, 771, 149, 0, 0, 0, 0, 0
149, 629, 233, 13, 0, 0, 0, 0, 141, 586, 271, 26, 0, 0, 0, 0, 312, 623, 88, 1, 0, 0, 0, 0
145, 797, 82, 0, 0, 0, 0, 0, 175, 749, 99, 1, 0, 0, 0, 0, 329, 686, 9, 0, 0, 0, 0, 0
155, 662, 204, 3, 0, 0, 0, 0, 250, 622, 150, 2, 0, 0, 0, 0, 417, 572, 34, 1, 0, 0, 0, 0
9, 572, 416, 27, 0, 0, 0, 0, 12, 363, 619, 30, 0, 0, 0, 0, 219, 700, 105, 0, 0, 0, 0, 0
31, 583, 381, 29, 0, 0, 0, 0, 3, 431, 545, 45, 0, 0, 0, 0, 283, 645, 96, 0, 0, 0, 0, 0
16, 732, 274, 2, 0, 0, 0, 0, 9, 458, 541, 16, 0, 0, 0, 0, 239, 760, 25, 0, 0, 0, 0, 0
31, 712, 267, 14, 0, 0, 0, 0, 1, 655, 344, 24, 0, 0, 0, 0, 309, 666, 49, 0, 0, 0, 0, 0
2, 381, 583, 58, 0, 0, 0, 0, 1, 473, 537, 13, 0, 0, 0, 0, 109, 798, 117, 0, 0, 0, 0, 0
29, 281, 265, 428, 21, 0, 0, 0, 14, 301, 63, 102, 521, 23, 0, 0, 96, 698, 214, 16, 0, 0, 0, 0
112, 791, 114, 7, 0, 0, 0, 0, 18, 768, 163, 66, 9, 0, 0, 0, 498, 513, 13, 0, 0, 0, 0, 0
300, 710, 14, 0, 0, 0, 0, 0, 45, 941, 38, 0, 0, 0, 0, 0, 608, 415, 1, 0, 0, 0, 0, 0
25, 58, 135, 402, 187, 163, 54, 0, 9, 51, 41, 124, 456, 294, 47, 2, 67, 387, 324, 93, 142, 11, 0, 0
167, 269, 196, 179, 114, 82, 17, 0, 170, 269, 212, 179, 104, 76, 14, 0, 252, 286, 225, 133, 108, 17, 3, 0
298, 298, 178, 152, 80, 16, 2, 0, 59, 530, 176, 156, 88, 13, 2, 0, 215, 460, 164, 135, 40, 9, 1, 0
287, 362, 172, 133, 50, 18, 2, 0, 42, 598, 185, 128, 54, 12, 5, 0, 298, 413, 180, 90, 37, 4, 2, 0
104, 629, 118, 94, 61, 15, 3, 0, 5, 682, 135, 107, 70, 21, 4, 0, 69, 664, 98, 102, 52, 33, 6, 0
4, 30, 78, 123, 151, 466, 170, 2, 0, 18, 62, 106, 160, 233, 436, 9, 1, 21, 40, 90, 130, 137, 310, 295
2, 29, 181, 283, 213, 278, 38, 0, 0, 43, 216, 257, 215, 246, 47, 0, 9, 106, 243, 208, 141, 122, 181, 14
4, 107, 447, 357, 97, 11, 1, 0, 3, 153, 514, 263, 80, 11, 0, 0, 51, 349, 445, 146, 31, 2, 0, 0
5, 264, 526, 195, 33, 1, 0, 0, 9, 368, 451, 156, 37, 3, 0, 0, 92, 538, 310, 77, 6, 1, 0, 0
1, 122, 737, 152, 12, 0, 0, 0, 0, 265, 674, 81, 4, 0, 0, 0, 46, 652, 297, 28, 1, 0, 0, 0
15, 442, 457, 104, 5, 1, 0, 0, 5, 501, 414, 99, 5, 0, 0, 0, 128, 609, 240, 45, 2, 0, 0, 0
0, 576, 385, 51, 12, 0, 0, 0, 2, 591, 380, 40, 11, 0, 0, 0, 169, 736, 87, 28, 4, 0, 0, 0
54, 703, 201, 51, 14, 1, 0, 0, 5, 757, 210, 39, 13, 0, 0, 0, 407, 504, 85, 26, 2, 0, 0, 0
61, 756, 123, 78, 6, 0, 0, 0, 19, 819, 134, 48, 4, 0, 0, 0, 524, 385, 98, 17, 0, 0, 0, 0
30, 555, 406, 31, 2, 0, 0, 0, 30, 758, 218, 18, 0, 0, 0, 0, 231, 702, 79, 12, 0, 0, 0, 0
3, 404, 581, 36, 0, 0, 0, 0, 31, 616, 358, 19, 0, 0, 0, 0, 158, 741, 121, 4, 0, 0, 0, 0
0, 277, 597, 148, 2, 0, 0, 0, 3, 483, 465, 73, 0, 0, 0, 0, 53, 673, 278, 20, 0, 0, 0, 0
0, 382, 451, 144, 43, 4, 0, 0, 8, 475, 409, 104, 27, 1, 0, 0, 108, 635, 207, 61, 13, 0, 0, 0
0, 0, 0, 0, 0, 0, 0, 1024, 0, 0, 0, 0, 0, 0, 0, 1024, 0, 0, 0, 0, 0, 0, 0, 1024
0, 0, 0, 0, 0, 0, 0, 1024, 0, 0, 0, 0, 0, 0, 0, 1024, 0, 0, 0, 0, 0, 0, 0, 1024
0, 0, 0, 0, 0, 0, 0, 1024, 0, 0, 0, 0, 0, 0, 0, 1024, 0, 0, 0, 0, 0, 0, 0, 1024
0, 0, 0, 0, 0, 0, 0, 1024, 0, 0, 0, 0, 0, 0, 0, 1024, 0, 0, 0, 0, 0, 0, 0, 1024
1, 0, 1, 0, 1, 1, 3, 1017, 1, 0, 1, 0, 1, 1, 3, 1017, 1, 0, 1, 0, 1, 1, 3, 1017
42, 158, 194, 64, 34, 42, 43, 447, 32, 112, 227, 82, 40, 42, 45, 444, 27, 179, 184, 60, 38, 36, 49, 451
10, 382, 580, 48, 3, 1, 0, 0, 3, 348, 653, 16, 3, 1, 0, 0, 32, 749, 238, 3, 2, 0, 0, 0
125, 736, 158, 5, 0, 0, 0, 0, 139, 744, 141, 0, 0, 0, 0, 0, 249, 723, 52, 0, 0, 0, 0, 0
172, 779, 72, 1, 0, 0, 0, 0, 172, 783, 69, 0, 0, 0, 0, 0, 235, 745, 43, 1, 0, 0, 0, 0
2, 384, 596, 42, 0, 0, 0, 0, 12, 528, 436, 48, 0, 0, 0, 0, 35, 725, 264, 0, 0, 0, 0, 0
23, 380, 568, 52, 1, 0, 0, 0, 24, 371, 562, 67, 0, 0, 0, 0, 80, 776, 165, 3, 0, 0, 0, 0
12, 617, 368, 27, 0, 0, 0, 0, 16, 534, 442, 32, 0, 0, 0, 0, 120, 796, 108, 0, 0, 0, 0, 0
39, 608, 345, 27, 5, 0, 0, 0, 36, 574, 380, 30, 4, 0, 0, 0, 157, 755, 102, 8, 2, 0, 0, 0
10, 533, 448, 33, 0, 0, 0, 0, 12, 677, 307, 28, 0, 0, 0, 0, 89, 837, 96, 2, 0, 0, 0, 0
0, 229, 684, 111, 0, 0, 0, 0, 0, 489, 509, 26, 0, 0, 0, 0, 21, 724, 265, 14, 0, 0, 0, 0
6, 205, 311, 489, 13, 0, 0, 0, 8, 226, 83, 146, 553, 8, 0, 0, 61, 724, 235, 4, 0, 0, 0, 0
146, 815, 62, 1, 0, 0, 0, 0, 19, 828, 158, 19, 0, 0, 0, 0, 248, 774, 2, 0, 0, 0, 0, 0
154, 814, 30, 24, 2, 0, 0, 0, 17, 942, 24, 29, 12, 0, 0, 0, 197, 789, 36, 2, 0, 0, 0, 0
1, 11, 155, 330, 212, 244, 71, 0, 0, 8, 74, 173, 444, 282, 43, 0, 52, 263, 280, 167, 228, 34, 0, 0
180, 319, 256, 177, 70, 15, 5, 2, 86, 435, 246, 165, 66, 20, 5, 1, 212, 401, 252, 114, 31, 9, 5, 0
711, 313, 0, 0, 0, 0, 0, 0, 90, 934, 0, 0, 0, 0, 0, 0, 427, 597, 0, 0, 0, 0, 0, 0
530, 494, 0, 0, 0, 0, 0, 0, 0, 1024, 0, 0, 0, 0, 0, 0, 174, 850, 0, 0, 0, 0, 0, 0
86, 720, 104, 82, 32, 0, 0, 0, 0, 760, 129, 89, 40, 6, 0, 0, 38, 797, 105, 62, 21, 1, 0, 0
10, 90, 210, 315, 222, 120, 55, 2, 4, 82, 203, 304, 220, 123, 84, 4, 16, 123, 239, 273, 162, 103, 89, 19
2, 40, 239, 402, 218, 93, 26, 4, 3, 47, 295, 403, 165, 83, 25, 3, 9, 130, 352, 312, 111, 66, 40, 4
2, 75, 518, 367, 55, 7, 0, 0, 2, 167, 594, 221, 33, 6, 1, 0, 19, 448, 449, 92, 15, 1, 0, 0
1, 173, 576, 233, 35, 5, 1, 0, 4, 261, 543, 176, 38, 2, 0, 0, 56, 465, 422, 68, 11, 2, 0, 0
3, 198, 608, 189, 23, 3, 0, 0, 2, 317, 560, 134, 11, 0, 0, 0, 54, 589, 337, 39, 5, 0, 0, 0
12, 537, 377, 81, 13, 4, 0, 0, 2, 433, 487, 86, 14, 2, 0, 0, 235, 595, 161, 28, 5, 0, 0, 0
14, 791, 211, 8, 0, 0, 0, 0, 8, 681, 325, 10, 0, 0, 0, 0, 278, 703, 43, 0, 0, 0, 0, 0
37, 815, 123, 39, 10, 0, 0, 0, 25, 729, 215, 46, 9, 0, 0, 0, 468, 474, 60, 22, 0, 0, 0, 0
13, 805, 204, 2, 0, 0, 0, 0, 2, 799, 222, 1, 0, 0, 0, 0, 342, 665, 17, 0, 0, 0, 0, 0
15, 591, 402, 16, 0, 0, 0, 0, 17, 749, 252, 6, 0, 0, 0, 0, 160, 805, 57, 2, 0, 0, 0, 0
2, 262, 500, 228, 31, 1, 0, 0, 17, 417, 431, 144, 15, 0, 0, 0, 96, 542, 310, 73, 3, 0, 0, 0
0, 124, 612, 277, 11, 0, 0, 0, 2, 340, 604, 75, 3, 0, 0, 0, 24, 565, 405, 30, 0, 0, 0, 0
14, 554, 413, 43, 0, 0, 0, 0, 31, 764, 215, 14, 0, 0, 0, 0, 310, 639, 75, 0, 0, 0, 0, 0
0, 0, 0, 0, 0, 0, 0, 1024, 0, 0, 0, 0, 0, 0, 0, 1024, 0, 0, 0, 0, 0, 0, 0, 1024
0, 0, 0, 0, 0, 0, 0, 1024, 0, 0, 0, 0, 0, 0, 0, 1024, 0, 0, 0, 0, 0, 0, 0, 1024
0, 0, 0, 0, 0, 0, 0, 1024, 0, 0, 0, 0, 0, 0, 0, 1024, 0, 0, 0, 0, 0, 0, 0, 1024
0, 0, 0, 0, 0, 0, 0, 1024, 0, 0, 0, 0, 0, 0, 0, 1024, 0, 0, 0, 0, 0, 0, 0, 1024
0, 0, 0, 0, 0, 0, 0, 1024, 0, 0, 0, 0, 0, 0, 0, 1024, 0, 0, 0, 0, 0, 0, 0, 1024
12, 32, 40, 49, 36, 44, 45, 766, 7, 20, 52, 55, 37, 37, 48, 768, 6, 16, 62, 42, 45, 34, 49, 770
7, 235, 427, 146, 56, 31, 28, 94, 3, 208, 485, 126, 50, 37, 22, 93, 12, 394, 361, 70, 37, 37, 23, 90
30, 609, 369, 14, 2, 0, 0, 0, 17, 704, 295, 7, 1, 0, 0, 0, 105, 802, 111, 6, 0, 0, 0, 0
10, 339, 505, 166, 4, 0, 0, 0, 16, 432, 495, 80, 1, 0, 0, 0, 33, 497, 437, 56, 1, 0, 0, 0
5, 320, 581, 112, 6, 0, 0, 0, 12, 504, 433, 72, 3, 0, 0, 0, 51, 704, 261, 8, 0, 0, 0, 0
17, 289, 589, 126, 3, 0, 0, 0, 49, 519, 385, 71, 0, 0, 0, 0, 90, 571, 327, 36, 0, 0, 0, 0
40, 484, 405, 93, 2, 0, 0, 0, 94, 564, 313, 53, 0, 0, 0, 0, 182, 587, 230, 25, 0, 0, 0, 0
27, 721, 276, 0, 0, 0, 0, 0, 86, 848, 90, 0, 0, 0, 0, 0, 189, 797, 38, 0, 0, 0, 0, 0
26, 768, 230, 0, 0, 0, 0, 0, 67, 889, 68, 0, 0, 0, 0, 0, 159, 827, 38, 0, 0, 0, 0, 0
1, 359, 604, 60, 0, 0, 0, 0, 2, 695, 322, 5, 0, 0, 0, 0, 34, 876, 114, 0, 0, 0, 0, 0
22, 194, 203, 586, 19, 0, 0, 0, 9, 210, 46, 99, 630, 30, 0, 0, 92, 678, 248, 6, 0, 0, 0, 0
201, 711, 77, 35, 0, 0, 0, 0, 32, 857, 36, 68, 31, 0, 0, 0, 214, 789, 21, 0, 0, 0, 0, 0
99, 719, 57, 148, 1, 0, 0, 0, 6, 799, 26, 50, 140, 3, 0, 0, 129, 771, 121, 3, 0, 0, 0, 0
0, 27, 144, 306, 206, 224, 110, 7, 0, 49, 81, 122, 419, 277, 75, 1, 24, 250, 271, 242, 198, 39, 0, 0
269, 654, 59, 13, 16, 5, 7, 1, 71, 876, 34, 18, 14, 5, 5, 1, 351, 614, 26, 15, 8, 8, 2, 0
512, 512, 0, 0, 0, 0, 0, 0, 13, 1011, 0, 0, 0, 0, 0, 0, 386, 638, 0, 0, 0, 0, 0, 0
224, 758, 20, 17, 5, 0, 0, 0, 0, 970, 23, 23, 8, 0, 0, 0, 122, 859, 12, 21, 10, 0, 0, 0
22, 241, 162, 132, 130, 165, 171, 1, 2, 234, 161, 117, 127, 140, 233, 10, 9, 263, 144, 119, 92, 101, 114, 182
5, 12, 43, 72, 56, 517, 317, 2, 7, 10, 34, 71, 51, 126, 721, 4, 5, 15, 39, 75, 34, 46, 188, 622
6, 49, 188, 260, 242, 228, 50, 1, 5, 34, 192, 266, 231, 190, 104, 2, 5, 69, 220, 233, 197, 125, 155, 20
1, 58, 444, 350, 125, 43, 3, 0, 1, 119, 486, 300, 91, 26, 1, 0, 5, 275, 430, 202, 78, 33, 1, 0
2, 114, 582, 258, 59, 9, 0, 0, 7, 220, 601, 147, 46, 3, 0, 0, 38, 459, 406, 93, 27, 1, 0, 0
3, 102, 587, 293, 22, 13, 4, 0, 6, 154, 681, 142, 29, 10, 2, 0, 38, 428, 470, 64, 17, 7, 0, 0
3, 211, 403, 173, 175, 59, 0, 0, 1, 184, 478, 229, 126, 5, 1, 0, 137, 412, 235, 205, 34, 1, 0, 0
0, 280, 429, 215, 86, 14, 0, 0, 0, 324, 537, 127, 35, 1, 0, 0, 74, 563, 278, 94, 15, 0, 0, 0
5, 215, 425, 299, 69, 11, 0, 0, 0, 312, 545, 153, 13, 1, 0, 0, 74, 575, 293, 75, 7, 0, 0, 0
0, 235, 542, 174, 71, 2, 0, 0, 0, 459, 464, 95, 6, 0, 0, 0, 63, 677, 249, 35, 0, 0, 0, 0
0, 154, 529, 300, 41, 0, 0, 0, 2, 327, 564, 126, 5, 0, 0, 0, 31, 540, 380, 70, 3, 0, 0, 0
0, 103, 557, 335, 28, 1, 0, 0, 11, 364, 541, 105, 3, 0, 0, 0, 49, 531, 407, 36, 1, 0, 0, 0
1, 287, 497, 226, 13, 0, 0, 0, 11, 415, 465, 128, 5, 0, 0, 0, 139, 534, 307, 44, 0, 0, 0, 0
0, 105, 626, 280, 13, 0, 0, 0, 2, 308, 612, 100, 2, 0, 0, 0, 85, 577, 339, 23, 0, 0, 0, 0
0, 0, 0, 0, 0, 0, 0, 1024, 0, 0, 0, 0, 0, 0, 0, 1024, 0, 0, 0, 0, 0, 0, 0, 1024
0, 0, 0, 0, 0, 0, 0, 1024, 0, 0, 0, 0, 0, 0, 0, 1024, 0, 0, 0, 0, 0, 0, 0, 1024
0, 0, 0, 0, 0, 0, 0, 1024, 0, 0, 0, 0, 0, 0, 0, 1024, 0, 0, 0, 0, 0, 0, 0, 1024
0, 0, 0, 0, 0, 0, 0, 1024, 0, 0, 0, 0, 0, 0, 0, 1024, 0, 0, 0, 0, 0, 0, 0, 1024
0, 0, 0, 0, 0, 0, 0, 1024, 0, 0, 0, 0, 0, 0, 0, 1024, 0, 0, 0, 0, 0, 0, 0, 1024
0, 0, 0, 0, 0, 0, 0, 1024, 0, 0, 0, 0, 0, 0, 0, 1024, 0, 0, 0, 0, 0, 0, 0, 1024
24, 17, 29, 27, 34, 35, 39, 819, 20, 18, 34, 19, 36, 31, 43, 823, 19, 17, 30, 21, 37, 31, 37, 832
84, 136, 350, 170, 62, 28, 41, 153, 73, 125, 418, 134, 47, 33, 37, 157, 84, 258, 340, 81, 37, 30, 40, 154
0, 10, 496, 467, 49, 2, 0, 0, 0, 27, 611, 360, 25, 1, 0, 0, 0, 95, 775, 153, 1, 0, 0, 0
0, 99, 668, 256, 1, 0, 0, 0, 0, 188, 753, 83, 0, 0, 0, 0, 0, 280, 716, 28, 0, 0, 0, 0
4, 78, 636, 297, 9, 0, 0, 0, 8, 190, 704, 120, 2, 0, 0, 0, 13, 245, 689, 76, 1, 0, 0, 0
32, 416, 422, 121, 30, 3, 0, 0, 62, 559, 297, 83, 22, 1, 0, 0, 140, 582, 233, 60, 9, 0, 0, 0
50, 623, 341, 10, 0, 0, 0, 0, 169, 675, 180, 0, 0, 0, 0, 0, 223, 731, 70, 0, 0, 0, 0, 0
32, 820, 168, 4, 0, 0, 0, 0, 122, 784, 118, 0, 0, 0, 0, 0, 187, 809, 28, 0, 0, 0, 0, 0
0, 512, 503, 9, 0, 0, 0, 0, 4, 788, 232, 0, 0, 0, 0, 0, 43, 931, 50, 0, 0, 0, 0, 0
43, 138, 161, 671, 11, 0, 0, 0, 13, 159, 21, 31, 759, 41, 0, 0, 81, 656, 264, 23, 0, 0, 0, 0
91, 718, 98, 117, 0, 0, 0, 0, 26, 768, 31, 62, 137, 0, 0, 0, 177, 815, 32, 0, 0, 0, 0, 0
30, 682, 67, 206, 37, 2, 0, 0, 0, 674, 60, 64, 197, 27, 2, 0, 33, 774, 198, 19, 0, 0, 0, 0
7, 236, 75, 175, 230, 266, 35, 0, 29, 220, 68, 124, 264, 293, 26, 0, 105, 292, 202, 200, 205, 20, 0, 0
18, 997, 9, 0, 0, 0, 0, 0, 13, 1003, 8, 0, 0, 0, 0, 0, 73, 951, 0, 0, 0, 0, 0, 0
177, 707, 90, 22, 20, 3, 2, 3, 2, 859, 112, 28, 16, 3, 1, 3, 100, 793, 83, 19, 19, 5, 2, 3
33, 508, 122, 71, 48, 78, 157, 7, 0, 499, 161, 55, 60, 69, 156, 24, 27, 529, 103, 46, 54, 51, 71, 143
0, 4, 48, 77, 118, 241, 534, 2, 0, 1, 25, 73, 77, 168, 675, 5, 0, 0, 25, 55, 59, 107, 148, 630
0, 0, 0, 1, 2, 660, 361, 0, 0, 0, 0, 2, 1, 71, 950, 0, 0, 0, 0, 0, 1, 3, 160, 860
2, 28, 74, 111, 145, 542, 122, 0, 2, 24, 66, 105, 149, 464, 214, 0, 0, 26, 72, 95, 116, 143, 519, 53
1, 5, 77, 101, 184, 649, 7, 0, 0, 11, 78, 110, 147, 670, 8, 0, 0, 24, 78, 88, 104, 160, 566, 4
0, 1, 52, 272, 488, 211, 0, 0, 0, 6, 86, 300, 358, 274, 0, 0, 0, 11, 73, 229, 274, 347, 90, 0
2, 94, 439, 435, 52, 2, 0, 0, 0, 85, 528, 365, 44, 2, 0, 0, 31, 317, 497, 159, 17, 3, 0, 0
3, 96, 444, 374, 104, 3, 0, 0, 1, 116, 532, 333, 42, 0, 0, 0, 43, 373, 491, 109, 8, 0, 0, 0
1, 81, 564, 317, 59, 2, 0, 0, 2, 201, 616, 188, 15, 2, 0, 0, 15, 465, 449, 92, 3, 0, 0, 0
3, 37, 320, 419, 219, 25, 1, 0, 3, 132, 469, 392, 27, 1, 0, 0, 15, 238, 502, 258, 11, 0, 0, 0
0, 23, 200, 478, 318, 5, 0, 0, 1, 87, 455, 473, 8, 0, 0, 0, 8, 185, 548, 282, 1, 0, 0, 0
0, 54, 514, 426, 30, 0, 0, 0, 8, 230, 637, 137, 12, 0, 0, 0, 18, 385, 545, 72, 4, 0, 0, 0
0, 13, 413, 401, 141, 53, 3, 0, 1, 143, 514, 256, 96, 14, 0, 0, 4, 311, 471, 171, 63, 4, 0, 0
0, 39, 524, 416, 41, 4, 0, 0, 2, 131, 744, 131, 15, 1, 0, 0, 18, 385, 537, 80, 4, 0, 0, 0
6, 297, 616, 104, 1, 0, 0, 0, 25, 456, 518, 24, 1, 0, 0, 0, 129, 740, 152, 3, 0, 0, 0, 0
0, 0, 0, 0, 0, 0, 0, 1024, 0, 0, 0, 0, 0, 0, 0, 1024, 0, 0, 0, 0, 0, 0, 0, 1024
0, 0, 0, 0, 0, 0, 0, 1024, 0, 0, 0, 0, 0, 0, 0, 1024, 0, 0, 0, 0, 0, 0, 0, 1024
0, 0, 0, 0, 0, 0, 0, 1024, 0, 0, 0, 0, 0, 0, 0, 1024, 0, 0, 0, 0, 0, 0, 0, 1024
0, 0, 0, 0, 0, 0, 0, 1024, 0, 0, 0, 0, 0, 0, 0, 1024, 0, 0, 0, 0, 0, 0, 0, 1024
0, 0, 0, 0, 0, 0, 0, 1024, 0, 0, 0, 0, 0, 0, 0, 1024, 0, 0, 0, 0, 0, 0, 0, 1024
0, 0, 1, 0, 0, 3, 6, 1014, 0, 0, 1, 0, 0, 3, 6, 1014, 0, 0, 1, 0, 0, 3, 6, 1014
91, 176, 149, 77, 69, 44, 45, 373, 74, 108, 210, 91, 61, 57, 48, 375, 67, 161, 171, 74, 66, 59, 44, 382
61, 573, 192, 164, 24, 3, 2, 5, 21, 543, 303, 127, 17, 5, 3, 5, 95, 579, 255, 72, 11, 5, 2, 5
0, 2, 304, 635, 77, 6, 0, 0, 0, 13, 516, 440, 53, 2, 0, 0, 0, 45, 670, 292, 16, 1, 0, 0
0, 111, 652, 235, 25, 1, 0, 0, 2, 161, 665, 174, 20, 2, 0, 0, 9, 233, 686, 92, 4, 0, 0, 0
2, 185, 677, 160, 0, 0, 0, 0, 9, 334, 628, 53, 0, 0, 0, 0, 20, 475, 505, 24, 0, 0, 0, 0
26, 540, 368, 89, 1, 0, 0, 0, 46, 636, 300, 42, 0, 0, 0, 0, 178, 601, 225, 20, 0, 0, 0, 0
28, 545, 441, 10, 0, 0, 0, 0, 79, 625, 319, 1, 0, 0, 0, 0, 210, 679, 134, 1, 0, 0, 0, 0
72, 763, 188, 1, 0, 0, 0, 0, 168, 799, 57, 0, 0, 0, 0, 0, 281, 721, 22, 0, 0, 0, 0, 0
3, 437, 554, 30, 0, 0, 0, 0, 0, 665, 357, 2, 0, 0, 0, 0, 20, 923, 81, 0, 0, 0, 0, 0
30, 116, 130, 718, 30, 0, 0, 0, 28, 105, 27, 25, 782, 57, 0, 0, 69, 687, 255, 13, 0, 0, 0, 0
40, 694, 114, 176, 0, 0, 0, 0, 4, 707, 30, 85, 198, 0, 0, 0, 181, 806, 37, 0, 0, 0, 0, 0
65, 512, 70, 310, 59, 8, 0, 0, 4, 564, 31, 67, 311, 47, 0, 0, 82, 652, 260, 30, 0, 0, 0, 0
7, 357, 121, 106, 148, 171, 100, 14, 9, 387, 92, 102, 148, 191, 84, 11, 74, 439, 145, 146, 157, 59, 4, 0
2, 992, 30, 0, 0, 0, 0, 0, 0, 943, 81, 0, 0, 0, 0, 0, 0, 1007, 17, 0, 0, 0, 0, 0
12, 429, 316, 145, 73, 29, 20, 0, 0, 257, 453, 153, 91, 39, 26, 5, 2, 382, 305, 133, 102, 49, 26, 25
0, 0, 16, 39, 64, 150, 736, 19, 0, 0, 6, 26, 58, 114, 607, 213, 0, 0, 2, 17, 35, 67, 106, 797
0, 0, 0, 0, 0, 51, 973, 0, 0, 0, 0, 0, 0, 0, 1006, 18, 0, 0, 0, 0, 0, 0, 1, 1023
0, 0, 0, 0, 0, 674, 350, 0, 0, 0, 0, 0, 0, 110, 914, 0, 0, 0, 0, 0, 0, 0, 205, 819
0, 0, 1, 7, 33, 920, 63, 0, 0, 0, 1, 4, 27, 766, 226, 0, 0, 0, 0, 3, 9, 54, 876, 82
0, 84, 94, 59, 100, 687, 0, 0, 1, 11, 145, 55, 73, 735, 4, 0, 6, 127, 48, 45, 46, 60, 684, 8
13, 243, 145, 108, 230, 285, 0, 0, 8, 140, 236, 95, 154, 387, 4, 0, 31, 265, 86, 73, 98, 256, 215, 0
2, 79, 232, 509, 180, 22, 0, 0, 0, 67, 239, 511, 168, 39, 0, 0, 14, 207, 482, 163, 100, 56, 2, 0
0, 1, 24, 162, 625, 209, 3, 0, 0, 12, 112, 575, 319, 6, 0, 0, 3, 43, 226, 667, 84, 1, 0, 0
1, 78, 322, 320, 233, 70, 0, 0, 5, 135, 416, 321, 144, 3, 0, 0, 31, 301, 373, 287, 32, 0, 0, 0
0, 158, 572, 265, 29, 0, 0, 0, 5, 331, 566, 112, 10, 0, 0, 0, 64, 529, 370, 61, 0, 0, 0, 0
0, 156, 590, 265, 13, 0, 0, 0, 6, 401, 543, 74, 0, 0, 0, 0, 45, 554, 402, 23, 0, 0, 0, 0
1, 179, 416, 308, 107, 13, 0, 0, 12, 337, 408, 206, 56, 5, 0, 0, 50, 440, 361, 144, 29, 0, 0, 0
0, 27, 442, 414, 105, 34, 2, 0, 1, 203, 583, 158, 68, 11, 0, 0, 9, 387, 473, 95, 55, 5, 0, 0
0, 158, 624, 239, 3, 0, 0, 0, 13, 466, 468, 76, 1, 0, 0, 0, 55, 611, 334, 24, 0, 0, 0, 0
4, 276, 468, 260, 16, 0, 0, 0, 8, 370, 532, 114, 0, 0, 0, 0, 78, 569, 350, 27, 0, 0, 0, 0
0, 0, 0, 0, 0, 0, 0, 1024, 0, 0, 0, 0, 0, 0, 0, 1024, 0, 0, 0, 0, 0, 0, 0, 1024
0, 0, 0, 0, 0, 0, 0, 1024, 0, 0, 0, 0, 0, 0, 0, 1024, 0, 0, 0, 0, 0, 0, 0, 1024
0, 0, 0, 0, 0, 0, 0, 1024, 0, 0, 0, 0, 0, 0, 0, 1024, 0, 0, 0, 0, 0, 0, 0, 1024
0, 0, 0, 0, 0, 0, 0, 1024, 0, 0, 0, 0, 0, 0, 0, 1024, 0, 0, 0, 0, 0, 0, 0, 1024
0, 0, 0, 0, 0, 0, 0, 1024, 0, 0, 0, 0, 0, 0, 0, 1024, 0, 0, 0, 0, 0, 0, 0, 1024
0, 1, 1, 0, 1, 2, 1, 1018, 0, 1, 1, 0, 1, 2, 1, 1018, 0, 1, 1, 0, 1, 2, 1, 1018
77, 160, 131, 87, 63, 58, 54, 394, 60, 114, 159, 113, 63, 60, 55, 400, 66, 149, 122, 99, 71, 58, 52, 407
83, 455, 307, 127, 19, 12, 5, 16, 37, 407, 429, 92, 27, 12, 5, 15, 117, 511, 317, 33, 20, 8, 5, 13
0, 42, 475, 423, 74, 10, 0, 0, 0, 49, 677, 246, 50, 2, 0, 0, 1, 177, 658, 176, 12, 0, 0, 0
3, 262, 486, 220, 46, 7, 0, 0, 5, 308, 460, 195, 52, 4, 0, 0, 48, 459, 415, 90, 12, 0, 0, 0
29, 486, 490, 19, 0, 0, 0, 0, 41, 714, 267, 2, 0, 0, 0, 0, 104, 754, 165, 1, 0, 0, 0, 0
122, 592, 308, 2, 0, 0, 0, 0, 191, 599, 231, 3, 0, 0, 0, 0, 357, 633, 34, 0, 0, 0, 0, 0
165, 676, 178, 5, 0, 0, 0, 0, 266, 697, 59, 2, 0, 0, 0, 0, 516, 490, 16, 2, 0, 0, 0, 0
8, 334, 581, 101, 0, 0, 0, 0, 65, 468, 489, 2, 0, 0, 0, 0, 80, 602, 339, 3, 0, 0, 0, 0
6, 400, 568, 50, 0, 0, 0, 0, 2, 641, 378, 3, 0, 0, 0, 0, 35, 860, 129, 0, 0, 0, 0, 0
18, 65, 77, 829, 35, 0, 0, 0, 19, 50, 27, 16, 852, 60, 0, 0, 44, 739, 206, 35, 0, 0, 0, 0
183, 517, 121, 197, 6, 0, 0, 0, 8, 645, 48, 69, 234, 20, 0, 0, 210, 701, 113, 0, 0, 0, 0, 0
87, 340, 118, 320, 124, 33, 2, 0, 13, 399, 72, 102, 311, 117, 10, 0, 80, 562, 292, 86, 4, 0, 0, 0
4, 434, 93, 33, 88, 322, 50, 0, 2, 458, 81, 30, 88, 333, 32, 0, 28, 458, 73, 181, 264, 20, 0, 0
0, 955, 69, 0, 0, 0, 0, 0, 0, 832, 192, 0, 0, 0, 0, 0, 0, 1014, 10, 0, 0, 0, 0, 0
92, 895, 34, 2, 1, 0, 0, 0, 0, 889, 116, 16, 3, 0, 0, 0, 20, 920, 71, 11, 2, 0, 0, 0
0, 59, 191, 118, 127, 161, 365, 3, 0, 10, 150, 146, 118, 154, 412, 34, 0, 19, 138, 129, 77, 116, 138, 407
0, 0, 0, 0, 0, 117, 907, 0, 0, 0, 0, 0, 0, 1, 1017, 6, 0, 0, 0, 0, 0, 0, 17, 1007
0, 0, 0, 0, 0, 678, 346, 0, 0, 0, 0, 0, 0, 129, 895, 0, 0, 0, 0, 0, 0, 0, 248, 776
0, 0, 2, 10, 34, 939, 39, 0, 0, 0, 2, 4, 18, 775, 225, 0, 0, 0, 2, 1, 9, 37, 825, 150
3, 41, 170, 279, 236, 286, 9, 0, 2, 18, 170, 267, 239, 315, 13, 0, 5, 81, 184, 228, 167, 175, 184, 0
4, 165, 318, 181, 203, 153, 0, 0, 0, 103, 314, 202, 157, 246, 2, 0, 26, 283, 174, 155, 106, 166, 114, 0
0, 19, 104, 333, 417, 141, 7, 3, 0, 17, 161, 383, 351, 102, 8, 2, 0, 63, 333, 371, 159, 90, 8, 0
0, 55, 133, 197, 426, 211, 2, 0, 9, 121, 184, 464, 243, 3, 0, 0, 26, 170, 237, 483, 108, 0, 0, 0
0, 43, 524, 360, 86, 11, 0, 0, 1, 142, 603, 247, 31, 0, 0, 0, 13, 388, 486, 134, 3, 0, 0, 0
13, 246, 530, 187, 39, 9, 0, 0, 26, 333, 474, 161, 23, 7, 0, 0, 86, 477, 368, 74, 19, 0, 0, 0
4, 172, 549, 182, 71, 39, 7, 0, 10, 346, 478, 114, 52, 21, 3, 0, 68, 539, 278, 79, 40, 19, 1, 0
6, 343, 473, 91, 71, 40, 0, 0, 20, 511, 346, 63, 61, 23, 0, 0, 96, 662, 139, 61, 57, 9, 0, 0
0, 110, 558, 328, 28, 0, 0, 0, 1, 253, 666, 101, 3, 0, 0, 0, 25, 490, 462, 46, 1, 0, 0, 0
0, 65, 425, 438, 95, 1, 0, 0, 1, 221, 549, 244, 9, 0, 0, 0, 25, 407, 516, 74, 2, 0, 0, 0
4, 190, 480, 270, 79, 1, 0, 0, 17, 366, 415, 217, 9, 0, 0, 0, 81, 535, 341, 66, 1, 0, 0, 0
0, 0, 0, 0, 0, 0, 0, 1024, 0, 0, 0, 0, 0, 0, 0, 1024, 0, 0, 0, 0, 0, 0, 0, 1024
0, 0, 0, 0, 0, 0, 0, 1024, 0, 0, 0, 0, 0, 0, 0, 1024, 0, 0, 0, 0, 0, 0, 0, 1024
0, 0, 0, 0, 0, 0, 0, 1024, 0, 0, 0, 0, 0, 0, 0, 1024, 0, 0, 0, 0, 0, 0, 0, 1024
0, 0, 0, 0, 0, 0, 0, 1024, 0, 0, 0, 0, 0, 0, 0, 1024, 0, 0, 0, 0, 0, 0, 0, 1024
0, 0, 0, 0, 0, 0, 0, 1024, 0, 0, 0, 0, 0, 0, 0, 1024, 0, 0, 0, 0, 0, 0, 0, 1024
0, 0, 0, 0, 0, 0, 0, 1024, 0, 0, 0, 0, 0, 0, 0, 1024, 0, 0, 0, 0, 0, 0, 0, 1024
11, 97, 126, 75, 53, 51, 42, 569, 7, 42, 135, 98, 66, 62, 41, 573, 8, 90, 111, 74, 65, 60, 46, 570
28, 762, 211, 12, 7, 1, 0, 3, 8, 664, 316, 21, 8, 4, 0, 3, 72, 841, 80, 15, 8, 5, 0, 3
9, 264, 667, 70, 14, 0, 0, 0, 18, 326, 613, 55, 12, 0, 0, 0, 31, 543, 408, 41, 1, 0, 0, 0
27, 359, 618, 20, 0, 0, 0, 0, 33, 673, 318, 0, 0, 0, 0, 0, 54, 768, 202, 0, 0, 0, 0, 0
40, 610, 358, 13, 3, 0, 0, 0, 65, 782, 168, 7, 2, 0, 0, 0, 131, 791, 99, 3, 0, 0, 0, 0
86, 817, 120, 1, 0, 0, 0, 0, 132, 786, 105, 1, 0, 0, 0, 0, 362, 657, 4, 1, 0, 0, 0, 0
174, 786, 64, 0, 0, 0, 0, 0, 357, 640, 27, 0, 0, 0, 0, 0, 620, 402, 2, 0, 0, 0, 0, 0
17, 528, 455, 24, 0, 0, 0, 0, 67, 684, 273, 0, 0, 0, 0, 0, 136, 797, 91, 0, 0, 0, 0, 0
2, 352, 613, 56, 1, 0, 0, 0, 1, 526, 486, 11, 0, 0, 0, 0, 24, 861, 139, 0, 0, 0, 0, 0
1, 40, 102, 776, 105, 0, 0, 0, 0, 34, 27, 33, 818, 112, 0, 0, 37, 673, 286, 28, 0, 0, 0, 0
95, 574, 138, 208, 9, 0, 0, 0, 7, 626, 54, 90, 236, 11, 0, 0, 218, 718, 88, 0, 0, 0, 0, 0
69, 342, 134, 308, 70, 79, 21, 1, 40, 354, 50, 180, 257, 104, 37, 2, 115, 515, 229, 104, 42, 19, 0, 0
14, 579, 189, 82, 52, 74, 34, 0, 11, 637, 163, 57, 57, 76, 23, 0, 82, 619, 151, 86, 63, 22, 1, 0
21, 987, 16, 0, 0, 0, 0, 0, 0, 976, 48, 0, 0, 0, 0, 0, 4, 1016, 4, 0, 0, 0, 0, 0
109, 632, 150, 62, 42, 27, 2, 0, 0, 619, 250, 64, 44, 34, 13, 0, 31, 631, 205, 62, 43, 25, 24, 3
0, 26, 44, 32, 47, 119, 743, 13, 0, 24, 41, 30, 40, 85, 711, 93, 0, 25, 33, 27, 34, 47, 102, 756
0, 0, 0, 0, 0, 115, 908, 1, 0, 0, 0, 0, 0, 1, 1019, 4, 0, 0, 0, 0, 0, 0, 3, 1021
0, 0, 3, 7, 28, 662, 324, 0, 0, 0, 2, 8, 19, 174, 821, 0, 0, 0, 2, 8, 14, 24, 383, 593
0, 3, 30, 96, 188, 679, 28, 0, 0, 2, 37, 68, 160, 632, 125, 0, 0, 6, 39, 84, 126, 188, 549, 32
0, 0, 15, 31, 89, 875, 14, 0, 0, 1, 17, 23, 61, 913, 9, 0, 0, 3, 13, 27, 42, 136, 797, 6
1, 15, 84, 264, 345, 307, 8, 0, 4, 19, 98, 240, 333, 326, 4, 0, 1, 22, 118, 204, 268, 313, 98, 0
2, 41, 244, 444, 254, 36, 3, 0, 9, 108, 320, 416, 148, 23, 0, 0, 26, 210, 404, 305, 68, 11, 0, 0
0, 106, 388, 305, 198, 27, 0, 0, 14, 183, 435, 326, 64, 2, 0, 0, 44, 402, 364, 199, 15, 0, 0, 0
10, 163, 517, 301, 29, 4, 0, 0, 7, 158, 507, 303, 45, 4, 0, 0, 61, 421, 438, 93, 11, 0, 0, 0
13, 196, 467, 247, 80, 21, 0, 0, 24, 290, 449, 188, 57, 15, 1, 0, 96, 447, 303, 131, 37, 10, 0, 0
13, 286, 358, 177, 121, 57, 12, 0, 55, 457, 231, 154, 84, 31, 12, 0, 139, 456, 195, 139, 55, 31, 9, 0
5, 294, 654, 69, 2, 0, 0, 0, 27, 584, 404, 9, 0, 0, 0, 0, 104, 784, 134, 2, 0, 0, 0, 0
0, 119, 646, 253, 6, 0, 0, 0, 0, 312, 672, 40, 0, 0, 0, 0, 42, 603, 367, 12, 0, 0, 0, 0
0, 67, 527, 372, 58, 0, 0, 0, 0, 315, 554, 148, 7, 0, 0, 0, 23, 524, 427, 49, 1, 0, 0, 0
1, 252, 472, 261, 36, 2, 0, 0, 2, 385, 527, 103, 7, 0, 0, 0, 127, 567, 292, 37, 1, 0, 0, 0
0, 0, 0, 0, 0, 0, 0, 1024, 0, 0, 0, 0, 0, 0, 0, 1024, 0, 0, 0, 0, 0, 0, 0, 1024
0, 0, 0, 0, 0, 0, 0, 1024, 0, 0, 0, 0, 0, 0, 0, 1024, 0, 0, 0, 0, 0, 0, 0, 1024
0, 0, 0, 0, 0, 0, 0, 1024, 0, 0, 0, 0, 0, 0, 0, 1024, 0, 0, 0, 0, 0, 0, 0, 1024
0, 0, 0, 0, 0, 0, 0, 1024, 0, 0, 0, 0, 0, 0, 0, 1024, 0, 0, 0, 0, 0, 0, 0, 1024
0, 0, 0, 0, 0, 0, 0, 1024, 0, 0, 0, 0, 0, 0, 0, 1024, 0, 0, 0, 0, 0, 0, 0, 1024
0, 0, 0, 2, 3, 6, 5, 1008, 0, 0, 0, 2, 3, 6, 5, 1008, 0, 0, 0, 2, 3, 6, 5, 1008
19, 99, 168, 100, 61, 57, 52, 468, 11, 41, 191, 118, 68, 69, 48, 478, 14, 131, 141, 88, 60, 56, 58, 476
51, 779, 164, 14, 7, 3, 4, 2, 23, 682, 289, 14, 8, 3, 3, 2, 172, 767, 65, 8, 6, 3, 1, 2
7, 269, 708, 40, 0, 0, 0, 0, 7, 391, 625, 1, 0, 0, 0, 0, 9, 600, 414, 1, 0, 0, 0, 0
7, 374, 612, 31, 0, 0, 0, 0, 9, 584, 428, 3, 0, 0, 0, 0, 47, 718, 259, 0, 0, 0, 0, 0
8, 486, 509, 21, 0, 0, 0, 0, 47, 815, 162, 0, 0, 0, 0, 0, 94, 846, 84, 0, 0, 0, 0, 0
45, 746, 233, 0, 0, 0, 0, 0, 92, 860, 72, 0, 0, 0, 0, 0, 310, 683, 31, 0, 0, 0, 0, 0
48, 633, 336, 7, 0, 0, 0, 0, 81, 755, 185, 3, 0, 0, 0, 0, 208, 784, 29, 3, 0, 0, 0, 0
0, 303, 710, 11, 0, 0, 0, 0, 5, 807, 212, 0, 0, 0, 0, 0, 23, 921, 80, 0, 0, 0, 0, 0
11, 402, 557, 54, 0, 0, 0, 0, 14, 690, 316, 4, 0, 0, 0, 0, 50, 904, 70, 0, 0, 0, 0, 0
2, 20, 70, 814, 118, 0, 0, 0, 0, 14, 18, 36, 772, 184, 0, 0, 31, 692, 277, 24, 0, 0, 0, 0
98, 539, 131, 254, 2, 0, 0, 0, 2, 599, 45, 71, 301, 6, 0, 0, 236, 717, 71, 0, 0, 0, 0, 0
79, 537, 182, 225, 1, 0, 0, 0, 10, 527, 147, 142, 198, 0, 0, 0, 252, 621, 139, 12, 0, 0, 0, 0
42, 974, 8, 0, 0, 0, 0, 0, 1, 1008, 15, 0, 0, 0, 0, 0, 23, 996, 5, 0, 0, 0, 0, 0
85, 939, 0, 0, 0, 0, 0, 0, 1, 1023, 0, 0, 0, 0, 0, 0, 37, 987, 0, 0, 0, 0, 0, 0
329, 670, 11, 8, 4, 2, 0, 0, 3, 957, 45, 6, 10, 2, 1, 0, 184, 796, 21, 10, 9, 3, 1, 0
7, 145, 82, 163, 139, 183, 303, 2, 0, 87, 111, 124, 154, 154, 390, 4, 3, 110, 76, 109, 134, 109, 150, 333
0, 0, 0, 0, 0, 222, 802, 0, 0, 0, 0, 0, 0, 10, 1011, 3, 0, 0, 0, 0, 0, 0, 39, 985
11, 21, 28, 33, 75, 599, 257, 0, 7, 24, 31, 29, 61, 241, 631, 0, 10, 23, 29, 27, 54, 87, 386, 408
0, 0, 0, 0, 3, 991, 30, 0, 0, 0, 0, 0, 0, 864, 160, 0, 0, 0, 0, 0, 0, 1, 963, 60
0, 0, 0, 0, 54, 969, 1, 0, 0, 0, 0, 0, 0, 1020, 4, 0, 0, 0, 0, 0, 0, 51, 972, 1
0, 8, 43, 129, 319, 523, 2, 0, 0, 12, 60, 178, 255, 519, 0, 0, 0, 24, 83, 189, 166, 365, 197, 0
0, 10, 101, 374, 448, 91, 0, 0, 0, 30, 229, 524, 239, 2, 0, 0, 3, 89, 363, 482, 86, 1, 0, 0
1, 35, 207, 520, 254, 7, 0, 0, 3, 48, 331, 539, 99, 4, 0, 0, 10, 168, 571, 259, 16, 0, 0, 0
2, 161, 478, 295, 80, 8, 0, 0, 4, 164, 478, 303, 72, 3, 0, 0, 36, 415, 436, 118, 19, 0, 0, 0
3, 242, 622, 118, 30, 9, 0, 0, 7, 432, 465, 81, 31, 8, 0, 0, 72, 648, 241, 39, 22, 2, 0, 0
8, 196, 555, 129, 70, 56, 10, 0, 18, 420, 380, 98, 61, 41, 6, 0, 119, 544, 208, 64, 60, 28, 1, 0
4, 192, 722, 106, 0, 0, 0, 0, 11, 389, 575, 49, 0, 0, 0, 0, 86, 765, 173, 0, 0, 0, 0, 0
4, 379, 493, 141, 7, 0, 0, 0, 22, 612, 324, 64, 2, 0, 0, 0, 155, 655, 198, 16, 0, 0, 0, 0
0, 8, 639, 322, 55, 0, 0, 0, 0, 219, 693, 105, 7, 0, 0, 0, 3, 500, 479, 42, 0, 0, 0, 0
0, 46, 575, 364, 37, 2, 0, 0, 3, 152, 713, 149, 6, 1, 0, 0, 21, 546, 420, 35, 2, 0, 0, 0
0, 0, 0, 0, 0, 0, 0, 1024, 0, 0, 0, 0, 0, 0, 0, 1024, 0, 0, 0, 0, 0, 0, 0, 1024
0, 0, 0, 0, 0, 0, 0, 1024, 0, 0, 0, 0, 0, 0, 0, 1024, 0, 0, 0, 0, 0, 0, 0, 1024
0, 0, 0, 0, 0, 0, 0, 1024, 0, 0, 0, 0, 0, 0, 0, 1024, 0, 0, 0, 0, 0, 0, 0, 1024
0, 0, 0, 0, 0, 0, 0, 1024, 0, 0, 0, 0, 0, 0, 0, 1024, 0, 0, 0, 0, 0, 0, 0, 1024
0, 0, 0, 0, 0, 0, 0, 1024, 0, 0, 0, 0, 0, 0, 0, 1024, 0, 0, 0, 0, 0, 0, 0, 1024
0, 0, 0, 0, 0, 0, 0, 1024, 0, 0, 0, 0, 0, 0, 0, 1024, 0, 0, 0, 0, 0, 0, 0, 1024
26, 24, 27, 29, 23, 32, 38, 825, 20, 22, 36, 25, 30, 30, 37, 824, 20, 21, 31, 32, 26, 34, 33, 827
34, 275, 377, 145, 67, 37, 25, 64, 18, 210, 452, 143, 75, 40, 22, 64, 63, 377, 298, 122, 61, 30, 13, 60
0, 225, 636, 163, 0, 0, 0, 0, 1, 315, 600, 107, 1, 0, 0, 0, 3, 459, 547, 15, 0, 0, 0, 0
2, 474, 526, 22, 0, 0, 0, 0, 9, 674, 337, 4, 0, 0, 0, 0, 25, 852, 146, 1, 0, 0, 0, 0
8, 586, 414, 16, 0, 0, 0, 0, 39, 810, 175, 0, 0, 0, 0, 0, 172, 790, 62, 0, 0, 0, 0, 0
23, 625, 342, 31, 3, 0, 0, 0, 94, 749, 173, 6, 2, 0, 0, 0, 165, 744, 111, 3, 1, 0, 0, 0
2, 575, 424, 23, 0, 0, 0, 0, 30, 758, 226, 10, 0, 0, 0, 0, 111, 802, 104, 7, 0, 0, 0, 0
0, 282, 682, 60, 0, 0, 0, 0, 3, 568, 439, 14, 0, 0, 0, 0, 26, 798, 200, 0, 0, 0, 0, 0
7, 378, 560, 79, 0, 0, 0, 0, 5, 539, 459, 19, 2, 0, 0, 0, 51, 840, 131, 2, 0, 0, 0, 0
1, 8, 92, 851, 72, 0, 0, 0, 0, 0, 20, 46, 819, 139, 0, 0, 24, 665, 316, 19, 0, 0, 0, 0
87, 504, 137, 293, 3, 0, 0, 0, 5, 546, 49, 95, 309, 20, 0, 0, 173, 738, 113, 0, 0, 0, 0, 0
40, 644, 117, 218, 5, 0, 0, 0, 13, 576, 136, 93, 204, 2, 0, 0, 289, 583, 148, 4, 0, 0, 0, 0
58, 966, 0, 0, 0, 0, 0, 0, 1, 1023, 0, 0, 0, 0, 0, 0, 22, 1002, 0, 0, 0, 0, 0, 0
66, 958, 0, 0, 0, 0, 0, 0, 0, 1021, 3, 0, 0, 0, 0, 0, 12, 1012, 0, 0, 0, 0, 0, 0
120, 521, 116, 83, 31, 48, 100, 5, 0, 569, 169, 84, 40, 32, 119, 11, 44, 561, 126, 80, 42, 26, 39, 106
1, 5, 42, 46, 83, 152, 691, 4, 0, 4, 16, 62, 75, 124, 729, 14, 0, 4, 12, 48, 57, 79, 158, 666
0, 0, 0, 0, 0, 202, 822, 0, 0, 0, 0, 0, 0, 6, 1018, 0, 0, 0, 0, 0, 0, 0, 63, 961
0, 0, 1, 0, 8, 739, 276, 0, 0, 0, 1, 0, 9, 413, 601, 0, 0, 0, 1, 0, 2, 14, 600, 407
1, 3, 22, 54, 68, 820, 51, 5, 0, 5, 19, 53, 76, 741, 124, 6, 0, 4, 18, 36, 78, 76, 783, 29
3, 15, 50, 89, 122, 725, 17, 3, 3, 20, 52, 83, 78, 772, 13, 3, 5, 24, 49, 78, 66, 210, 588, 4
0, 13, 96, 216, 247, 426, 18, 8, 3, 27, 144, 260, 165, 406, 11, 8, 7, 72, 211, 187, 100, 323, 116, 8
3, 20, 279, 415, 240, 57, 8, 2, 3, 38, 303, 450, 188, 33, 7, 2, 19, 281, 429, 225, 55, 12, 3, 0
0, 69, 569, 353, 29, 4, 0, 0, 1, 156, 596, 244, 24, 3, 0, 0, 21, 498, 454, 45, 6, 0, 0, 0
1, 109, 615, 258, 39, 2, 0, 0, 5, 202, 594, 190, 32, 1, 0, 0, 42, 509, 389, 76, 8, 0, 0, 0
2, 185, 639, 175, 20, 3, 0, 0, 5, 338, 552, 114, 13, 2, 0, 0, 33, 607, 324, 51, 8, 1, 0, 0
10, 256, 546, 155, 44, 13, 0, 0, 28, 440, 413, 101, 34, 8, 0, 0, 116, 545, 267, 70, 25, 1, 0, 0
17, 397, 511, 98, 1, 0, 0, 0, 7, 484, 480, 53, 0, 0, 0, 0, 189, 584, 248, 3, 0, 0, 0, 0
46, 636, 254, 86, 2, 0, 0, 0, 76, 690, 213, 45, 0, 0, 0, 0, 292, 570, 146, 16, 0, 0, 0, 0
8, 215, 670, 131, 0, 0, 0, 0, 11, 540, 438, 35, 0, 0, 0, 0, 39, 678, 302, 5, 0, 0, 0, 0
0, 38, 735, 251, 0, 0, 0, 0, 0, 219, 742, 63, 0, 0, 0, 0, 8, 548, 467, 1, 0, 0, 0, 0
0, 0, 0, 0, 0, 0, 0, 1024, 0, 0, 0, 0, 0, 0, 0, 1024, 0, 0, 0, 0, 0, 0, 0, 1024
0, 0, 0, 0, 0, 0, 0, 1024, 0, 0, 0, 0, 0, 0, 0, 1024, 0, 0, 0, 0, 0, 0, 0, 1024
0, 0, 0, 0, 0, 0, 0, 1024, 0, 0, 0, 0, 0, 0, 0, 1024, 0, 0, 0, 0, 0, 0, 0, 1024
0, 0, 0, 0, 0, 0, 0, 1024, 0, 0, 0, 0, 0, 0, 0, 1024, 0, 0, 0, 0, 0, 0, 0, 1024
0, 0, 0, 0, 0, 0, 0, 1024, 0, 0, 0, 0, 0, 0, 0, 1024, 0, 0, 0, 0, 0, 0, 0, 1024
0, 0, 0, 0, 0, 0, 0, 1024, 0, 0, 0, 0, 0, 0, 0, 1024, 0, 0, 0, 0, 0, 0, 0, 1024
1, 0, 2, 1, 2, 2, 6, 1010, 1, 0, 3, 0, 2, 2, 7, 1009, 1, 0, 3, 0, 2, 2, 7, 1009
69, 111, 185, 131, 68, 62, 51, 347, 75, 74, 228, 138, 56, 57, 52, 344, 88, 141, 193, 94, 66, 61, 43, 338
0, 9, 276, 715, 24, 0, 0, 0, 0, 14, 378, 628, 4, 0, 0, 0, 0, 71, 752, 200, 1, 0, 0, 0
0, 179, 704, 137, 4, 0, 0, 0, 2, 414, 516, 90, 2, 0, 0, 0, 7, 633, 352, 32, 0, 0, 0, 0
8, 398, 566, 52, 0, 0, 0, 0, 46, 654, 320, 4, 0, 0, 0, 0, 110, 771, 143, 0, 0, 0, 0, 0
18, 216, 672, 113, 5, 0, 0, 0, 45, 508, 457, 13, 1, 0, 0, 0, 63, 669, 281, 10, 1, 0, 0, 0
0, 369, 636, 19, 0, 0, 0, 0, 5, 689, 326, 4, 0, 0, 0, 0, 53, 816, 155, 0, 0, 0, 0, 0
0, 239, 728, 57, 0, 0, 0, 0, 10, 529, 477, 8, 0, 0, 0, 0, 38, 793, 193, 0, 0, 0, 0, 0
5, 273, 575, 100, 68, 3, 0, 0, 6, 551, 354, 21, 77, 15, 0, 0, 43, 768, 160, 50, 3, 0, 0, 0
0, 0, 37, 868, 119, 0, 0, 0, 0, 0, 0, 10, 793, 221, 0, 0, 4, 724, 283, 13, 0, 0, 0, 0
35, 559, 152, 266, 12, 0, 0, 0, 6, 552, 48, 122, 263, 33, 0, 0, 148, 731, 145, 0, 0, 0, 0, 0
22, 591, 139, 262, 10, 0, 0, 0, 7, 542, 107, 132, 234, 2, 0, 0, 195, 679, 139, 11, 0, 0, 0, 0
9, 1014, 1, 0, 0, 0, 0, 0, 0, 1014, 10, 0, 0, 0, 0, 0, 7, 1017, 0, 0, 0, 0, 0, 0
3, 805, 111, 56, 43, 6, 0, 0, 0, 666, 242, 56, 44, 16, 0, 0, 0, 778, 128, 48, 40, 29, 1, 0
0, 71, 146, 130, 74, 132, 444, 27, 0, 30, 146, 132, 91, 98, 327, 200, 0, 47, 108, 127, 83, 73, 105, 481
0, 0, 0, 0, 0, 64, 959, 1, 0, 0, 0, 0, 0, 12, 967, 45, 0, 0, 0, 0, 0, 0, 22, 1002
0, 0, 0, 0, 0, 256, 768, 0, 0, 0, 0, 0, 0, 9, 1015, 0, 0, 0, 0, 0, 0, 0, 89, 935
0, 6, 19, 53, 40, 655, 240, 11, 1, 8, 20, 47, 46, 320, 573, 9, 2, 12, 20, 40, 46, 47, 587, 270
4, 25, 172, 275, 276, 200, 62, 10, 3, 43, 200, 251, 279, 179, 63, 6, 4, 64, 192, 233, 242, 177, 106, 6
10, 34, 209, 310, 276, 176, 9, 0, 7, 48, 206, 325, 242, 188, 8, 0, 8, 55, 192, 274, 229, 193, 73, 0
0, 50, 376, 383, 168, 42, 3, 2, 0, 93, 464, 324, 113, 27, 2, 1, 8, 225, 428, 237, 103, 19, 4, 0
0, 66, 488, 411, 48, 11, 0, 0, 0, 88, 578, 304, 43, 11, 0, 0, 16, 307, 589, 93, 14, 5, 0, 0
5, 238, 538, 213, 28, 2, 0, 0, 8, 333, 462, 192, 28, 1, 0, 0, 64, 559, 321, 71, 9, 0, 0, 0
7, 114, 520, 305, 63, 15, 0, 0, 10, 129, 527, 279, 62, 17, 0, 0, 45, 355, 468, 122, 31, 3, 0, 0
0, 126, 673, 201, 21, 3, 0, 0, 4, 355, 526, 124, 12, 3, 0, 0, 28, 533, 409, 48, 6, 0, 0, 0
6, 482, 414, 111, 11, 0, 0, 0, 29, 658, 273, 61, 3, 0, 0, 0, 202, 610, 180, 30, 2, 0, 0, 0
15, 806, 203, 0, 0, 0, 0, 0, 16, 832, 176, 0, 0, 0, 0, 0, 394, 618, 12, 0, 0, 0, 0, 0
154, 779, 76, 13, 2, 0, 0, 0, 204, 744, 67, 9, 0, 0, 0, 0, 589, 403, 26, 6, 0, 0, 0, 0
120, 756, 144, 4, 0, 0, 0, 0, 121, 805, 98, 0, 0, 0, 0, 0, 410, 598, 16, 0, 0, 0, 0, 0
2, 107, 425, 297, 156, 35, 2, 0, 5, 311, 380, 218, 90, 20, 0, 0, 19, 442, 399, 129, 33, 2, 0, 0
0, 0, 0, 0, 0, 0, 0, 1024, 0, 0, 0, 0, 0, 0, 0, 1024, 0, 0, 0, 0, 0, 0, 0, 1024
0, 0, 0, 0, 0, 0, 0, 1024, 0, 0, 0, 0, 0, 0, 0, 1024, 0, 0, 0, 0, 0, 0, 0, 1024
0, 0, 0, 0, 0, 0, 0, 1024, 0, 0, 0, 0, 0, 0, 0, 1024, 0, 0, 0, 0, 0, 0, 0, 1024
0, 0, 0, 0, 0, 0, 0, 1024, 0, 0, 0, 0, 0, 0, 0, 1024, 0, 0, 0, 0, 0, 0, 0, 1024
0, 0, 0, 0, 0, 0, 0, 1024, 0, 0, 0, 0, 0, 0, 0, 1024, 0, 0, 0, 0, 0, 0, 0, 1024
0, 0, 0, 0, 0, 0, 0, 1024, 0, 0, 0, 0, 0, 0, 0, 1024, 0, 0, 0, 0, 0, 0, 0, 1024
13, 8, 19, 11, 11, 21, 19, 922, 12, 7, 20, 11, 13, 19, 20, 922, 12, 6, 20, 12, 11, 21, 20, 922
82, 230, 177, 99, 87, 69, 37, 243, 56, 218, 212, 103, 91, 69, 40, 235, 73, 303, 154, 97, 82, 51, 39, 225
0, 17, 487, 486, 34, 0, 0, 0, 0, 128, 571, 323, 2, 0, 0, 0, 3, 198, 713, 110, 0, 0, 0, 0
0, 119, 815, 89, 1, 0, 0, 0, 1, 551, 464, 8, 0, 0, 0, 0, 5, 725, 289, 5, 0, 0, 0, 0
0, 246, 657, 119, 2, 0, 0, 0, 32, 662, 313, 17, 0, 0, 0, 0, 69, 747, 201, 7, 0, 0, 0, 0
1, 280, 649, 94, 0, 0, 0, 0, 13, 655, 344, 12, 0, 0, 0, 0, 94, 759, 165, 6, 0, 0, 0, 0
19, 614, 386, 5, 0, 0, 0, 0, 50, 849, 125, 0, 0, 0, 0, 0, 110, 893, 21, 0, 0, 0, 0, 0
0, 363, 611, 50, 0, 0, 0, 0, 28, 626, 365, 5, 0, 0, 0, 0, 76, 856, 91, 1, 0, 0, 0, 0
0, 318, 475, 118, 113, 0, 0, 0, 4, 429, 387, 28, 124, 52, 0, 0, 33, 751, 194, 46, 0, 0, 0, 0
0, 0, 50, 807, 167, 0, 0, 0, 0, 0, 0, 16, 757, 251, 0, 0, 14, 802, 208, 0, 0, 0, 0, 0
32, 492, 138, 341, 21, 0, 0, 0, 2, 504, 66, 91, 331, 30, 0, 0, 165, 623, 226, 10, 0, 0, 0, 0
3, 729, 96, 193, 3, 0, 0, 0, 0, 639, 130, 86, 169, 0, 0, 0, 175, 752, 95, 2, 0, 0, 0, 0
6, 1014, 4, 0, 0, 0, 0, 0, 0, 1020, 4, 0, 0, 0, 0, 0, 5, 1018, 1, 0, 0, 0, 0, 0
2, 770, 115, 63, 47, 26, 1, 0, 0, 672, 190, 76, 38, 43, 5, 0, 0, 742, 117, 61, 40, 47, 17, 0
9, 35, 45, 83, 128, 248, 452, 24, 1, 27, 44, 59, 125, 209, 417, 142, 2, 31, 39, 41, 84, 134, 220, 473
0, 0, 0, 0, 5, 72, 944, 3, 0, 0, 0, 0, 3, 15, 980, 26, 0, 0, 0, 0, 1, 4, 20, 999
0, 0, 3, 11, 42, 290, 645, 33, 0, 0, 4, 13, 40, 100, 835, 32, 0, 1, 4, 12, 31, 65, 208, 703
5, 35, 211, 301, 214, 174, 77, 7, 7, 51, 261, 279, 185, 96, 141, 4, 10, 134, 263, 244, 143, 74, 100, 56
2, 75, 340, 350, 190, 57, 8, 2, 5, 121, 348, 313, 177, 49, 7, 4, 7, 161, 344, 288, 152, 61, 10, 1
7, 40, 346, 423, 163, 39, 6, 0, 10, 111, 404, 351, 111, 36, 1, 0, 18, 146, 414, 300, 107, 34, 5, 0
0, 165, 610, 225, 21, 2, 1, 0, 13, 355, 548, 96, 11, 1, 0, 0, 30, 474, 448, 65, 6, 1, 0, 0
1, 136, 524, 271, 60, 22, 7, 3, 8, 240, 500, 195, 58, 16, 4, 3, 54, 395, 419, 99, 38, 13, 4, 2
3, 305, 513, 165, 35, 3, 0, 0, 8, 394, 394, 179, 45, 4, 0, 0, 75, 592, 265, 81, 11, 0, 0, 0
5, 118, 517, 299, 76, 9, 0, 0, 5, 156, 525, 261, 68, 9, 0, 0, 51, 392, 426, 124, 31, 0, 0, 0
4, 182, 531, 247, 43, 14, 3, 0, 7, 216, 509, 232, 46, 10, 4, 0, 51, 484, 378, 81, 23, 7, 0, 0
9, 463, 320, 159, 50, 22, 1, 0, 18, 517, 239, 147, 70, 32, 1, 0, 266, 431, 195, 90, 33, 9, 0, 0
117, 861, 46, 0, 0, 0, 0, 0, 210, 792, 22, 0, 0, 0, 0, 0, 550, 473, 1, 0, 0, 0, 0, 0
273, 747, 4, 0, 0, 0, 0, 0, 325, 694, 5, 0, 0, 0, 0, 0, 761, 263, 0, 0, 0, 0, 0, 0
179, 800, 41, 4, 0, 0, 0, 0, 474, 521, 26, 3, 0, 0, 0, 0, 628, 385, 10, 1, 0, 0, 0, 0
1, 165, 191, 146, 394, 108, 19, 0, 4, 307, 192, 346, 137, 33, 5, 0, 28, 415, 349, 182, 38, 12, 0, 0
0, 0, 0, 0, 0, 0, 0, 1024, 0, 0, 0, 0, 0, 0, 0, 1024, 0, 0, 0, 0, 0, 0, 0, 1024
0, 0, 0, 0, 0, 0, 0, 1024, 0, 0, 0, 0, 0, 0, 0, 1024, 0, 0, 0, 0, 0, 0, 0, 1024
0, 0, 0, 0, 0, 0, 0, 1024, 0, 0, 0, 0, 0, 0, 0, 1024, 0, 0, 0, 0, 0, 0, 0, 1024
0, 0, 0, 0, 0, 0, 0, 1024, 0, 0, 0, 0, 0, 0, 0, 1024, 0, 0, 0, 0, 0, 0, 0, 1024
0, 0, 0, 0, 0, 0, 0, 1024, 0, 0, 0, 0, 0, 0, 0, 1024, 0, 0, 0, 0, 0, 0, 0, 1024
0, 0, 0, 0, 0, 0, 0, 1024, 0, 0, 0, 0, 0, 0, 0, 1024, 0, 0, 0, 0, 0, 0, 0, 1024
0, 0, 0, 0, 0, 0, 0, 1024, 0, 0, 0, 0, 0, 0, 0, 1024, 0, 0, 0, 0, 0, 0, 0, 1024
18, 13, 16, 12, 9, 14, 14, 928, 18, 13, 15, 13, 8, 15, 13, 929, 18, 15, 13, 13, 10, 13, 14, 928
4, 33, 559, 348, 68, 6, 1, 5, 4, 132, 587, 257, 33, 4, 2, 5, 4, 210, 588, 182, 30, 4, 1, 5
2, 325, 632, 61, 4, 0, 0, 0, 16, 766, 227, 14, 1, 0, 0, 0, 31, 857, 118, 18, 0, 0, 0, 0
2, 395, 534, 91, 2, 0, 0, 0, 34, 701, 272, 17, 0, 0, 0, 0, 77, 776, 166, 5, 0, 0, 0, 0
4, 412, 532, 76, 0, 0, 0, 0, 41, 657, 307, 19, 0, 0, 0, 0, 150, 740, 134, 0, 0, 0, 0, 0
26, 548, 425, 25, 0, 0, 0, 0, 98, 671, 250, 5, 0, 0, 0, 0, 199, 718, 106, 1, 0, 0, 0, 0
9, 303, 699, 13, 0, 0, 0, 0, 26, 556, 441, 1, 0, 0, 0, 0, 54, 817, 152, 1, 0, 0, 0, 0
0, 456, 380, 96, 92, 0, 0, 0, 0, 500, 337, 32, 148, 7, 0, 0, 38, 759, 200, 27, 0, 0, 0, 0
0, 0, 39, 801, 184, 0, 0, 0, 0, 0, 0, 15, 737, 272, 0, 0, 7, 615, 402, 0, 0, 0, 0, 0
41, 313, 105, 534, 31, 0, 0, 0, 8, 329, 55, 120, 479, 33, 0, 0, 171, 514, 334, 5, 0, 0, 0, 0
5, 836, 120, 61, 2, 0, 0, 0, 0, 778, 155, 36, 55, 0, 0, 0, 129, 865, 30, 0, 0, 0, 0, 0
2, 1022, 0, 0, 0, 0, 0, 0, 0, 1024, 0, 0, 0, 0, 0, 0, 10, 1014, 0, 0, 0, 0, 0, 0
2, 410, 200, 84, 97, 61, 140, 30, 0, 368, 214, 93, 96, 70, 85, 98, 2, 407, 167, 77, 86, 68, 54, 163
0, 0, 1, 15, 29, 63, 819, 97, 0, 0, 1, 8, 21, 42, 480, 472, 0, 0, 0, 3, 16, 32, 58, 915
0, 0, 0, 0, 0, 1, 1020, 3, 0, 0, 0, 0, 0, 0, 1011, 13, 0, 0, 0, 0, 0, 0, 0, 1024
4, 15, 70, 163, 177, 164, 402, 29, 5, 16, 102, 162, 151, 139, 418, 31, 4, 27, 98, 158, 124, 128, 123, 362
3, 113, 290, 350, 166, 65, 30, 7, 8, 133, 333, 309, 146, 53, 35, 7, 26, 207, 358, 250, 99, 52, 22, 10
5, 118, 357, 341, 151, 39, 11, 2, 11, 176, 389, 306, 99, 33, 10, 0, 23, 221, 367, 278, 90, 35, 10, 0
3, 100, 641, 244, 29, 5, 2, 0, 8, 258, 639, 102, 14, 1, 2, 0, 22, 471, 468, 47, 13, 3, 0, 0
0, 149, 691, 168, 10, 1, 5, 0, 3, 453, 522, 36, 5, 2, 3, 0, 20, 592, 384, 20, 3, 4, 1, 0
2, 168, 596, 210, 40, 6, 2, 0, 1, 280, 514, 186, 36, 5, 2, 0, 33, 513, 387, 77, 10, 4, 0, 0
7, 362, 504, 134, 15, 2, 0, 0, 17, 431, 457, 109, 9, 1, 0, 0, 124, 601, 261, 35, 3, 0, 0, 0
12, 582, 328, 85, 17, 0, 0, 0, 20, 634, 272, 81, 17, 0, 0, 0, 170, 649, 163, 33, 9, 0, 0, 0
37, 570, 274, 122, 20, 1, 0, 0, 122, 534, 230, 117, 19, 2, 0, 0, 361, 443, 179, 34, 7, 0, 0, 0
45, 617, 284, 56, 17, 5, 0, 0, 107, 622, 213, 59, 16, 5, 2, 0, 326, 555, 114, 18, 9, 2, 0, 0
167, 762, 72, 23, 0, 0, 0, 0, 234, 709, 67, 14, 0, 0, 0, 0, 615, 356, 49, 4, 0, 0, 0, 0
293, 720, 11, 0, 0, 0, 0, 0, 311, 698, 15, 0, 0, 0, 0, 0, 818, 205, 1, 0, 0, 0, 0, 0
243, 753, 28, 0, 0, 0, 0, 0, 473, 539, 12, 0, 0, 0, 0, 0, 795, 229, 0, 0, 0, 0, 0, 0
4, 193, 57, 204, 373, 158, 35, 0, 9, 227, 234, 343, 168, 43, 0, 0, 60, 269, 408, 235, 50, 2, 0, 0
0, 0, 0, 0, 0, 0, 0, 1024, 0, 0, 0, 0, 0, 0, 0, 1024, 0, 0, 0, 0, 0, 0, 0, 1024
0, 0, 0, 0, 0, 0, 0, 1024, 0, 0, 0, 0, 0, 0, 0, 1024, 0, 0, 0, 0, 0, 0, 0, 1024
0, 0, 0, 0, 0, 0, 0, 1024, 0, 0, 0, 0, 0, 0, 0, 1024, 0, 0, 0, 0, 0, 0, 0, 1024
0, 0, 0, 0, 0, 0, 0, 1024, 0, 0, 0, 0, 0, 0, 0, 1024, 0, 0, 0, 0, 0, 0, 0, 1024
0, 0, 0, 0, 0, 0, 0, 1024, 0, 0, 0, 0, 0, 0, 0, 1024, 0, 0, 0, 0, 0, 0, 0, 1024
0, 0, 0, 0, 0, 0, 0, 1024, 0, 0, 0, 0, 0, 0, 0, 1024, 0, 0, 0, 0, 0, 0, 0, 1024
0, 0, 0, 0, 0, 0, 0, 1024, 0, 0, 0, 0, 0, 0, 0, 1024, 0, 0, 0, 0, 0, 0, 0, 1024
5, 4, 5, 20, 17, 8, 3, 962, 5, 4, 5, 20, 17, 8, 3, 962, 5, 4, 5, 20, 17, 8, 3, 962
0, 15, 348, 505, 102, 22, 6, 26, 0, 65, 516, 352, 41, 18, 5, 27, 1, 112, 589, 226, 46, 18, 5, 27
1, 251, 745, 26, 1, 0, 0, 0, 1, 736, 285, 2, 0, 0, 0, 0, 17, 889, 116, 2, 0, 0, 0, 0
0, 256, 692, 76, 0, 0, 0, 0, 10, 471, 537, 6, 0, 0, 0, 0, 43, 702, 277, 2, 0, 0, 0, 0
3, 340, 658, 23, 0, 0, 0, 0, 33, 730, 259, 2, 0, 0, 0, 0, 54, 861, 109, 0, 0, 0, 0, 0
36, 471, 445, 72, 0, 0, 0, 0, 58, 678, 280, 8, 0, 0, 0, 0, 123, 719, 179, 3, 0, 0, 0, 0
1, 320, 661, 42, 0, 0, 0, 0, 3, 562, 451, 8, 0, 0, 0, 0, 52, 846, 126, 0, 0, 0, 0, 0
1, 468, 396, 95, 63, 1, 0, 0, 0, 615, 254, 32, 111, 12, 0, 0, 49, 781, 174, 20, 0, 0, 0, 0
0, 0, 13, 770, 241, 0, 0, 0, 0, 0, 0, 3, 707, 314, 0, 0, 1, 625, 397, 1, 0, 0, 0, 0
68, 338, 156, 385, 75, 2, 0, 0, 27, 304, 105, 152, 378, 57, 1, 0, 222, 452, 307, 42, 1, 0, 0, 0
32, 975, 17, 0, 0, 0, 0, 0, 0, 963, 61, 0, 0, 0, 0, 0, 102, 922, 0, 0, 0, 0, 0, 0
39, 974, 11, 0, 0, 0, 0, 0, 0, 974, 50, 0, 0, 0, 0, 0, 19, 975, 30, 0, 0, 0, 0, 0
0, 167, 173, 97, 97, 58, 262, 170, 0, 117, 218, 101, 84, 58, 97, 349, 0, 148, 180, 78, 80, 67, 48, 423
0, 0, 0, 0, 0, 0, 807, 217, 0, 0, 0, 0, 0, 0, 347, 677, 0, 0, 0, 0, 0, 0, 0, 1024
0, 1, 6, 16, 21, 41, 921, 18, 0, 2, 6, 19, 16, 33, 882, 66, 0, 0, 6, 17, 21, 23, 30, 927
6, 33, 160, 299, 191, 156, 159, 20, 7, 50, 187, 295, 179, 140, 142, 24, 16, 121, 235, 208, 142, 98, 101, 103
2, 105, 469, 336, 96, 12, 2, 2, 7, 195, 463, 281, 65, 9, 3, 1, 20, 356, 421, 185, 34, 4, 3, 1
5, 243, 563, 171, 31, 6, 3, 2, 10, 448, 449, 89, 20, 3, 3, 2, 42, 565, 346, 56, 9, 3, 1, 2
3, 215, 616, 164, 18, 3, 5, 0, 14, 446, 470, 76, 11, 5, 2, 0, 40, 584, 345, 41, 9, 5, 0, 0
0, 95, 641, 256, 28, 3, 1, 0, 3, 274, 571, 154, 19, 2, 1, 0, 22, 510, 427, 58, 6, 1, 0, 0
2, 166, 528, 288, 40, 0, 0, 0, 5, 306, 475, 208, 30, 0, 0, 0, 50, 502, 393, 78, 1, 0, 0, 0
16, 456, 473, 77, 2, 0, 0, 0, 39, 585, 352, 46, 2, 0, 0, 0, 141, 671, 204, 8, 0, 0, 0, 0
23, 766, 214, 21, 0, 0, 0, 0, 174, 699, 130, 20, 1, 0, 0, 0, 365, 604, 51, 4, 0, 0, 0, 0
49, 784, 183, 8, 0, 0, 0, 0, 215, 733, 73, 3, 0, 0, 0, 0, 443, 541, 40, 0, 0, 0, 0, 0
61, 633, 315, 15, 0, 0, 0, 0, 168, 646, 205, 5, 0, 0, 0, 0, 357, 579, 88, 0, 0, 0, 0, 0
72, 588, 349, 15, 0, 0, 0, 0, 114, 528, 366, 16, 0, 0, 0, 0, 324, 616, 84, 0, 0, 0, 0, 0
319, 529, 165, 11, 0, 0, 0, 0, 420, 478, 121, 5, 0, 0, 0, 0, 647, 356, 20, 1, 0, 0, 0, 0
232, 712, 79, 1, 0, 0, 0, 0, 504, 493, 27, 0, 0, 0, 0, 0, 751, 266, 7, 0, 0, 0, 0, 0
23, 253, 174, 451, 101, 6, 10, 6, 141, 198, 522, 133, 12, 7, 8, 3, 198, 305, 476, 24, 6, 8, 7, 0
0, 0, 0, 0, 0, 0, 0, 1024, 0, 0, 0, 0, 0, 0, 0, 1024, 0, 0, 0, 0, 0, 0, 0, 1024
0, 0, 0, 0, 0, 0, 0, 1024, 0, 0, 0, 0, 0, 0, 0, 1024, 0, 0, 0, 0, 0, 0, 0, 1024
0, 0, 0, 0, 0, 0, 0, 1024, 0, 0, 0, 0, 0, 0, 0, 1024, 0, 0, 0, 0, 0, 0, 0, 1024
0, 0, 0, 0, 0, 0, 0, 1024, 0, 0, 0, 0, 0, 0, 0, 1024, 0, 0, 0, 0, 0, 0, 0, 1024
0, 0, 0, 0, 0, 0, 0, 1024, 0, 0, 0, 0, 0, 0, 0, 1024, 0, 0, 0, 0, 0, 0, 0, 1024
0, 0, 0, 0, 0, 0, 0, 1024, 0, 0, 0, 0, 0, 0, 0, 1024, 0, 0, 0, 0, 0, 0, 0, 1024
0, 0, 0, 0, 0, 0, 0, 1024, 0, 0, 0, 0, 0, 0, 0, 1024, 0, 0, 0, 0, 0, 0, 0, 1024
3, 2, 4, 2, 4, 1, 1, 1007, 3, 2, 4, 2, 4, 1, 1, 1007, 3, 2, 4, 2, 4, 1, 1, 1007
7, 19, 310, 551, 86, 9, 3, 39, 8, 76, 512, 347, 29, 10, 2, 40, 7, 120, 601, 211, 35, 8, 3, 39
3, 238, 612, 168, 3, 0, 0, 0, 4, 490, 467, 63, 0, 0, 0, 0, 23, 622, 366, 13, 0, 0, 0, 0
1, 113, 808, 102, 0, 0, 0, 0, 4, 452, 554, 14, 0, 0, 0, 0, 22, 712, 290, 0, 0, 0, 0, 0
12, 518, 473, 21, 0, 0, 0, 0, 131, 800, 93, 0, 0, 0, 0, 0, 194, 769, 61, 0, 0, 0, 0, 0
15, 706, 300, 3, 0, 0, 0, 0, 108, 844, 72, 0, 0, 0, 0, 0, 162, 814, 48, 0, 0, 0, 0, 0
0, 183, 805, 36, 0, 0, 0, 0, 3, 495, 526, 0, 0, 0, 0, 0, 14, 859, 151, 0, 0, 0, 0, 0
4, 465, 418, 46, 70, 20, 1, 0, 4, 666, 217, 15, 85, 27, 10, 0, 53, 797, 120, 42, 12, 0, 0, 0
34, 30, 35, 713, 196, 16, 0, 0, 20, 31, 29, 55, 621, 263, 5, 0, 79, 477, 417, 43, 8, 0, 0, 0
74, 474, 128, 285, 59, 4, 0, 0, 69, 407, 146, 93, 269, 39, 1, 0, 304, 461, 212, 45, 2, 0, 0, 0
4, 1018, 2, 0, 0, 0, 0, 0, 0, 1022, 2, 0, 0, 0, 0, 0, 24, 1000, 0, 0, 0, 0, 0, 0
7, 952, 65, 0, 0, 0, 0, 0, 0, 945, 79, 0, 0, 0, 0, 0, 10, 950, 64, 0, 0, 0, 0, 0
0, 187, 199, 86, 76, 71, 222, 183, 0, 146, 227, 90, 77, 65, 109, 310, 0, 159, 204, 80, 75, 45, 64, 397
2, 2, 3, 4, 8, 21, 813, 171, 1, 3, 4, 2, 8, 20, 457, 529, 1, 1, 3, 4, 4, 12, 21, 978
0, 10, 60, 103, 97, 148, 559, 47, 0, 11, 69, 112, 97, 125, 545, 65, 1, 32, 65, 107, 67, 93, 148, 511
0, 63, 321, 327, 183, 52, 66, 12, 1, 72, 389, 286, 155, 51, 60, 10, 11, 238, 374, 206, 85, 37, 27, 46
0, 74, 524, 362, 47, 10, 7, 0, 1, 233, 576, 177, 24, 11, 2, 0, 3, 363, 495, 131, 17, 11, 4, 0
2, 52, 541, 336, 76, 14, 3, 0, 6, 191, 594, 174, 48, 9, 2, 0, 16, 407, 460, 112, 20, 7, 2, 0
0, 94, 475, 372, 74, 9, 0, 0, 0, 202, 534, 242, 44, 2, 0, 0, 30, 430, 430, 121, 13, 0, 0, 0
0, 105, 503, 348, 61, 7, 0, 0, 4, 206, 494, 273, 41, 6, 0, 0, 45, 452, 418, 89, 18, 2, 0, 0
2, 129, 587, 253, 49, 4, 0, 0, 6, 298, 515, 170, 31, 4, 0, 0, 46, 528, 356, 87, 7, 0, 0, 0
7, 265, 618, 127, 7, 0, 0, 0, 21, 500, 441, 53, 9, 0, 0, 0, 79, 679, 242, 24, 0, 0, 0, 0
8, 563, 438, 15, 0, 0, 0, 0, 39, 817, 154, 14, 0, 0, 0, 0, 152, 803, 64, 5, 0, 0, 0, 0
4, 569, 432, 19, 0, 0, 0, 0, 16, 811, 191, 6, 0, 0, 0, 0, 159, 816, 48, 1, 0, 0, 0, 0
66, 688, 257, 13, 0, 0, 0, 0, 119, 723, 172, 10, 0, 0, 0, 0, 389, 571, 63, 1, 0, 0, 0, 0
22, 734, 249, 18, 1, 0, 0, 0, 26, 582, 377, 38, 1, 0, 0, 0, 332, 641, 48, 3, 0, 0, 0, 0
45, 540, 404, 34, 1, 0, 0, 0, 72, 530, 381, 39, 2, 0, 0, 0, 373, 585, 64, 2, 0, 0, 0, 0
24, 644, 284, 72, 0, 0, 0, 0, 132, 703, 188, 1, 0, 0, 0, 0, 398, 553, 72, 1, 0, 0, 0, 0
0, 14, 118, 688, 203, 1, 0, 0, 0, 44, 827, 152, 1, 0, 0, 0, 2, 274, 729, 19, 0, 0, 0, 0
0, 0, 0, 0, 0, 0, 0, 1024, 0, 0, 0, 0, 0, 0, 0, 1024, 0, 0, 0, 0, 0, 0, 0, 1024
0, 0, 0, 0, 0, 0, 0, 1024, 0, 0, 0, 0, 0, 0, 0, 1024, 0, 0, 0, 0, 0, 0, 0, 1024
0, 0, 0, 0, 0, 0, 0, 1024, 0, 0, 0, 0, 0, 0, 0, 1024, 0, 0, 0, 0, 0, 0, 0, 1024
0, 0, 0, 0, 0, 0, 0, 1024, 0, 0, 0, 0, 0, 0, 0, 1024, 0, 0, 0, 0, 0, 0, 0, 1024
0, 0, 0, 0, 0, 0, 0, 1024, 0, 0, 0, 0, 0, 0, 0, 1024, 0, 0, 0, 0, 0, 0, 0, 1024
0, 0, 0, 0, 0, 0, 0, 1024, 0, 0, 0, 0, 0, 0, 0, 1024, 0, 0, 0, 0, 0, 0, 0, 1024
0, 0, 0, 0, 0, 0, 0, 1024, 0, 0, 0, 0, 0, 0, 0, 1024, 0, 0, 0, 0, 0, 0, 0, 1024
0, 0, 0, 0, 0, 0, 0, 1024, 0, 0, 0, 0, 0, 0, 0, 1024, 0, 0, 0, 0, 0, 0, 0, 1024
4, 5, 274, 323, 97, 38, 41, 242, 5, 66, 377, 211, 46, 41, 35, 243, 5, 122, 396, 133, 49, 37, 40, 242
0, 50, 792, 178, 4, 0, 0, 0, 4, 370, 641, 7, 2, 0, 0, 0, 11, 578, 426, 7, 2, 0, 0, 0
0, 227, 664, 133, 0, 0, 0, 0, 13, 584, 409, 18, 0, 0, 0, 0, 24, 738, 260, 2, 0, 0, 0, 0
0, 93, 747, 183, 1, 0, 0, 0, 11, 355, 645, 13, 0, 0, 0, 0, 18, 626, 379, 1, 0, 0, 0, 0
7, 400, 601, 16, 0, 0, 0, 0, 48, 781, 195, 0, 0, 0, 0, 0, 64, 842, 118, 0, 0, 0, 0, 0
1, 256, 715, 52, 0, 0, 0, 0, 12, 562, 449, 1, 0, 0, 0, 0, 23, 768, 232, 1, 0, 0, 0, 0
7, 617, 246, 37, 83, 31, 3, 0, 5, 739, 127, 28, 60, 51, 14, 0, 62, 794, 73, 79, 16, 0, 0, 0
38, 98, 47, 532, 266, 32, 11, 0, 26, 111, 26, 48, 484, 311, 18, 0, 157, 418, 348, 50, 45, 6, 0, 0
35, 594, 121, 77, 149, 47, 1, 0, 23, 544, 180, 13, 116, 141, 7, 0, 145, 626, 138, 109, 6, 0, 0, 0
4, 952, 50, 16, 2, 0, 0, 0, 0, 968, 41, 14, 1, 0, 0, 0, 14, 977, 29, 4, 0, 0, 0, 0
2, 642, 121, 191, 64, 4, 0, 0, 0, 601, 170, 215, 35, 3, 0, 0, 0, 670, 236, 105, 11, 2, 0, 0
2, 23, 160, 282, 235, 133, 131, 58, 4, 26, 185, 283, 210, 118, 114, 84, 2, 66, 220, 218, 183, 102, 109, 124
2, 11, 58, 165, 239, 215, 219, 115, 2, 17, 71, 204, 219, 176, 187, 148, 1, 24, 109, 194, 180, 143, 126, 247
0, 10, 145, 434, 245, 121, 42, 27, 0, 27, 238, 432, 178, 86, 50, 13, 6, 77, 359, 345, 128, 63, 43, 3
1, 55, 279, 432, 198, 42, 14, 3, 1, 77, 341, 393, 155, 42, 11, 4, 31, 236, 474, 202, 62, 14, 3, 2
0, 79, 472, 410, 59, 4, 0, 0, 0, 195, 548, 239, 42, 0, 0, 0, 21, 423, 488, 84, 8, 0, 0, 0
0, 33, 346, 487, 137, 15, 6, 0, 1, 114, 480, 370, 50, 9, 0, 0, 37, 355, 473, 141, 12, 6, 0, 0
0, 120, 498, 291, 88, 26, 1, 0, 1, 233, 517, 201, 65, 7, 0, 0, 21, 440, 390, 127, 41, 5, 0, 0
2, 195, 683, 138, 5, 1, 0, 0, 7, 391, 538, 84, 4, 0, 0, 0, 39, 622, 349, 11, 3, 0, 0, 0
5, 135, 548, 262, 63, 8, 3, 0, 14, 341, 472, 166, 28, 2, 1, 0, 33, 489, 384, 107, 9, 2, 0, 0
14, 585, 385, 40, 0, 0, 0, 0, 87, 727, 200, 10, 0, 0, 0, 0, 189, 707, 122, 6, 0, 0, 0, 0
1, 615, 322, 84, 2, 0, 0, 0, 35, 725, 230, 34, 0, 0, 0, 0, 148, 701, 166, 9, 0, 0, 0, 0
16, 600, 286, 109, 13, 0, 0, 0, 77, 675, 222, 44, 6, 0, 0, 0, 266, 589, 143, 26, 0, 0, 0, 0
99, 800, 122, 3, 0, 0, 0, 0, 153, 776, 93, 2, 0, 0, 0, 0, 504, 508, 12, 0, 0, 0, 0, 0
44, 487, 460, 32, 1, 0, 0, 0, 17, 389, 529, 89, 0, 0, 0, 0, 295, 668, 61, 0, 0, 0, 0, 0
3, 620, 371, 30, 0, 0, 0, 0, 15, 572, 407, 30, 0, 0, 0, 0, 414, 556, 53, 1, 0, 0, 0, 0
0, 655, 358, 11, 0, 0, 0, 0, 124, 825, 70, 5, 0, 0, 0, 0, 403, 602, 18, 1, 0, 0, 0, 0
1, 25, 344, 559, 93, 2, 0, 0, 4, 170, 783, 63, 4, 0, 0, 0, 25, 545, 446, 8, 0, 0, 0, 0
0, 0, 0, 0, 0, 0, 0, 1024, 0, 0, 0, 0, 0, 0, 0, 1024, 0, 0, 0, 0, 0, 0, 0, 1024
0, 0, 0, 0, 0, 0, 0, 1024, 0, 0, 0, 0, 0, 0, 0, 1024, 0, 0, 0, 0, 0, 0, 0, 1024
0, 0, 0, 0, 0, 0, 0, 1024, 0, 0, 0, 0, 0, 0, 0, 1024, 0, 0, 0, 0, 0, 0, 0, 1024
0, 0, 0, 0, 0, 0, 0, 1024, 0, 0, 0, 0, 0, 0, 0, 1024, 0, 0, 0, 0, 0, 0, 0, 1024
0, 0, 0, 0, 0, 0, 0, 1024, 0, 0, 0, 0, 0, 0, 0, 1024, 0, 0, 0, 0, 0, 0, 0, 1024
0, 0, 0, 0, 0, 0, 0, 1024, 0, 0, 0, 0, 0, 0, 0, 1024, 0, 0, 0, 0, 0, 0, 0, 1024
0, 0, 0, 0, 0, 0, 0, 1024, 0, 0, 0, 0, 0, 0, 0, 1024, 0, 0, 0, 0, 0, 0, 0, 1024
0, 0, 0, 1, 0, 3, 4, 1016, 0, 0, 0, 1, 0, 3, 4, 1016, 0, 0, 0, 1, 0, 3, 4, 1016
1, 14, 310, 390, 54, 25, 19, 211, 1, 57, 466, 222, 25, 24, 18, 211, 1, 103, 438, 206, 25, 25, 13, 213
4, 225, 594, 179, 22, 0, 0, 0, 16, 500, 475, 33, 0, 0, 0, 0, 44, 640, 320, 20, 0, 0, 0, 0
3, 255, 554, 212, 0, 0, 0, 0, 25, 500, 485, 14, 0, 0, 0, 0, 40, 701, 282, 1, 0, 0, 0, 0
0, 45, 734, 245, 0, 0, 0, 0, 2, 274, 719, 29, 0, 0, 0, 0, 5, 587, 432, 0, 0, 0, 0, 0
0, 184, 758, 82, 0, 0, 0, 0, 1, 486, 529, 8, 0, 0, 0, 0, 10, 692, 321, 1, 0, 0, 0, 0
13, 760, 247, 4, 0, 0, 0, 0, 73, 857, 94, 0, 0, 0, 0, 0, 167, 824, 33, 0, 0, 0, 0, 0
55, 742, 70, 32, 94, 29, 2, 0, 42, 762, 55, 24, 70, 54, 17, 0, 185, 675, 61, 83, 20, 0, 0, 0
62, 155, 72, 197, 394, 141, 3, 0, 55, 154, 70, 126, 408, 210, 1, 0, 202, 184, 347, 264, 27, 0, 0, 0
8, 738, 83, 22, 72, 77, 24, 0, 17, 768, 46, 26, 66, 73, 28, 0, 83, 744, 57, 80, 54, 6, 0, 0
6, 842, 126, 41, 9, 0, 0, 0, 1, 871, 103, 39, 10, 0, 0, 0, 34, 898, 73, 16, 3, 0, 0, 0
2, 32, 212, 551, 217, 9, 1, 0, 1, 53, 333, 502, 132, 3, 0, 0, 10, 167, 590, 236, 20, 1, 0, 0
1, 18, 247, 520, 183, 42, 8, 5, 1, 53, 414, 402, 113, 32, 6, 3, 2, 73, 464, 346, 91, 36, 9, 3
0, 4, 156, 593, 219, 41, 6, 5, 0, 11, 379, 511, 97, 19, 6, 1, 0, 67, 550, 329, 52, 18, 6, 2
0, 17, 241, 552, 148, 46, 15, 5, 0, 36, 435, 418, 93, 30, 10, 2, 10, 159, 563, 216, 50, 20, 6, 0
1, 36, 242, 444, 211, 61, 22, 7, 2, 56, 357, 375, 182, 30, 18, 4, 24, 181, 447, 273, 69, 19, 9, 2
0, 108, 549, 274, 74, 15, 4, 0, 3, 233, 506, 212, 54, 14, 2, 0, 28, 459, 419, 90, 23, 5, 0, 0
1, 122, 533, 296, 66, 6, 0, 0, 3, 163, 557, 255, 45, 1, 0, 0, 49, 463, 396, 104, 12, 0, 0, 0
1, 117, 556, 285, 57, 8, 0, 0, 6, 204, 540, 234, 38, 2, 0, 0, 58, 469, 412, 72, 13, 0, 0, 0
0, 142, 543, 283, 51, 5, 0, 0, 9, 336, 458, 185, 35, 1, 0, 0, 51, 529, 356, 72, 16, 0, 0, 0
4, 143, 528, 286, 57, 5, 1, 0, 8, 310, 525, 145, 30, 6, 0, 0, 46, 496, 375, 87, 19, 1, 0, 0
20, 395, 464, 143, 2, 0, 0, 0, 57, 536, 376, 54, 1, 0, 0, 0, 204, 580, 208, 32, 0, 0, 0, 0
7, 560, 393, 62, 2, 0, 0, 0, 122, 630, 265, 7, 0, 0, 0, 0, 223, 642, 156, 3, 0, 0, 0, 0
20, 410, 501, 86, 7, 0, 0, 0, 67, 571, 357, 29, 0, 0, 0, 0, 200, 608, 207, 9, 0, 0, 0, 0
20, 543, 380, 81, 0, 0, 0, 0, 84, 641, 290, 9, 0, 0, 0, 0, 267, 627, 130, 0, 0, 0, 0, 0
31, 490, 494, 9, 0, 0, 0, 0, 24, 292, 660, 48, 0, 0, 0, 0, 286, 708, 30, 0, 0, 0, 0, 0
24, 649, 339, 12, 0, 0, 0, 0, 13, 533, 432, 46, 0, 0, 0, 0, 376, 616, 32, 0, 0, 0, 0, 0
0, 427, 586, 9, 2, 0, 0, 0, 22, 903, 96, 3, 0, 0, 0, 0, 218, 787, 18, 1, 0, 0, 0, 0
0, 41, 543, 406, 34, 0, 0, 0, 3, 451, 532, 38, 0, 0, 0, 0, 22, 759, 239, 4, 0, 0, 0, 0
0, 0, 0, 0, 0, 0, 0, 1024, 0, 0, 0, 0, 0, 0, 0, 1024, 0, 0, 0, 0, 0, 0, 0, 1024
0, 0, 0, 0, 0, 0, 0, 1024, 0, 0, 0, 0, 0, 0, 0, 1024, 0, 0, 0, 0, 0, 0, 0, 1024
0, 0, 0, 0, 0, 0, 0, 1024, 0, 0, 0, 0, 0, 0, 0, 1024, 0, 0, 0, 0, 0, 0, 0, 1024
0, 0, 0, 0, 0, 0, 0, 1024, 0, 0, 0, 0, 0, 0, 0, 1024, 0, 0, 0, 0, 0, 0, 0, 1024
0, 0, 0, 0, 0, 0, 0, 1024, 0, 0, 0, 0, 0, 0, 0, 1024, 0, 0, 0, 0, 0, 0, 0, 1024
0, 0, 0, 0, 0, 0, 0, 1024, 0, 0, 0, 0, 0, 0, 0, 1024, 0, 0, 0, 0, 0, 0, 0, 1024
0, 0, 0, 0, 0, 0, 0, 1024, 0, 0, 0, 0, 0, 0, 0, 1024, 0, 0, 0, 0, 0, 0, 0, 1024
0, 0, 1, 8, 14, 5, 17, 979, 0, 0, 1, 8, 14, 5, 17, 979, 0, 0, 1, 8, 14, 5, 17, 979
0, 4, 135, 729, 101, 29, 13, 13, 0, 23, 509, 393, 46, 27, 12, 14, 0, 46, 657, 212, 55, 25, 14, 15
0, 9, 509, 490, 16, 0, 0, 0, 0, 90, 797, 137, 0, 0, 0, 0, 1, 257, 740, 26, 0, 0, 0, 0
0, 100, 780, 144, 0, 0, 0, 0, 1, 398, 605, 20, 0, 0, 0, 0, 6, 675, 343, 0, 0, 0, 0, 0
0, 41, 686, 297, 0, 0, 0, 0, 0, 180, 809, 35, 0, 0, 0, 0, 4, 448, 571, 1, 0, 0, 0, 0
2, 223, 642, 157, 0, 0, 0, 0, 11, 384, 613, 16, 0, 0, 0, 0, 24, 508, 488, 4, 0, 0, 0, 0
42, 656, 326, 0, 0, 0, 0, 0, 55, 842, 127, 0, 0, 0, 0, 0, 116, 880, 28, 0, 0, 0, 0, 0
52, 700, 153, 30, 51, 36, 2, 0, 30, 799, 74, 23, 35, 57, 6, 0, 214, 680, 28, 61, 39, 2, 0, 0
55, 327, 126, 175, 167, 128, 43, 3, 52, 359, 148, 210, 137, 107, 11, 0, 232, 258, 267, 160, 89, 18, 0, 0
6, 737, 159, 43, 39, 25, 14, 1, 12, 798, 104, 37, 40, 23, 10, 0, 63, 810, 63, 45, 22, 17, 4, 0
2, 682, 146, 150, 42, 2, 0, 0, 3, 694, 150, 150, 27, 0, 0, 0, 22, 755, 192, 51, 4, 0, 0, 0
0, 1, 229, 693, 101, 0, 0, 0, 0, 20, 411, 548, 45, 0, 0, 0, 0, 152, 732, 140, 0, 0, 0, 0
0, 8, 275, 625, 94, 18, 4, 0, 0, 34, 511, 415, 46, 17, 1, 0, 0, 100, 640, 222, 47, 14, 1, 0
1, 15, 240, 559, 177, 22, 9, 1, 0, 14, 333, 529, 125, 19, 4, 0, 5, 170, 602, 205, 34, 8, 0, 0
0, 44, 430, 388, 120, 29, 12, 1, 2, 65, 553, 288, 84, 24, 7, 1, 14, 293, 514, 150, 40, 10, 3, 0
2, 55, 395, 368, 151, 34, 16, 3, 4, 104, 411, 333, 125, 31, 13, 3, 32, 303, 409, 203, 55, 18, 2, 2
0, 90, 510, 299, 103, 13, 5, 4, 1, 206, 468, 265, 59, 18, 3, 4, 20, 389, 429, 150, 21, 8, 3, 4
1, 71, 458, 390, 84, 18, 2, 0, 1, 145, 503, 306, 59, 8, 2, 0, 27, 372, 484, 122, 16, 2, 1, 0
5, 182, 611, 209, 17, 0, 0, 0, 5, 301, 537, 169, 12, 0, 0, 0, 64, 573, 334, 51, 2, 0, 0, 0
4, 138, 649, 222, 11, 0, 0, 0, 7, 257, 573, 174, 13, 0, 0, 0, 57, 543, 384, 40, 0, 0, 0, 0
1, 141, 582, 283, 17, 0, 0, 0, 6, 279, 583, 151, 5, 0, 0, 0, 35, 505, 419, 65, 0, 0, 0, 0
8, 372, 476, 163, 5, 0, 0, 0, 39, 520, 375, 89, 1, 0, 0, 0, 159, 577, 228, 59, 1, 0, 0, 0
26, 776, 210, 12, 0, 0, 0, 0, 170, 696, 150, 8, 0, 0, 0, 0, 430, 542, 47, 5, 0, 0, 0, 0
24, 813, 178, 9, 0, 0, 0, 0, 105, 817, 99, 3, 0, 0, 0, 0, 411, 565, 48, 0, 0, 0, 0, 0
9, 623, 387, 5, 0, 0, 0, 0, 11, 576, 429, 8, 0, 0, 0, 0, 213, 784, 27, 0, 0, 0, 0, 0
5, 365, 596, 58, 0, 0, 0, 0, 8, 274, 643, 99, 0, 0, 0, 0, 264, 692, 67, 1, 0, 0, 0, 0
3, 158, 724, 130, 9, 0, 0, 0, 2, 362, 604, 53, 3, 0, 0, 0, 79, 790, 149, 6, 0, 0, 0, 0
0, 23, 739, 259, 3, 0, 0, 0, 0, 301, 672, 49, 2, 0, 0, 0, 32, 849, 141, 2, 0, 0, 0, 0
0, 14, 396, 594, 17, 3, 0, 0, 1, 305, 690, 23, 5, 0, 0, 0, 30, 670, 315, 7, 2, 0, 0, 0
0, 0, 0, 0, 0, 0, 0, 1024, 0, 0, 0, 0, 0, 0, 0, 1024, 0, 0, 0, 0, 0, 0, 0, 1024
0, 0, 0, 0, 0, 0, 0, 1024, 0, 0, 0, 0, 0, 0, 0, 1024, 0, 0, 0, 0, 0, 0, 0, 1024
0, 0, 0, 0, 0, 0, 0, 1024, 0, 0, 0, 0, 0, 0, 0, 1024, 0, 0, 0, 0, 0, 0, 0, 1024
0, 0, 0, 0, 0, 0, 0, 1024, 0, 0, 0, 0, 0, 0, 0, 1024, 0, 0, 0, 0, 0, 0, 0, 1024
0, 0, 0, 0, 0, 0, 0, 1024, 0, 0, 0, 0, 0, 0, 0, 1024, 0, 0, 0, 0, 0, 0, 0, 1024
0, 0, 0, 0, 0, 0, 0, 1024, 0, 0, 0, 0, 0, 0, 0, 1024, 0, 0, 0, 0, 0, 0, 0, 1024
0, 0, 0, 0, 0, 0, 0, 1024, 0, 0, 0, 0, 0, 0, 0, 1024, 0, 0, 0, 0, 0, 0, 0, 1024
0, 0, 2, 6, 5, 6, 0, 1005, 0, 0, 2, 6, 5, 6, 0, 1005, 0, 0, 2, 6, 5, 6, 0, 1005
4, 8, 296, 590, 72, 14, 14, 26, 4, 25, 512, 408, 23, 16, 14, 22, 5, 59, 601, 270, 35, 16, 14, 24
0, 16, 493, 512, 3, 0, 0, 0, 0, 83, 791, 150, 0, 0, 0, 0, 0, 145, 826, 53, 0, 0, 0, 0
3, 174, 721, 126, 0, 0, 0, 0, 5, 441, 562, 16, 0, 0, 0, 0, 33, 648, 339, 4, 0, 0, 0, 0
7, 236, 718, 63, 0, 0, 0, 0, 46, 536, 438, 4, 0, 0, 0, 0, 58, 732, 234, 0, 0, 0, 0, 0
0, 507, 504, 13, 0, 0, 0, 0, 16, 860, 148, 0, 0, 0, 0, 0, 31, 909, 84, 0, 0, 0, 0, 0
35, 669, 313, 7, 0, 0, 0, 0, 65, 785, 174, 0, 0, 0, 0, 0, 163, 822, 39, 0, 0, 0, 0, 0
36, 773, 174, 30, 10, 1, 0, 0, 18, 874, 95, 29, 7, 1, 0, 0, 198, 746, 63, 14, 3, 0, 0, 0
19, 548, 139, 113, 110, 72, 23, 0, 34, 574, 149, 111, 116, 38, 2, 0, 134, 563, 133, 108, 69, 17, 0, 0
2, 192, 535, 260, 33, 2, 0, 0, 3, 209, 544, 227, 39, 2, 0, 0, 39, 468, 448, 63, 6, 0, 0, 0
0, 45, 472, 451, 56, 0, 0, 0, 0, 93, 602, 299, 30, 0, 0, 0, 5, 270, 646, 98, 5, 0, 0, 0
0, 0, 479, 522, 21, 2, 0, 0, 0, 20, 744, 247, 12, 1, 0, 0, 1, 277, 698, 48, 0, 0, 0, 0
0, 23, 426, 494, 64, 13, 4, 0, 0, 42, 505, 410, 52, 11, 4, 0, 5, 198, 663, 127, 18, 10, 3, 0
0, 8, 320, 557, 115, 20, 1, 3, 0, 32, 501, 422, 56, 9, 3, 1, 4, 187, 598, 209, 19, 4, 3, 0
3, 36, 372, 437, 142, 25, 6, 3, 4, 65, 454, 396, 80, 16, 7, 2, 14, 273, 497, 200, 30, 8, 2, 0
4, 67, 432, 381, 112, 20, 6, 2, 5, 140, 505, 292, 61, 13, 6, 2, 25, 337, 463, 160, 26, 10, 2, 1
1, 50, 345, 420, 160, 33, 9, 6, 3, 77, 385, 368, 146, 31, 8, 6, 25, 251, 452, 220, 57, 8, 5, 6
0, 60, 594, 299, 64, 7, 0, 0, 3, 151, 578, 241, 46, 5, 0, 0, 34, 486, 422, 68, 14, 0, 0, 0
0, 163, 633, 206, 21, 1, 0, 0, 2, 268, 564, 169, 18, 3, 0, 0, 60, 591, 318, 48, 7, 0, 0, 0
6, 162, 559, 256, 40, 1, 0, 0, 8, 212, 512, 247, 44, 1, 0, 0, 58, 524, 361, 78, 3, 0, 0, 0
5, 327, 594, 95, 3, 0, 0, 0, 15, 514, 429, 66, 0, 0, 0, 0, 98, 685, 227, 14, 0, 0, 0, 0
5, 709, 278, 32, 0, 0, 0, 0, 54, 790, 169, 11, 0, 0, 0, 0, 298, 636, 86, 4, 0, 0, 0, 0
43, 747, 218, 16, 0, 0, 0, 0, 130, 740, 148, 6, 0, 0, 0, 0, 374, 551, 97, 2, 0, 0, 0, 0
131, 790, 103, 0, 0, 0, 0, 0, 301, 658, 65, 0, 0, 0, 0, 0, 574, 444, 6, 0, 0, 0, 0, 0
14, 661, 330, 19, 0, 0, 0, 0, 10, 485, 501, 28, 0, 0, 0, 0, 256, 719, 49, 0, 0, 0, 0, 0
8, 553, 441, 20, 2, 0, 0, 0, 2, 368, 624, 28, 2, 0, 0, 0, 267, 723, 32, 2, 0, 0, 0, 0
1, 95, 722, 192, 13, 1, 0, 0, 3, 396, 587, 31, 7, 0, 0, 0, 94, 827, 91, 11, 1, 0, 0, 0
0, 1, 149, 737, 118, 17, 2, 0, 0, 98, 801, 105, 18, 2, 0, 0, 8, 562, 423, 27, 4, 0, 0, 0
0, 0, 86, 815, 122, 1, 0, 0, 0, 50, 855, 117, 2, 0, 0, 0, 3, 363, 637, 21, 0, 0, 0, 0
0, 0, 0, 0, 0, 0, 0, 1024, 0, 0, 0, 0, 0, 0, 0, 1024, 0, 0, 0, 0, 0, 0, 0, 1024
0, 0, 0, 0, 0, 0, 0, 1024, 0, 0, 0, 0, 0, 0, 0, 1024, 0, 0, 0, 0, 0, 0, 0, 1024
0, 0, 0, 0, 0, 0, 0, 1024, 0, 0, 0, 0, 0, 0, 0, 1024, 0, 0, 0, 0, 0, 0, 0, 1024
0, 0, 0, 0, 0, 0, 0, 1024, 0, 0, 0, 0, 0, 0, 0, 1024, 0, 0, 0, 0, 0, 0, 0, 1024
0, 0, 0, 0, 0, 0, 0, 1024, 0, 0, 0, 0, 0, 0, 0, 1024, 0, 0, 0, 0, 0, 0, 0, 1024
0, 0, 0, 0, 0, 0, 0, 1024, 0, 0, 0, 0, 0, 0, 0, 1024, 0, 0, 0, 0, 0, 0, 0, 1024
0, 0, 0, 0, 0, 0, 0, 1024, 0, 0, 0, 0, 0, 0, 0, 1024, 0, 0, 0, 0, 0, 0, 0, 1024
6, 9, 4, 3, 3, 7, 5, 987, 6, 9, 4, 3, 3, 7, 5, 987, 6, 9, 4, 3, 3, 7, 5, 987
1, 3, 262, 639, 84, 7, 8, 20, 1, 5, 584, 362, 41, 4, 7, 20, 1, 91, 618, 246, 37, 5, 6, 20
0, 8, 518, 491, 7, 0, 0, 0, 0, 69, 787, 168, 0, 0, 0, 0, 0, 212, 769, 43, 0, 0, 0, 0
1, 74, 789, 160, 0, 0, 0, 0, 1, 342, 668, 13, 0, 0, 0, 0, 1, 527, 494, 2, 0, 0, 0, 0
0, 271, 691, 62, 0, 0, 0, 0, 18, 498, 498, 10, 0, 0, 0, 0, 34, 704, 286, 0, 0, 0, 0, 0
10, 693, 316, 3, 2, 0, 0, 0, 47, 906, 68, 3, 0, 0, 0, 0, 111, 865, 45, 3, 0, 0, 0, 0
50, 665, 306, 3, 0, 0, 0, 0, 103, 729, 190, 2, 0, 0, 0, 0, 190, 808, 24, 2, 0, 0, 0, 0
106, 800, 102, 16, 0, 0, 0, 0, 30, 916, 73, 5, 0, 0, 0, 0, 177, 818, 27, 2, 0, 0, 0, 0
14, 484, 236, 219, 60, 11, 0, 0, 30, 481, 210, 228, 67, 8, 0, 0, 91, 550, 262, 104, 15, 2, 0, 0
0, 2, 406, 537, 77, 2, 0, 0, 0, 33, 524, 405, 61, 1, 0, 0, 4, 290, 620, 108, 2, 0, 0, 0
0, 8, 547, 429, 40, 0, 0, 0, 0, 52, 736, 216, 20, 0, 0, 0, 2, 259, 691, 71, 1, 0, 0, 0
0, 7, 345, 629, 42, 1, 0, 0, 0, 41, 623, 347, 12, 1, 0, 0, 1, 138, 765, 116, 4, 0, 0, 0
0, 16, 389, 553, 63, 3, 0, 0, 0, 28, 494, 456, 43, 3, 0, 0, 8, 233, 646, 133, 3, 1, 0, 0
0, 26, 472, 437, 84, 5, 0, 0, 1, 48, 554, 356, 63, 2, 0, 0, 12, 273, 591, 129, 19, 0, 0, 0
0, 22, 230, 504, 209, 45, 13, 1, 0, 35, 359, 454, 142, 30, 4, 0, 11, 176, 507, 267, 52, 10, 1, 0
0, 51, 509, 374, 56, 20, 11, 3, 1, 115, 623, 215, 40, 22, 6, 2, 9, 323, 561, 88, 27, 13, 2, 1
0, 52, 513, 362, 82, 14, 1, 0, 0, 157, 563, 242, 53, 8, 1, 0, 13, 357, 526, 107, 19, 2, 0, 0
6, 182, 520, 238, 60, 14, 2, 2, 10, 268, 467, 204, 63, 9, 3, 0, 73, 472, 349, 103, 23, 2, 2, 0
2, 376, 504, 124, 16, 2, 0, 0, 3, 444, 418, 142, 14, 3, 0, 0, 93, 689, 207, 32, 3, 0, 0, 0
18, 366, 449, 171, 19, 1, 0, 0, 16, 413, 392, 169, 33, 1, 0, 0, 115, 581, 261, 60, 6, 1, 0, 0
6, 315, 547, 149, 7, 0, 0, 0, 18, 334, 470, 192, 10, 0, 0, 0, 116, 547, 333, 26, 2, 0, 0, 0
32, 581, 379, 31, 1, 0, 0, 0, 96, 595, 314, 18, 1, 0, 0, 0, 313, 632, 75, 4, 0, 0, 0, 0
47, 727, 216, 34, 0, 0, 0, 0, 128, 720, 146, 30, 0, 0, 0, 0, 403, 536, 84, 1, 0, 0, 0, 0
19, 616, 380, 9, 0, 0, 0, 0, 47, 715, 262, 0, 0, 0, 0, 0, 213, 757, 54, 0, 0, 0, 0, 0
9, 556, 458, 1, 0, 0, 0, 0, 8, 518, 486, 12, 0, 0, 0, 0, 197, 789, 38, 0, 0, 0, 0, 0
11, 505, 465, 38, 5, 0, 0, 0, 10, 444, 522, 46, 2, 0, 0, 0, 286, 675, 57, 6, 0, 0, 0, 0
0, 71, 538, 406, 7, 2, 0, 0, 0, 326, 662, 33, 2, 1, 0, 0, 50, 831, 137, 4, 2, 0, 0, 0
0, 0, 64, 786, 162, 6, 5, 1, 0, 54, 837, 118, 9, 5, 1, 0, 9, 454, 531, 26, 3, 1, 0, 0
0, 0, 4, 583, 428, 9, 0, 0, 0, 5, 721, 292, 6, 0, 0, 0, 0, 175, 826, 22, 1, 0, 0, 0
0, 0, 0, 0, 0, 0, 0, 1024, 0, 0, 0, 0, 0, 0, 0, 1024, 0, 0, 0, 0, 0, 0, 0, 1024
0, 0, 0, 0, 0, 0, 0, 1024, 0, 0, 0, 0, 0, 0, 0, 1024, 0, 0, 0, 0, 0, 0, 0, 1024
0, 0, 0, 0, 0, 0, 0, 1024, 0, 0, 0, 0, 0, 0, 0, 1024, 0, 0, 0, 0, 0, 0, 0, 1024
0, 0, 0, 0, 0, 0, 0, 1024, 0, 0, 0, 0, 0, 0, 0, 1024, 0, 0, 0, 0, 0, 0, 0, 1024
0, 0, 0, 0, 0, 0, 0, 1024, 0, 0, 0, 0, 0, 0, 0, 1024, 0, 0, 0, 0, 0, 0, 0, 1024
0, 0, 0, 0, 0, 0, 0, 1024, 0, 0, 0, 0, 0, 0, 0, 1024, 0, 0, 0, 0, 0, 0, 0, 1024
1, 4, 6, 17, 13, 10, 9, 964, 3, 10, 6, 16, 12, 5, 13, 959, 1, 9, 6, 15, 15, 7, 10, 961
19, 171, 137, 131, 71, 35, 34, 426, 21, 145, 198, 137, 50, 32, 30, 411, 31, 214, 162, 106, 43, 32, 27, 409
1, 8, 386, 599, 30, 0, 0, 0, 1, 47, 767, 198, 10, 1, 0, 0, 1, 115, 768, 132, 8, 0, 0, 0
0, 18, 501, 497, 8, 0, 0, 0, 0, 80, 762, 182, 0, 0, 0, 0, 1, 115, 844, 64, 0, 0, 0, 0
0, 66, 727, 231, 0, 0, 0, 0, 0, 192, 801, 31, 0, 0, 0, 0, 1, 386, 632, 5, 0, 0, 0, 0
35, 439, 468, 82, 0, 0, 0, 0, 74, 563, 383, 4, 0, 0, 0, 0, 194, 544, 286, 0, 0, 0, 0, 0
32, 808, 184, 0, 0, 0, 0, 0, 103, 897, 24, 0, 0, 0, 0, 0, 201, 810, 13, 0, 0, 0, 0, 0
0, 328, 634, 62, 0, 0, 0, 0, 3, 554, 461, 6, 0, 0, 0, 0, 37, 788, 198, 1, 0, 0, 0, 0
8, 695, 315, 6, 0, 0, 0, 0, 2, 805, 217, 0, 0, 0, 0, 0, 48, 954, 22, 0, 0, 0, 0, 0
13, 276, 348, 307, 76, 4, 0, 0, 2, 300, 350, 285, 83, 4, 0, 0, 50, 493, 372, 101, 8, 0, 0, 0
0, 11, 524, 443, 44, 2, 0, 0, 0, 36, 739, 229, 17, 3, 0, 0, 0, 281, 657, 78, 7, 1, 0, 0
0, 4, 479, 520, 19, 2, 0, 0, 0, 22, 790, 196, 13, 3, 0, 0, 0, 125, 829, 64, 6, 0, 0, 0
0, 2, 196, 725, 99, 2, 0, 0, 0, 10, 414, 547, 51, 2, 0, 0, 1, 102, 707, 202, 12, 0, 0, 0
0, 8, 280, 633, 99, 4, 0, 0, 0, 29, 434, 507, 54, 0, 0, 0, 3, 155, 670, 179, 17, 0, 0, 0
1, 33, 371, 516, 90, 9, 2, 2, 6, 87, 535, 344, 43, 9, 0, 0, 16, 221, 606, 147, 31, 1, 2, 0
0, 30, 342, 512, 106, 23, 9, 2, 0, 59, 440, 412, 84, 19, 8, 2, 10, 210, 595, 165, 30, 9, 4, 1
0, 57, 419, 406, 97, 29, 12, 4, 0, 94, 480, 330, 81, 26, 10, 3, 19, 317, 485, 143, 43, 11, 3, 3
0, 47, 600, 264, 78, 22, 10, 3, 0, 161, 626, 149, 53, 23, 9, 3, 20, 415, 434, 106, 33, 9, 7, 0
0, 153, 599, 215, 47, 9, 1, 0, 3, 252, 521, 191, 48, 8, 1, 0, 45, 535, 330, 98, 14, 2, 0, 0
3, 386, 505, 117, 11, 2, 0, 0, 19, 490, 419, 90, 5, 1, 0, 0, 144, 661, 200, 17, 2, 0, 0, 0
6, 265, 592, 152, 9, 0, 0, 0, 12, 329, 520, 145, 18, 0, 0, 0, 67, 644, 284, 29, 0, 0, 0, 0
25, 511, 418, 63, 7, 0, 0, 0, 38, 611, 325, 45, 5, 0, 0, 0, 176, 661, 172, 15, 0, 0, 0, 0
2, 442, 477, 95, 8, 0, 0, 0, 9, 460, 414, 130, 11, 0, 0, 0, 173, 588, 240, 20, 3, 0, 0, 0
13, 633, 356, 22, 0, 0, 0, 0, 16, 692, 291, 24, 1, 0, 0, 0, 228, 743, 51, 2, 0, 0, 0, 0
6, 758, 260, 0, 0, 0, 0, 0, 7, 727, 288, 2, 0, 0, 0, 0, 238, 775, 11, 0, 0, 0, 0, 0
11, 690, 323, 0, 0, 0, 0, 0, 13, 695, 314, 2, 0, 0, 0, 0, 314, 704, 6, 0, 0, 0, 0, 0
1, 205, 694, 124, 0, 0, 0, 0, 1, 299, 692, 32, 0, 0, 0, 0, 151, 787, 86, 0, 0, 0, 0, 0
0, 13, 406, 532, 61, 11, 1, 0, 0, 129, 775, 106, 14, 0, 0, 0, 38, 708, 255, 19, 4, 0, 0, 0
0, 0, 44, 611, 323, 35, 9, 2, 1, 71, 670, 248, 23, 10, 1, 0, 11, 483, 458, 56, 13, 3, 0, 0
0, 0, 2, 374, 611, 29, 7, 1, 0, 0, 563, 430, 25, 4, 2, 0, 0, 118, 832, 64, 8, 2, 0, 0
0, 0, 0, 0, 0, 0, 0, 1024, 0, 0, 0, 0, 0, 0, 0, 1024, 0, 0, 0, 0, 0, 0, 0, 1024
0, 0, 0, 0, 0, 0, 0, 1024, 0, 0, 0, 0, 0, 0, 0, 1024, 0, 0, 0, 0, 0, 0, 0, 1024
0, 0, 0, 0, 0, 0, 0, 1024, 0, 0, 0, 0, 0, 0, 0, 1024, 0, 0, 0, 0, 0, 0, 0, 1024
0, 0, 0, 0, 0, 0, 0, 1024, 0, 0, 0, 0, 0, 0, 0, 1024, 0, 0, 0, 0, 0, 0, 0, 1024
0, 0, 0, 0, 0, 0, 0, 1024, 0, 0, 0, 0, 0, 0, 0, 1024, 0, 0, 0, 0, 0, 0, 0, 1024
14, 10, 6, 11, 11, 18, 12, 942, 11, 9, 10, 10, 12, 18, 12, 942, 12, 10, 8, 9, 13, 18, 11, 943
24, 206, 370, 143, 58, 49, 41, 133, 10, 97, 456, 146, 79, 54, 41, 141, 14, 240, 349, 131, 52, 50, 41, 147
36, 557, 137, 267, 27, 0, 0, 0, 6, 539, 241, 234, 4, 0, 0, 0, 78, 569, 325, 51, 1, 0, 0, 0
0, 10, 720, 292, 2, 0, 0, 0, 0, 130, 838, 56, 0, 0, 0, 0, 0, 236, 777, 11, 0, 0, 0, 0
0, 116, 843, 65, 0, 0, 0, 0, 0, 345, 677, 2, 0, 0, 0, 0, 5, 611, 407, 1, 0, 0, 0, 0
9, 410, 584, 21, 0, 0, 0, 0, 37, 662, 325, 0, 0, 0, 0, 0, 90, 756, 178, 0, 0, 0, 0, 0
14, 614, 389, 7, 0, 0, 0, 0, 112, 787, 125, 0, 0, 0, 0, 0, 261, 716, 47, 0, 0, 0, 0, 0
16, 648, 358, 2, 0, 0, 0, 0, 31, 787, 203, 3, 0, 0, 0, 0, 195, 786, 43, 0, 0, 0, 0, 0
2, 255, 676, 81, 10, 0, 0, 0, 3, 385, 603, 33, 0, 0, 0, 0, 35, 804, 168, 17, 0, 0, 0, 0
2, 711, 300, 11, 0, 0, 0, 0, 0, 679, 341, 4, 0, 0, 0, 0, 42, 900, 82, 0, 0, 0, 0, 0
9, 364, 365, 253, 33, 0, 0, 0, 1, 367, 376, 244, 35, 1, 0, 0, 72, 569, 331, 51, 1, 0, 0, 0
0, 37, 551, 419, 17, 0, 0, 0, 0, 81, 786, 151, 6, 0, 0, 0, 7, 273, 676, 68, 0, 0, 0, 0
0, 5, 211, 706, 97, 5, 0, 0, 0, 8, 532, 435, 46, 3, 0, 0, 1, 60, 747, 205, 11, 0, 0, 0
0, 2, 274, 657, 86, 5, 0, 0, 0, 7, 420, 533, 60, 4, 0, 0, 0, 108, 743, 156, 16, 1, 0, 0
1, 14, 304, 543, 111, 22, 13, 16, 0, 44, 522, 363, 53, 17, 11, 14, 5, 130, 607, 217, 31, 15, 12, 7
2, 19, 316, 540, 115, 18, 8, 6, 1, 37, 447, 442, 72, 13, 5, 7, 8, 157, 589, 222, 29, 11, 2, 6
0, 37, 456, 438, 79, 10, 0, 4, 0, 88, 567, 295, 63, 7, 0, 4, 10, 267, 561, 158, 22, 2, 2, 2
0, 58, 481, 315, 122, 32, 13, 3, 5, 152, 499, 252, 84, 24, 6, 2, 32, 384, 401, 152, 38, 15, 1, 1
1, 100, 767, 140, 9, 5, 2, 0, 3, 299, 652, 60, 4, 4, 2, 0, 14, 637, 350, 15, 4, 3, 1, 0
15, 208, 597, 127, 37, 21, 11, 8, 27, 416, 390, 111, 47, 14, 13, 6, 96, 565, 252, 60, 25, 12, 10, 4
4, 306, 603, 108, 3, 0, 0, 0, 12, 558, 410, 44, 0, 0, 0, 0, 93, 664, 246, 21, 0, 0, 0, 0
3, 244, 639, 127, 11, 0, 0, 0, 14, 431, 512, 63, 4, 0, 0, 0, 57, 584, 359, 22, 2, 0, 0, 0
36, 503, 381, 96, 7, 1, 0, 0, 120, 515, 308, 75, 6, 0, 0, 0, 313, 489, 197, 24, 1, 0, 0, 0
25, 667, 258, 65, 9, 0, 0, 0, 144, 623, 191, 59, 7, 0, 0, 0, 394, 509, 97, 23, 1, 0, 0, 0
16, 580, 362, 60, 6, 0, 0, 0, 68, 691, 212, 50, 3, 0, 0, 0, 213, 676, 114, 20, 1, 0, 0, 0
82, 803, 139, 0, 0, 0, 0, 0, 92, 811, 121, 0, 0, 0, 0, 0, 573, 449, 2, 0, 0, 0, 0, 0
15, 735, 267, 7, 0, 0, 0, 0, 21, 716, 282, 5, 0, 0, 0, 0, 335, 657, 32, 0, 0, 0, 0, 0
1, 196, 689, 135, 3, 0, 0, 0, 8, 340, 639, 37, 0, 0, 0, 0, 142, 788, 92, 2, 0, 0, 0, 0
0, 2, 302, 612, 99, 8, 1, 0, 1, 119, 785, 108, 11, 0, 0, 0, 22, 711, 271, 19, 1, 0, 0, 0
0, 0, 18, 356, 563, 73, 11, 3, 1, 24, 562, 385, 45, 4, 3, 0, 11, 280, 636, 80, 13, 4, 0, 0
0, 0, 2, 421, 522, 67, 10, 2, 0, 5, 633, 345, 29, 11, 1, 0, 1, 232, 718, 57, 14, 2, 0, 0
0, 0, 0, 0, 0, 0, 0, 1024, 0, 0, 0, 0, 0, 0, 0, 1024, 0, 0, 0, 0, 0, 0, 0, 1024
0, 0, 0, 0, 0, 0, 0, 1024, 0, 0, 0, 0, 0, 0, 0, 1024, 0, 0, 0, 0, 0, 0, 0, 1024
0, 0, 0, 0, 0, 0, 0, 1024, 0, 0, 0, 0, 0, 0, 0, 1024, 0, 0, 0, 0, 0, 0, 0, 1024
0, 0, 0, 0, 0, 0, 0, 1024, 0, 0, 0, 0, 0, 0, 0, 1024, 0, 0, 0, 0, 0, 0, 0, 1024
0, 0, 0, 0, 0, 0, 0, 1024, 0, 0, 0, 0, 0, 0, 0, 1024, 0, 0, 0, 0, 0, 0, 0, 1024
0, 0, 0, 0, 0, 0, 0, 1024, 0, 0, 0, 0, 0, 0, 0, 1024, 0, 0, 0, 0, 0, 0, 0, 1024
42, 91, 98, 29, 29, 17, 31, 687, 30, 46, 128, 48, 29, 20, 33, 690, 28, 78, 111, 34, 32, 19, 33, 689
19, 252, 150, 394, 91, 19, 17, 82, 6, 181, 307, 328, 71, 17, 24, 90, 20, 261, 371, 213, 38, 16, 17, 88
0, 39, 695, 290, 0, 0, 0, 0, 0, 219, 734, 71, 0, 0, 0, 0, 2, 324, 678, 20, 0, 0, 0, 0
0, 189, 765, 70, 0, 0, 0, 0, 7, 465, 548, 4, 0, 0, 0, 0, 13, 658, 352, 1, 0, 0, 0, 0
16, 536, 448, 24, 0, 0, 0, 0, 77, 744, 199, 4, 0, 0, 0, 0, 136, 785, 102, 1, 0, 0, 0, 0
12, 694, 312, 6, 0, 0, 0, 0, 86, 818, 119, 1, 0, 0, 0, 0, 168, 770, 85, 1, 0, 0, 0, 0
4, 462, 543, 12, 2, 1, 0, 0, 10, 650, 354, 8, 2, 0, 0, 0, 62, 801, 156, 3, 2, 0, 0, 0
0, 241, 596, 186, 1, 0, 0, 0, 8, 545, 447, 24, 0, 0, 0, 0, 20, 633, 370, 1, 0, 0, 0, 0
5, 566, 447, 6, 0, 0, 0, 0, 0, 774, 250, 0, 0, 0, 0, 0, 9, 897, 118, 0, 0, 0, 0, 0
5, 289, 484, 217, 29, 0, 0, 0, 1, 291, 456, 245, 31, 0, 0, 0, 22, 512, 398, 88, 4, 0, 0, 0
0, 213, 749, 62, 0, 0, 0, 0, 0, 381, 620, 23, 0, 0, 0, 0, 5, 563, 446, 10, 0, 0, 0, 0
0, 25, 448, 525, 24, 2, 0, 0, 0, 93, 674, 248, 9, 0, 0, 0, 4, 244, 692, 81, 3, 0, 0, 0
0, 0, 249, 603, 142, 26, 4, 0, 0, 21, 499, 409, 83, 10, 2, 0, 1, 110, 634, 250, 25, 4, 0, 0
1, 18, 286, 476, 159, 60, 19, 5, 2, 36, 421, 394, 110, 40, 17, 4, 11, 167, 533, 211, 69, 22, 9, 2
0, 63, 467, 375, 97, 16, 4, 2, 0, 96, 525, 334, 51, 11, 6, 1, 6, 302, 561, 126, 19, 8, 1, 1
1, 85, 539, 314, 74, 10, 1, 0, 3, 178, 593, 195, 46, 9, 0, 0, 31, 400, 461, 109, 19, 4, 0, 0
1, 153, 705, 153, 12, 0, 0, 0, 5, 380, 575, 59, 5, 0, 0, 0, 36, 609, 351, 25, 3, 0, 0, 0
0, 176, 740, 100, 8, 0, 0, 0, 4, 450, 533, 33, 4, 0, 0, 0, 30, 651, 319, 24, 0, 0, 0, 0
7, 309, 638, 69, 1, 0, 0, 0, 12, 666, 334, 12, 0, 0, 0, 0, 81, 767, 169, 7, 0, 0, 0, 0
13, 432, 452, 117, 10, 0, 0, 0, 65, 611, 290, 51, 7, 0, 0, 0, 165, 604, 217, 36, 2, 0, 0, 0
5, 335, 572, 111, 1, 0, 0, 0, 44, 599, 340, 41, 0, 0, 0, 0, 140, 632, 237, 15, 0, 0, 0, 0
33, 507, 437, 47, 0, 0, 0, 0, 116, 584, 305, 19, 0, 0, 0, 0, 288, 571, 159, 6, 0, 0, 0, 0
19, 355, 433, 145, 52, 16, 2, 2, 66, 525, 281, 97, 41, 11, 2, 1, 168, 544, 210, 68, 29, 2, 2, 1
13, 708, 289, 14, 0, 0, 0, 0, 107, 809, 105, 3, 0, 0, 0, 0, 303, 679, 41, 1, 0, 0, 0, 0
149, 814, 61, 0, 0, 0, 0, 0, 209, 796, 19, 0, 0, 0, 0, 0, 663, 361, 0, 0, 0, 0, 0, 0
51, 658, 302, 13, 0, 0, 0, 0, 27, 673, 304, 20, 0, 0, 0, 0, 406, 572, 46, 0, 0, 0, 0, 0
7, 280, 581, 136, 18, 2, 0, 0, 12, 416, 471, 115, 10, 0, 0, 0, 209, 631, 164, 19, 1, 0, 0, 0
0, 1, 136, 584, 272, 28, 2, 1, 4, 129, 612, 250, 26, 3, 0, 0, 32, 529, 410, 49, 3, 1, 0, 0
0, 0, 5, 194, 739, 77, 9, 0, 0, 4, 395, 561, 55, 9, 0, 0, 2, 149, 769, 92, 11, 1, 0, 0
0, 0, 2, 385, 552, 77, 6, 2, 0, 1, 559, 426, 31, 6, 1, 0, 0, 161, 806, 50, 5, 2, 0, 0
0, 0, 0, 0, 0, 0, 0, 1024, 0, 0, 0, 0, 0, 0, 0, 1024, 0, 0, 0, 0, 0, 0, 0, 1024
0, 0, 0, 0, 0, 0, 0, 1024, 0, 0, 0, 0, 0, 0, 0, 1024, 0, 0, 0, 0, 0, 0, 0, 1024
0, 0, 0, 0, 0, 0, 0, 1024, 0, 0, 0, 0, 0, 0, 0, 1024, 0, 0, 0, 0, 0, 0, 0, 1024
0, 0, 0, 0, 0, 0, 0, 1024, 0, 0, 0, 0, 0, 0, 0, 1024, 0, 0, 0, 0, 0, 0, 0, 1024
0, 0, 0, 0, 0, 0, 0, 1024, 0, 0, 0, 0, 0, 0, 0, 1024, 0, 0, 0, 0, 0, 0, 0, 1024
0, 0, 0, 0, 0, 0, 0, 1024, 0, 0, 0, 0, 0, 0, 0, 1024, 0, 0, 0, 0, 0, 0, 0, 1024
0, 0, 0, 0, 0, 0, 0, 1024, 0, 0, 0, 0, 0, 0, 0, 1024, 0, 0, 0, 0, 0, 0, 0, 1024
29, 13, 30, 126, 25, 12, 6, 783, 28, 13, 64, 109, 13, 8, 7, 782, 29, 23, 62, 100, 13, 8, 7, 782
0, 116, 519, 383, 6, 0, 0, 0, 14, 295, 620, 95, 0, 0, 0, 0, 26, 359, 585, 54, 0, 0, 0, 0
7, 276, 711, 30, 0, 0, 0, 0, 15, 591, 410, 8, 0, 0, 0, 0, 85, 759, 175, 5, 0, 0, 0, 0
13, 477, 433, 77, 20, 4, 0, 0, 70, 640, 262, 41, 11, 0, 0, 0, 117, 686, 176, 37, 8, 0, 0, 0
0, 159, 759, 103, 1, 2, 0, 0, 2, 307, 700, 13, 2, 0, 0, 0, 12, 639, 369, 2, 2, 0, 0, 0
8, 468, 520, 28, 0, 0, 0, 0, 29, 589, 399, 7, 0, 0, 0, 0, 77, 777, 168, 2, 0, 0, 0, 0
3, 487, 475, 53, 6, 0, 0, 0, 7, 648, 316, 48, 5, 0, 0, 0, 96, 750, 166, 10, 2, 0, 0, 0
14, 743, 241, 24, 2, 0, 0, 0, 0, 811, 203, 8, 2, 0, 0, 0, 96, 857, 64, 5, 2, 0, 0, 0
14, 721, 201, 82, 6, 0, 0, 0, 0, 739, 192, 85, 8, 0, 0, 0, 50, 819, 129, 26, 0, 0, 0, 0
0, 158, 701, 159, 6, 0, 0, 0, 0, 223, 719, 79, 3, 0, 0, 0, 0, 388, 595, 37, 4, 0, 0, 0
0, 130, 466, 364, 54, 5, 4, 1, 0, 163, 541, 277, 35, 3, 3, 2, 12, 303, 546, 143, 13, 3, 3, 1
0, 8, 200, 528, 245, 39, 4, 0, 0, 18, 332, 473, 171, 29, 1, 0, 1, 122, 545, 293, 53, 10, 0, 0
0, 15, 325, 463, 176, 41, 4, 0, 0, 37, 397, 426, 137, 25, 2, 0, 4, 245, 484, 239, 44, 8, 0, 0
0, 49, 444, 404, 99, 23, 4, 1, 1, 66, 511, 344, 76, 24, 2, 0, 19, 318, 516, 133, 30, 7, 1, 0
0, 65, 539, 352, 62, 6, 0, 0, 1, 161, 556, 258, 45, 3, 0, 0, 15, 337, 528, 130, 12, 2, 0, 0
2, 130, 712, 164, 14, 2, 0, 0, 0, 302, 641, 71, 7, 2, 1, 0, 35, 619, 339, 25, 3, 3, 0, 0
0, 110, 702, 193, 17, 2, 0, 0, 4, 426, 527, 62, 5, 0, 0, 0, 21, 619, 352, 28, 4, 0, 0, 0
1, 302, 612, 96, 11, 2, 0, 0, 12, 590, 385, 27, 10, 0, 0, 0, 97, 704, 192, 25, 6, 0, 0, 0
4, 475, 485, 56, 4, 0, 0, 0, 40, 716, 246, 20, 2, 0, 0, 0, 135, 732, 146, 11, 0, 0, 0, 0
6, 380, 539, 94, 5, 0, 0, 0, 31, 601, 353, 38, 1, 0, 0, 0, 131, 687, 184, 21, 1, 0, 0, 0
34, 356, 488, 128, 17, 1, 0, 0, 96, 469, 370, 76, 13, 0, 0, 0, 194, 574, 215, 31, 10, 0, 0, 0
13, 353, 324, 191, 125, 14, 4, 0, 105, 426, 242, 167, 74, 8, 2, 0, 260, 364, 228, 132, 37, 3, 0, 0
32, 704, 265, 18, 4, 1, 0, 0, 99, 761, 150, 12, 2, 0, 0, 0, 449, 528, 41, 5, 1, 0, 0, 0
46, 782, 191, 4, 1, 0, 0, 0, 56, 830, 132, 4, 2, 0, 0, 0, 476, 523, 21, 4, 0, 0, 0, 0
32, 594, 329, 51, 18, 0, 0, 0, 19, 564, 380, 49, 11, 1, 0, 0, 436, 518, 62, 8, 0, 0, 0, 0
7, 177, 530, 259, 45, 6, 0, 0, 10, 416, 469, 121, 8, 0, 0, 0, 146, 686, 171, 21, 0, 0, 0, 0
0, 0, 65, 623, 303, 32, 1, 0, 0, 80, 702, 220, 22, 0, 0, 0, 14, 581, 397, 28, 4, 0, 0, 0
0, 0, 26, 345, 582, 68, 3, 0, 0, 39, 475, 463, 46, 1, 0, 0, 11, 265, 646, 100, 2, 0, 0, 0
0, 0, 5, 332, 594, 91, 2, 0, 0, 6, 408, 543, 66, 1, 0, 0, 2, 154, 761, 94, 13, 0, 0, 0
