0, 0, 0, 0, 2, 1, 2, 1019, 0, 0, 0, 0, 2, 1, 2, 1019, 0, 0, 0, 0, 1, 2, 2, 1019
0, 0, 15, 20, 12, 11, 11, 955, 0, 0, 17, 20, 10, 12, 11, 954, 0, 0, 0, 27, 13, 12, 11, 961
0, 0, 0, 0, 0, 0, 0, 1024, 0, 0, 0, 0, 0, 0, 0, 1024, 0, 0, 0, 0, 0, 0, 0, 1024
0, 0, 0, 0, 0, 0, 0, 1024, 0, 0, 0, 0, 0, 0, 0, 1024, 0, 0, 0, 0, 0, 0, 0, 1024
0, 0, 0, 0, 0, 0, 0, 1024, 0, 0, 0, 0, 0, 0, 0, 1024, 0, 0, 0, 0, 0, 0, 0, 1024
0, 0, 130, 372, 27, 19, 12, 464, 0, 0, 15, 441, 65, 19, 16, 468, 0, 0, 0, 357, 157, 22, 15, 473
0, 55, 686, 254, 29, 0, 0, 0, 0, 0, 282, 696, 46, 0, 0, 0, 0, 0, 273, 740, 11, 0, 0, 0
0, 0, 0, 245, 719, 60, 0, 0, 0, 0, 0, 212, 294, 518, 0, 0, 0, 1, 707, 316, 0, 0, 0, 0
0, 0, 0, 22, 709, 292, 1, 0, 0, 0, 0, 7, 226, 783, 8, 0, 0, 5, 625, 390, 4, 0, 0, 0
0, 0, 23, 135, 768, 98, 0, 0, 0, 0, 21, 112, 231, 647, 13, 0, 0, 7, 634, 157, 170, 45, 11, 0
0, 0, 45, 357, 483, 126, 13, 0, 0, 0, 42, 349, 539, 93, 1, 0, 2, 85, 423, 327, 173, 14, 0, 0
0, 0, 46, 559, 412, 7, 0, 0, 0, 0, 6, 206, 788, 24, 0, 0, 2, 228, 762, 32, 0, 0, 0, 0
0, 0, 17, 335, 660, 12, 0, 0, 0, 0, 0, 72, 815, 137, 0, 0, 0, 93, 777, 154, 0, 0, 0, 0
52, 329, 343, 239, 58, 3, 0, 0, 78, 289, 279, 253, 111, 14, 0, 0, 328, 473, 193, 29, 1, 0, 0, 0
0, 89, 395, 151, 46, 60, 98, 185, 0, 95, 341, 186, 52, 46, 90, 214, 78, 437, 108, 35, 31, 37, 63, 235
0, 0, 0, 0, 0, 0, 2, 1022, 0, 0, 0, 0, 0, 0, 0, 1024, 0, 0, 0, 0, 0, 0, 0, 1024
0, 0, 0, 0, 0, 0, 0, 1024, 0, 0, 0, 0, 0, 0, 0, 1024, 0, 0, 0, 0, 0, 0, 0, 1024
0, 0, 0, 0, 0, 0, 0, 1024, 0, 0, 0, 0, 0, 0, 0, 1024, 0, 0, 0, 0, 0, 0, 0, 1024
0, 0, 0, 0, 0, 0, 520, 504, 0, 0, 0, 0, 0, 0, 32, 992, 0, 0, 0, 0, 0, 0, 0, 1024
0, 0, 0, 0, 0, 0, 1024, 0, 0, 0, 0, 0, 0, 0, 767, 257, 0, 0, 0, 0, 0, 0, 0, 1024
0, 0, 0, 0, 0, 0, 1024, 0, 0, 0, 0, 0, 0, 0, 989, 35, 0, 0, 0, 0, 0, 0, 0, 1024
0, 0, 0, 0, 0, 0, 1024, 0, 0, 0, 0, 0, 0, 0, 838, 186, 0, 0, 0, 0, 0, 0, 0, 1024
0, 0, 0, 0, 0, 0, 608, 0, 0, 0, 0, 0, 0, 0, 587, 21, 0, 0, 0, 0, 0, 0, 0, 608
0, 0, 0, 0, 0, 0, 0, 1024, 0, 0, 0, 0, 0, 0, 0, 1024, 0, 0, 0, 0, 0, 0, 0, 1024
0, 0, 15, 22, 11, 12, 13, 951, 0, 0, 15, 21, 12, 12, 12, 952, 0, 0, 1, 28, 13, 11, 14, 957
0, 0, 0, 0, 0, 0, 0, 1024, 0, 0, 0, 0, 0, 0, 0, 1024, 0, 0, 0, 0, 0, 0, 0, 1024
0, 0, 0, 0, 0, 0, 0, 1024, 0, 0, 0, 0, 0, 0, 0, 1024, 0, 0, 0, 0, 0, 0, 0, 1024
0, 0, 0, 0, 0, 0, 0, 1024, 0, 0, 0, 0, 0, 0, 0, 1024, 0, 0, 0, 0, 0, 0, 0, 1024
0, 0, 98, 222, 73, 28, 38, 565, 0, 0, 10, 251, 110, 36, 36, 581, 0, 0, 0, 238, 134, 35, 33, 584
0, 235, 492, 290, 7, 0, 0, 0, 0, 2, 413, 554, 55, 0, 0, 0, 0, 0, 363, 651, 10, 0, 0, 0
0, 0, 0, 241, 682, 101, 0, 0, 0, 0, 0, 218, 157, 649, 0, 0, 0, 2, 647, 375, 0, 0, 0, 0
0, 0, 0, 4, 832, 188, 0, 0, 0, 0, 0, 2, 221, 801, 0, 0, 0, 4, 826, 194, 0, 0, 0, 0
0, 0, 13, 201, 654, 150, 6, 0, 0, 0, 9, 158, 235, 606, 13, 3, 0, 25, 551, 194, 157, 80, 17, 0
0, 0, 16, 234, 519, 191, 61, 3, 0, 0, 27, 260, 549, 165, 21, 2, 0, 23, 345, 460, 156, 38, 2, 0
0, 0, 16, 501, 474, 28, 3, 2, 0, 0, 22, 280, 669, 51, 1, 1, 1, 117, 722, 168, 12, 3, 1, 0
0, 5, 104, 383, 514, 18, 0, 0, 0, 0, 16, 154, 699, 153, 2, 0, 13, 191, 732, 87, 1, 0, 0, 0
57, 441, 347, 150, 27, 2, 0, 0, 47, 420, 323, 177, 51, 5, 1, 0, 407, 474, 131, 10, 2, 0, 0, 0
0, 107, 397, 173, 60, 48, 126, 113, 0, 98, 321, 233, 71, 49, 120, 132, 81, 471, 113, 42, 37, 46, 86, 148
0, 0, 0, 0, 0, 0, 5, 1019, 0, 0, 0, 0, 0, 0, 0, 1024, 0, 0, 0, 0, 0, 0, 0, 1024
0, 0, 0, 0, 0, 0, 0, 1024, 0, 0, 0, 0, 0, 0, 0, 1024, 0, 0, 0, 0, 0, 0, 0, 1024
0, 0, 0, 0, 0, 0, 0, 1024, 0, 0, 0, 0, 0, 0, 0, 1024, 0, 0, 0, 0, 0, 0, 0, 1024
0, 0, 0, 0, 0, 0, 648, 376, 0, 0, 0, 0, 0, 0, 57, 967, 0, 0, 0, 0, 0, 0, 0, 1024
0, 0, 0, 0, 0, 0, 1024, 0, 0, 0, 0, 0, 0, 0, 1000, 24, 0, 0, 0, 0, 0, 0, 0, 1024
0, 0, 0, 0, 0, 0, 1024, 0, 0, 0, 0, 0, 0, 0, 1024, 0, 0, 0, 0, 0, 0, 0, 0, 1024
0, 0, 0, 0, 0, 0, 1024, 0, 0, 0, 0, 0, 0, 0, 1024, 0, 0, 0, 0, 0, 0, 0, 0, 1024
0, 0, 0, 0, 0, 0, 608, 0, 0, 0, 0, 0, 0, 0, 608, 0, 0, 0, 0, 0, 0, 0, 0, 608
0, 0, 0, 0, 0, 0, 0, 1024, 0, 0, 0, 0, 0, 0, 0, 1024, 0, 0, 0, 0, 0, 0, 0, 1024
0, 0, 20, 18, 14, 10, 11, 951, 0, 0, 19, 17, 16, 9, 12, 951, 0, 0, 4, 24, 18, 11, 8, 959
0, 0, 0, 0, 0, 0, 0, 1024, 0, 0, 0, 0, 0, 0, 0, 1024, 0, 0, 0, 0, 0, 0, 0, 1024
0, 0, 0, 0, 0, 0, 0, 1024, 0, 0, 0, 0, 0, 0, 0, 1024, 0, 0, 0, 0, 0, 0, 0, 1024
0, 0, 0, 0, 0, 0, 0, 1024, 0, 0, 0, 0, 0, 0, 0, 1024, 0, 0, 0, 0, 0, 0, 0, 1024
0, 2, 479, 219, 78, 29, 21, 196, 0, 0, 193, 440, 128, 37, 24, 202, 0, 0, 5, 586, 169, 38, 24, 202
0, 18, 704, 239, 63, 0, 0, 0, 0, 0, 521, 409, 94, 0, 0, 0, 0, 0, 53, 947, 24, 0, 0, 0
0, 0, 0, 257, 455, 312, 0, 0, 0, 0, 0, 254, 92, 678, 0, 0, 0, 0, 619, 405, 0, 0, 0, 0
0, 0, 0, 13, 687, 324, 0, 0, 0, 0, 0, 5, 183, 831, 5, 0, 0, 5, 703, 315, 1, 0, 0, 0
1, 22, 94, 165, 502, 218, 20, 2, 1, 33, 77, 130, 277, 467, 36, 3, 112, 226, 502, 121, 42, 20, 1, 0
1, 22, 101, 218, 362, 220, 88, 12, 2, 31, 88, 269, 362, 200, 62, 10, 65, 149, 297, 270, 170, 61, 11, 1
1, 32, 212, 488, 239, 45, 7, 0, 0, 15, 129, 406, 411, 51, 10, 2, 71, 355, 490, 89, 18, 1, 0, 0
1, 37, 239, 510, 213, 14, 9, 1, 0, 5, 84, 323, 519, 77, 11, 5, 74, 359, 517, 60, 8, 5, 1, 0
78, 389, 352, 156, 25, 12, 8, 4, 67, 339, 320, 199, 70, 12, 10, 7, 395, 435, 149, 20, 15, 7, 3, 0
0, 71, 595, 271, 43, 22, 19, 3, 0, 27, 386, 481, 75, 25, 24, 6, 81, 741, 123, 27, 18, 15, 16, 3
0, 0, 11, 84, 44, 63, 207, 615, 0, 0, 7, 75, 51, 55, 174, 662, 1, 36, 60, 30, 29, 47, 113, 708
0, 0, 0, 0, 0, 0, 0, 1024, 0, 0, 0, 0, 0, 0, 0, 1024, 0, 0, 0, 0, 0, 0, 0, 1024
0, 0, 0, 0, 0, 0, 0, 1024, 0, 0, 0, 0, 0, 0, 0, 1024, 0, 0, 0, 0, 0, 0, 0, 1024
0, 0, 0, 0, 0, 0, 610, 414, 0, 0, 0, 0, 0, 0, 237, 787, 0, 0, 0, 0, 0, 0, 0, 1024
0, 0, 0, 0, 0, 0, 1024, 0, 0, 0, 0, 0, 0, 0, 1008, 16, 0, 0, 0, 0, 0, 0, 0, 1024
0, 0, 0, 0, 0, 0, 1024, 0, 0, 0, 0, 0, 0, 0, 1024, 0, 0, 0, 0, 0, 0, 0, 0, 1024
0, 0, 0, 0, 0, 0, 1024, 0, 0, 0, 0, 0, 0, 0, 864, 160, 0, 0, 0, 0, 0, 0, 0, 1024
0, 0, 0, 0, 0, 0, 608, 0, 0, 0, 0, 0, 0, 0, 316, 292, 0, 0, 0, 0, 0, 0, 0, 608
0, 0, 0, 0, 0, 0, 0, 1024, 0, 0, 0, 0, 0, 0, 0, 1024, 0, 0, 0, 0, 0, 0, 0, 1024
0, 0, 15, 16, 12, 15, 13, 953, 0, 0, 16, 15, 12, 15, 13, 953, 0, 0, 1, 26, 11, 15, 13, 958
0, 0, 0, 0, 0, 0, 0, 1024, 0, 0, 0, 0, 0, 0, 0, 1024, 0, 0, 0, 0, 0, 0, 0, 1024
0, 0, 0, 0, 0, 0, 0, 1024, 0, 0, 0, 0, 0, 0, 0, 1024, 0, 0, 0, 0, 0, 0, 0, 1024
0, 0, 0, 0, 0, 0, 0, 1024, 0, 0, 0, 0, 0, 0, 0, 1024, 0, 0, 0, 0, 0, 0, 0, 1024
0, 0, 242, 384, 47, 20, 25, 306, 0, 0, 48, 562, 54, 26, 24, 310, 0, 0, 3, 536, 112, 33, 22, 318
0, 0, 486, 443, 95, 0, 0, 0, 0, 0, 168, 622, 234, 0, 0, 0, 0, 0, 34, 979, 11, 0, 0, 0
0, 0, 0, 208, 652, 164, 0, 0, 0, 0, 0, 228, 123, 673, 0, 0, 0, 3, 552, 469, 0, 0, 0, 0
0, 0, 1, 3, 520, 451, 26, 23, 0, 0, 1, 1, 117, 849, 33, 23, 0, 7, 464, 460, 48, 26, 13, 6
12, 7, 25, 81, 390, 340, 150, 19, 14, 4, 29, 79, 279, 543, 60, 16, 45, 121, 361, 237, 181, 63, 15, 1
23, 132, 328, 272, 186, 74, 9, 0, 29, 138, 264, 293, 195, 92, 12, 1, 155, 350, 290, 147, 64, 16, 2, 0
10, 81, 252, 475, 148, 47, 9, 2, 0, 60, 225, 507, 190, 36, 4, 2, 94, 308, 430, 140, 42, 8, 2, 0
0, 14, 190, 539, 259, 19, 3, 0, 0, 0, 66, 381, 500, 67, 8, 2, 34, 285, 592, 103, 7, 3, 0, 0
46, 292, 387, 179, 65, 37, 16, 2, 59, 254, 329, 250, 70, 33, 27, 2, 318, 452, 157, 56, 29, 12, 0, 0
0, 36, 716, 242, 23, 7, 0, 0, 0, 23, 547, 421, 21, 12, 0, 0, 103, 765, 141, 10, 5, 0, 0, 0
0, 1, 142, 184, 103, 100, 147, 347, 0, 0, 120, 215, 90, 102, 126, 371, 8, 183, 141, 64, 69, 79, 88, 392
0, 0, 0, 0, 0, 0, 69, 955, 0, 0, 0, 0, 0, 0, 55, 969, 0, 0, 0, 0, 0, 0, 16, 1008
0, 0, 0, 0, 0, 0, 2, 1022, 0, 0, 0, 0, 0, 0, 0, 1024, 0, 0, 0, 0, 0, 0, 0, 1024
0, 0, 0, 0, 0, 0, 646, 378, 0, 0, 0, 0, 0, 0, 325, 699, 0, 0, 0, 0, 0, 0, 0, 1024
0, 0, 0, 0, 0, 0, 1024, 0, 0, 0, 0, 0, 0, 0, 1019, 5, 0, 0, 0, 0, 0, 0, 0, 1024
0, 0, 0, 0, 0, 0, 1024, 0, 0, 0, 0, 0, 0, 0, 1024, 0, 0, 0, 0, 0, 0, 0, 0, 1024
0, 0, 0, 0, 0, 0, 1024, 0, 0, 0, 0, 0, 0, 0, 692, 332, 0, 0, 0, 0, 0, 0, 0, 1024
0, 0, 0, 0, 0, 0, 608, 0, 0, 0, 0, 0, 0, 0, 31, 577, 0, 0, 0, 0, 0, 0, 0, 608
0, 0, 0, 0, 0, 0, 0, 1024, 0, 0, 0, 0, 0, 0, 0, 1024, 0, 0, 0, 0, 0, 0, 0, 1024
0, 0, 18, 14, 11, 12, 15, 954, 0, 0, 14, 16, 12, 12, 16, 954, 0, 0, 0, 26, 10, 12, 16, 960
0, 0, 0, 0, 0, 0, 0, 1024, 0, 0, 0, 0, 0, 0, 0, 1024, 0, 0, 0, 0, 0, 0, 0, 1024
0, 0, 0, 0, 0, 0, 0, 1024, 0, 0, 0, 0, 0, 0, 0, 1024, 0, 0, 0, 0, 0, 0, 0, 1024
0, 0, 0, 0, 0, 0, 0, 1024, 0, 0, 0, 0, 0, 0, 0, 1024, 0, 0, 0, 0, 0, 0, 0, 1024
0, 0, 105, 490, 61, 39, 26, 303, 0, 0, 1, 467, 182, 34, 33, 307, 0, 0, 14, 553, 85, 30, 34, 308
0, 18, 559, 423, 24, 0, 0, 0, 0, 0, 174, 762, 88, 0, 0, 0, 0, 8, 362, 651, 3, 0, 0, 0
0, 0, 0, 228, 619, 177, 0, 0, 0, 0, 0, 211, 139, 674, 0, 0, 0, 9, 515, 492, 8, 0, 0, 0
0, 0, 0, 9, 462, 539, 13, 1, 0, 0, 0, 5, 168, 818, 32, 1, 0, 4, 544, 462, 14, 0, 0, 0
8, 17, 56, 155, 304, 309, 138, 37, 16, 8, 48, 179, 365, 310, 72, 26, 19, 51, 214, 398, 241, 66, 32, 3
19, 195, 391, 247, 114, 48, 7, 3, 48, 239, 340, 223, 126, 40, 6, 2, 91, 419, 278, 150, 72, 10, 4, 0
0, 12, 205, 473, 216, 81, 23, 14, 1, 15, 336, 440, 155, 53, 18, 6, 10, 107, 503, 256, 100, 32, 12, 4
1, 17, 224, 447, 288, 43, 3, 1, 0, 8, 98, 432, 414, 67, 4, 1, 32, 261, 574, 143, 11, 2, 1, 0
27, 249, 417, 218, 82, 24, 7, 0, 39, 225, 343, 262, 112, 38, 5, 0, 282, 451, 214, 63, 12, 2, 0, 0
0, 52, 520, 429, 23, 0, 0, 0, 0, 56, 469, 464, 35, 0, 0, 0, 32, 551, 429, 12, 0, 0, 0, 0
0, 13, 474, 112, 87, 83, 98, 157, 0, 35, 457, 122, 69, 84, 95, 162, 2, 427, 143, 72, 55, 71, 94, 160
0, 0, 3, 13, 24, 62, 166, 756, 0, 0, 2, 13, 20, 63, 121, 805, 0, 0, 2, 10, 20, 54, 107, 831
0, 0, 1, 3, 23, 60, 237, 700, 0, 0, 1, 3, 19, 59, 200, 742, 0, 0, 0, 2, 16, 47, 138, 821
0, 0, 0, 1, 3, 14, 881, 125, 0, 0, 0, 1, 4, 12, 618, 389, 0, 0, 0, 0, 4, 8, 57, 955
0, 0, 0, 0, 0, 0, 1024, 0, 0, 0, 0, 0, 0, 0, 1022, 2, 0, 0, 0, 0, 0, 0, 0, 1024
0, 0, 0, 0, 0, 0, 1024, 0, 0, 0, 0, 0, 0, 0, 1000, 24, 0, 0, 0, 0, 0, 0, 0, 1024
0, 0, 0, 0, 0, 6, 981, 37, 0, 0, 0, 0, 0, 5, 640, 379, 0, 0, 0, 0, 0, 2, 15, 1007
0, 0, 0, 0, 0, 0, 577, 31, 0, 0, 0, 0, 0, 0, 4, 604, 0, 0, 0, 0, 0, 0, 0, 608
0, 0, 0, 0, 0, 0, 0, 1024, 0, 0, 0, 0, 0, 0, 0, 1024, 0, 0, 0, 0, 0, 0, 0, 1024
0, 0, 9, 25, 11, 10, 16, 953, 0, 0, 7, 27, 9, 12, 14, 955, 0, 0, 1, 26, 13, 12, 9, 963
0, 0, 0, 0, 0, 0, 0, 1024, 0, 0, 0, 0, 0, 0, 0, 1024, 0, 0, 0, 0, 0, 0, 0, 1024
0, 0, 0, 0, 0, 0, 0, 1024, 0, 0, 0, 0, 0, 0, 0, 1024, 0, 0, 0, 0, 0, 0, 0, 1024
0, 0, 0, 0, 0, 0, 5, 1019, 0, 0, 0, 0, 0, 0, 3, 1021, 0, 0, 0, 0, 0, 0, 3, 1021
0, 5, 262, 462, 105, 44, 32, 114, 0, 1, 53, 414, 364, 42, 31, 119, 1, 140, 382, 270, 53, 39, 33, 106
1, 87, 683, 237, 15, 1, 0, 0, 0, 26, 310, 664, 22, 2, 0, 0, 12, 318, 605, 88, 1, 0, 0, 0
0, 54, 181, 328, 405, 56, 0, 0, 0, 7, 125, 262, 392, 235, 3, 0, 41, 261, 569, 147, 6, 0, 0, 0
0, 2, 32, 163, 523, 290, 13, 1, 0, 1, 16, 116, 437, 430, 23, 1, 4, 94, 495, 341, 85, 5, 0, 0
1, 8, 110, 364, 414, 98, 22, 7, 1, 16, 143, 392, 356, 91, 22, 3, 25, 200, 423, 281, 71, 16, 7, 1
30, 163, 299, 304, 167, 51, 10, 0, 54, 173, 322, 302, 132, 37, 4, 0, 167, 312, 337, 162, 41, 5, 0, 0
16, 95, 320, 365, 186, 28, 13, 1, 31, 113, 380, 377, 90, 20, 12, 1, 98, 282, 400, 209, 29, 4, 2, 0
2, 19, 172, 382, 318, 105, 24, 2, 0, 8, 110, 398, 350, 113, 39, 6, 82, 318, 441, 145, 30, 7, 1, 0
46, 323, 310, 148, 85, 43, 42, 27, 44, 281, 330, 167, 89, 44, 42, 27, 458, 308, 119, 50, 45, 32, 12, 0
0, 45, 559, 322, 78, 14, 6, 0, 0, 41, 520, 357, 84, 14, 7, 1, 156, 558, 267, 33, 8, 2, 0, 0
0, 144, 739, 99, 31, 10, 1, 0, 2, 256, 656, 67, 37, 4, 2, 0, 90, 766, 133, 26, 6, 3, 0, 0
0, 2, 165, 444, 206, 130, 60, 17, 0, 1, 244, 372, 183, 135, 68, 21, 0, 199, 333, 179, 138, 106, 51, 18
0, 1, 8, 42, 139, 310, 444, 80, 0, 0, 7, 38, 133, 288, 452, 106, 0, 3, 17, 60, 126, 263, 417, 138
0, 1, 37, 72, 111, 172, 614, 17, 0, 1, 23, 62, 99, 141, 663, 35, 0, 5, 36, 61, 88, 113, 421, 300
0, 0, 0, 2, 0, 37, 983, 2, 0, 0, 0, 1, 1, 19, 958, 45, 0, 0, 0, 0, 2, 7, 90, 925
0, 0, 0, 0, 0, 0, 1024, 0, 0, 0, 0, 0, 0, 0, 894, 130, 0, 0, 0, 0, 0, 0, 0, 1024
0, 0, 0, 0, 0, 0, 1010, 14, 0, 0, 0, 0, 0, 0, 480, 544, 0, 0, 0, 0, 0, 0, 0, 1024
0, 0, 0, 0, 0, 0, 349, 259, 0, 0, 0, 0, 0, 0, 7, 601, 0, 0, 0, 0, 0, 0, 0, 608
0, 0, 0, 0, 0, 0, 0, 1024, 0, 0, 0, 0, 0, 0, 0, 1024, 0, 0, 0, 0, 0, 0, 0, 1024
0, 0, 11, 22, 10, 10, 13, 958, 0, 0, 9, 21, 13, 9, 13, 959, 0, 0, 2, 17, 18, 11, 11, 965
0, 0, 0, 0, 0, 0, 0, 1024, 0, 0, 0, 0, 0, 0, 0, 1024, 0, 0, 0, 0, 0, 0, 0, 1024
0, 0, 0, 0, 0, 0, 0, 1024, 0, 0, 0, 0, 0, 0, 0, 1024, 0, 0, 0, 0, 0, 0, 0, 1024
0, 0, 16, 51, 35, 34, 41, 847, 0, 0, 12, 42, 41, 37, 33, 859, 0, 8, 38, 39, 26, 34, 32, 847
0, 127, 589, 265, 27, 6, 4, 6, 0, 63, 398, 477, 69, 8, 3, 6, 25, 541, 382, 55, 8, 4, 8, 1
12, 412, 503, 85, 10, 2, 0, 0, 36, 478, 431, 71, 8, 0, 0, 0, 44, 638, 284, 52, 6, 0, 0, 0
15, 603, 226, 89, 66, 25, 0, 0, 23, 579, 267, 77, 58, 19, 1, 0, 182, 634, 127, 57, 19, 5, 0, 0
14, 61, 109, 274, 399, 148, 18, 1, 22, 59, 107, 247, 394, 171, 24, 0, 97, 170, 340, 313, 101, 3, 0, 0
2, 18, 137, 487, 326, 51, 3, 0, 2, 43, 284, 458, 211, 24, 2, 0, 70, 386, 421, 127, 20, 0, 0, 0
1, 20, 287, 559, 137, 16, 3, 1, 3, 87, 473, 382, 70, 7, 1, 1, 72, 520, 360, 61, 10, 0, 1, 0
15, 56, 369, 419, 128, 29, 7, 1, 22, 136, 501, 285, 60, 16, 4, 0, 120, 463, 346, 73, 17, 4, 1, 0
4, 92, 290, 383, 168, 57, 26, 4, 0, 25, 194, 421, 264, 74, 37, 9, 138, 393, 339, 94, 46, 14, 0, 0
32, 211, 321, 210, 153, 62, 29, 6, 48, 228, 329, 196, 146, 56, 16, 5, 359, 351, 181, 87, 40, 4, 2, 0
0, 23, 673, 260, 58, 10, 0, 0, 0, 26, 634, 289, 61, 14, 0, 0, 96, 762, 133, 29, 4, 0, 0, 0
0, 14, 880, 130, 0, 0, 0, 0, 0, 38, 969, 17, 0, 0, 0, 0, 24, 988, 12, 0, 0, 0, 0, 0
0, 0, 724, 300, 0, 0, 0, 0, 0, 1, 916, 106, 1, 0, 0, 0, 0, 947, 75, 2, 0, 0, 0, 0
0, 11, 365, 617, 23, 6, 1, 1, 0, 31, 417, 544, 23, 7, 1, 1, 27, 665, 289, 30, 11, 0, 2, 0
1, 71, 542, 255, 81, 52, 19, 3, 1, 120, 524, 199, 94, 58, 24, 4, 9, 494, 285, 96, 74, 41, 23, 2
0, 12, 90, 134, 125, 137, 508, 18, 0, 3, 81, 133, 122, 128, 504, 53, 1, 24, 97, 112, 111, 104, 227, 348
0, 0, 0, 0, 0, 0, 1024, 0, 0, 0, 0, 0, 0, 0, 116, 908, 0, 0, 0, 0, 0, 0, 0, 1024
0, 0, 0, 0, 0, 0, 1000, 24, 0, 0, 0, 0, 0, 0, 6, 1018, 0, 0, 0, 0, 0, 0, 0, 1024
0, 0, 0, 0, 0, 0, 565, 43, 0, 0, 0, 0, 0, 0, 7, 601, 0, 0, 0, 0, 0, 0, 0, 608
0, 0, 0, 0, 0, 0, 0, 1024, 0, 0, 0, 0, 0, 0, 0, 1024, 0, 0, 0, 0, 0, 0, 0, 1024
0, 0, 16, 14, 14, 8, 17, 955, 0, 0, 15, 14, 15, 8, 16, 956, 0, 0, 2, 22, 15, 9, 13, 963
0, 0, 0, 0, 0, 0, 0, 1024, 0, 0, 0, 0, 0, 0, 0, 1024, 0, 0, 0, 0, 0, 0, 0, 1024
0, 0, 0, 0, 0, 0, 0, 1024, 0, 0, 0, 0, 0, 0, 0, 1024, 0, 0, 0, 0, 0, 0, 0, 1024
0, 0, 14, 195, 66, 31, 20, 698, 0, 0, 0, 162, 104, 31, 20, 707, 0, 0, 62, 175, 42, 28, 18, 699
2, 63, 598, 347, 14, 0, 0, 0, 4, 36, 295, 637, 51, 1, 0, 0, 20, 336, 536, 128, 4, 0, 0, 0
7, 307, 568, 123, 19, 0, 0, 0, 30, 376, 508, 96, 14, 0, 0, 0, 64, 544, 361, 49, 6, 0, 0, 0
22, 807, 189, 6, 0, 0, 0, 0, 129, 776, 110, 8, 1, 0, 0, 0, 170, 769, 83, 2, 0, 0, 0, 0
27, 501, 207, 118, 106, 55, 8, 2, 104, 536, 139, 108, 89, 40, 8, 0, 253, 474, 145, 90, 49, 11, 2, 0
6, 22, 97, 352, 398, 138, 11, 0, 8, 37, 162, 405, 336, 73, 3, 0, 38, 209, 447, 257, 66, 6, 1, 0
8, 29, 230, 507, 195, 50, 3, 2, 12, 94, 398, 387, 106, 24, 3, 0, 72, 403, 409, 111, 25, 4, 0, 0
2, 28, 260, 417, 212, 78, 23, 4, 5, 117, 452, 283, 115, 45, 5, 2, 47, 353, 371, 149, 82, 17, 4, 1
17, 89, 300, 400, 135, 55, 22, 6, 34, 86, 240, 406, 196, 44, 14, 4, 70, 358, 388, 134, 45, 21, 7, 1
97, 324, 350, 145, 55, 40, 12, 1, 109, 313, 349, 174, 48, 27, 3, 1, 347, 426, 148, 52, 35, 14, 2, 0
0, 22, 768, 230, 4, 0, 0, 0, 0, 86, 772, 166, 0, 0, 0, 0, 17, 847, 158, 2, 0, 0, 0, 0
0, 0, 771, 249, 4, 0, 0, 0, 0, 16, 938, 70, 0, 0, 0, 0, 1, 926, 95, 2, 0, 0, 0, 0
0, 10, 655, 359, 0, 0, 0, 0, 0, 25, 869, 130, 0, 0, 0, 0, 30, 943, 51, 0, 0, 0, 0, 0
1, 162, 727, 121, 9, 1, 3, 0, 1, 401, 553, 57, 8, 1, 3, 0, 101, 777, 124, 12, 7, 0, 3, 0
0, 142, 571, 158, 72, 44, 34, 3, 2, 288, 428, 150, 72, 45, 34, 5, 11, 550, 221, 113, 46, 39, 34, 10
0, 14, 92, 107, 106, 124, 553, 28, 0, 7, 86, 110, 101, 115, 483, 122, 2, 39, 74, 90, 90, 102, 203, 424
0, 0, 0, 0, 0, 0, 1024, 0, 0, 0, 0, 0, 0, 0, 80, 944, 0, 0, 0, 0, 0, 0, 0, 1024
0, 0, 0, 0, 0, 0, 1000, 24, 0, 0, 0, 0, 0, 0, 0, 1024, 0, 0, 0, 0, 0, 0, 0, 1024
0, 3, 5, 10, 20, 29, 419, 122, 0, 2, 5, 11, 20, 29, 106, 435, 0, 0, 4, 9, 12, 30, 34, 519
0, 0, 0, 0, 0, 0, 0, 1024, 0, 0, 0, 0, 0, 0, 0, 1024, 0, 0, 0, 0, 0, 0, 0, 1024
0, 0, 5, 27, 8, 12, 16, 956, 0, 0, 4, 28, 9, 10, 16, 957, 0, 0, 0, 24, 13, 9, 14, 964
0, 0, 0, 0, 0, 0, 0, 1024, 0, 0, 0, 0, 0, 0, 0, 1024, 0, 0, 0, 0, 0, 0, 0, 1024
0, 0, 0, 0, 0, 0, 0, 1024, 0, 0, 0, 0, 0, 0, 0, 1024, 0, 0, 0, 0, 0, 0, 0, 1024
0, 0, 0, 34, 24, 19, 26, 921, 0, 0, 0, 18, 35, 18, 26, 927, 0, 0, 3, 31, 23, 17, 29, 921
1, 59, 423, 445, 67, 18, 8, 3, 8, 112, 348, 437, 89, 16, 9, 5, 9, 112, 476, 360, 42, 17, 5, 3
9, 258, 471, 238, 47, 1, 0, 0, 37, 388, 411, 166, 21, 1, 0, 0, 64, 461, 404, 92, 3, 0, 0, 0
29, 436, 317, 201, 38, 3, 0, 0, 86, 433, 246, 202, 53, 4, 0, 0, 162, 516, 273, 64, 9, 0, 0, 0
3, 144, 123, 164, 172, 50, 75, 293, 29, 147, 107, 137, 178, 72, 192, 162, 55, 222, 227, 92, 49, 49, 305, 25
6, 107, 211, 190, 172, 130, 108, 100, 11, 110, 224, 203, 183, 107, 146, 40, 52, 210, 264, 160, 115, 71, 138, 14
116, 236, 130, 129, 290, 117, 6, 0, 151, 264, 105, 170, 262, 70, 2, 0, 183, 266, 132, 180, 206, 55, 2, 0
5, 37, 143, 269, 258, 184, 88, 40, 20, 83, 221, 277, 243, 120, 45, 15, 26, 129, 274, 259, 200, 93, 36, 7
5, 52, 151, 232, 230, 223, 111, 20, 23, 110, 214, 235, 226, 155, 56, 5, 50, 147, 238, 238, 223, 106, 20, 2
10, 55, 131, 264, 248, 203, 110, 3, 33, 56, 208, 272, 237, 190, 28, 0, 51, 135, 225, 269, 207, 132, 5, 0
0, 206, 209, 510, 97, 2, 0, 0, 6, 246, 327, 407, 38, 0, 0, 0, 119, 242, 468, 193, 2, 0, 0, 0
0, 174, 467, 161, 96, 122, 4, 0, 0, 340, 332, 154, 120, 78, 0, 0, 19, 623, 155, 85, 134, 8, 0, 0
1, 138, 402, 122, 131, 221, 9, 0, 1, 269, 285, 117, 151, 199, 2, 0, 53, 415, 122, 130, 244, 60, 0, 0
13, 336, 377, 133, 76, 55, 23, 11, 19, 438, 297, 118, 68, 52, 24, 8, 75, 466, 240, 104, 61, 43, 25, 10
4, 149, 380, 226, 137, 60, 54, 14, 10, 214, 349, 199, 131, 53, 53, 15, 15, 237, 313, 199, 128, 60, 46, 26
0, 2, 7, 31, 49, 78, 837, 20, 0, 2, 8, 32, 43, 66, 617, 256, 0, 2, 5, 31, 31, 56, 135, 764
0, 0, 0, 0, 0, 0, 1008, 16, 0, 0, 0, 0, 0, 0, 241, 783, 0, 0, 0, 0, 0, 0, 0, 1024
0, 0, 0, 0, 0, 0, 527, 497, 0, 0, 0, 0, 0, 0, 0, 1024, 0, 0, 0, 0, 0, 0, 0, 1024
1, 7, 10, 8, 17, 18, 238, 309, 1, 7, 11, 7, 18, 16, 70, 478, 0, 2, 10, 9, 11, 20, 32, 524
0, 0, 0, 0, 0, 0, 0, 1024, 0, 0, 0, 0, 0, 0, 0, 1024, 0, 0, 0, 0, 0, 0, 0, 1024
0, 0, 10, 20, 11, 9, 20, 954, 0, 0, 7, 21, 11, 10, 19, 956, 0, 0, 0, 22, 12, 13, 11, 966
0, 0, 0, 0, 0, 0, 0, 1024, 0, 0, 0, 0, 0, 0, 0, 1024, 0, 0, 0, 0, 0, 0, 0, 1024
0, 0, 0, 0, 0, 0, 0, 1024, 0, 0, 0, 0, 0, 0, 0, 1024, 0, 0, 0, 0, 0, 0, 0, 1024
0, 6, 69, 110, 70, 58, 51, 660, 0, 0, 21, 113, 92, 64, 58, 676, 0, 0, 44, 126, 72, 60, 50, 672
0, 57, 733, 231, 3, 0, 0, 0, 0, 0, 337, 651, 36, 0, 0, 0, 1, 42, 831, 147, 3, 0, 0, 0
4, 74, 606, 322, 16, 2, 0, 0, 3, 48, 402, 503, 65, 3, 0, 0, 54, 615, 331, 22, 2, 0, 0, 0
10, 240, 572, 181, 20, 1, 0, 0, 5, 85, 593, 288, 47, 6, 0, 0, 159, 647, 199, 19, 0, 0, 0, 0
2, 94, 128, 77, 123, 206, 169, 225, 4, 71, 154, 94, 183, 175, 233, 110, 51, 175, 66, 124, 213, 158, 206, 31
29, 130, 343, 222, 181, 104, 14, 1, 38, 187, 323, 218, 187, 66, 4, 1, 95, 312, 268, 217, 116, 14, 2, 0
69, 133, 122, 252, 248, 126, 68, 6, 108, 119, 202, 245, 208, 105, 37, 0, 132, 126, 224, 263, 182, 93, 4, 0
3, 27, 114, 259, 222, 149, 185, 65, 12, 58, 187, 289, 193, 139, 136, 10, 23, 117, 276, 245, 182, 155, 22, 4
0, 18, 68, 132, 209, 302, 252, 43, 4, 45, 113, 152, 255, 298, 136, 21, 11, 60, 134, 183, 288, 278, 60, 10
0, 5, 39, 154, 294, 288, 240, 4, 0, 13, 90, 188, 320, 272, 141, 0, 5, 36, 141, 194, 345, 262, 41, 0
0, 82, 259, 481, 85, 116, 1, 0, 0, 135, 400, 349, 100, 40, 0, 0, 32, 278, 509, 148, 57, 0, 0, 0
0, 186, 457, 354, 27, 0, 0, 0, 0, 307, 407, 304, 6, 0, 0, 0, 75, 567, 354, 28, 0, 0, 0, 0
0, 3, 127, 240, 384, 257, 12, 1, 0, 1, 93, 352, 385, 179, 13, 1, 0, 79, 270, 342, 288, 36, 9, 0
0, 25, 67, 106, 143, 216, 319, 148, 4, 31, 55, 105, 135, 214, 295, 185, 0, 26, 72, 93, 130, 168, 257, 278
0, 11, 31, 35, 62, 96, 619, 170, 0, 12, 34, 36, 58, 85, 358, 441, 0, 2, 29, 30, 52, 69, 118, 724
0, 0, 0, 7, 22, 46, 943, 6, 0, 0, 0, 7, 17, 47, 652, 301, 0, 0, 0, 1, 13, 30, 57, 923
0, 0, 0, 0, 0, 0, 1021, 3, 0, 0, 0, 0, 0, 0, 48, 976, 0, 0, 0, 0, 0, 0, 0, 1024
0, 3, 5, 3, 6, 15, 578, 414, 0, 3, 5, 1, 8, 15, 40, 952, 0, 2, 2, 4, 4, 9, 26, 977
0, 0, 0, 4, 10, 18, 103, 473, 0, 0, 0, 3, 8, 17, 56, 524, 0, 0, 0, 1, 8, 10, 26, 563
0, 0, 0, 0, 0, 0, 0, 1024, 0, 0, 0, 0, 0, 0, 0, 1024, 0, 0, 0, 0, 0, 0, 0, 1024
0, 0, 6, 25, 17, 15, 10, 951, 0, 0, 4, 25, 18, 15, 9, 953, 0, 0, 0, 23, 17, 15, 12, 957
0, 0, 0, 0, 0, 0, 0, 1024, 0, 0, 0, 0, 0, 0, 0, 1024, 0, 0, 0, 0, 0, 0, 0, 1024
0, 0, 0, 0, 0, 0, 0, 1024, 0, 0, 0, 0, 0, 0, 0, 1024, 0, 0, 0, 0, 0, 0, 0, 1024
0, 25, 494, 207, 76, 49, 39, 134, 0, 0, 132, 518, 121, 62, 39, 152, 0, 0, 364, 330, 95, 56, 38, 141
0, 214, 652, 140, 5, 10, 1, 2, 0, 2, 531, 457, 17, 10, 4, 3, 1, 88, 804, 110, 6, 10, 2, 3
0, 72, 664, 283, 5, 0, 0, 0, 0, 1, 304, 673, 46, 0, 0, 0, 16, 507, 489, 12, 0, 0, 0, 0
0, 276, 203, 225, 291, 29, 0, 0, 0, 91, 286, 204, 322, 121, 0, 0, 134, 420, 353, 116, 1, 0, 0, 0
3, 32, 50, 169, 298, 328, 116, 28, 4, 29, 42, 151, 277, 347, 139, 35, 30, 70, 196, 328, 279, 89, 23, 9
2, 111, 595, 232, 61, 22, 1, 0, 11, 206, 528, 204, 56, 18, 1, 0, 33, 459, 371, 131, 28, 2, 0, 0
1, 32, 37, 33, 98, 226, 380, 217, 6, 47, 28, 32, 180, 405, 264, 62, 7, 48, 39, 90, 403, 343, 91, 3
0, 2, 18, 102, 211, 342, 263, 86, 1, 13, 86, 207, 367, 245, 88, 17, 7, 62, 217, 398, 245, 72, 20, 3
0, 1, 31, 159, 292, 287, 186, 68, 0, 9, 83, 235, 300, 225, 131, 41, 0, 24, 135, 276, 272, 204, 94, 19
2, 84, 209, 359, 248, 96, 26, 0, 6, 127, 305, 334, 156, 78, 18, 0, 35, 246, 365, 231, 97, 44, 6, 0
0, 1, 9, 86, 399, 493, 36, 0, 0, 5, 58, 359, 504, 94, 4, 0, 1, 66, 381, 478, 94, 4, 0, 0
0, 25, 733, 82, 46, 126, 12, 0, 0, 120, 666, 79, 127, 32, 0, 0, 2, 727, 127, 130, 36, 2, 0, 0
0, 3, 127, 501, 246, 88, 53, 6, 0, 2, 123, 484, 252, 94, 62, 7, 0, 154, 491, 194, 67, 54, 46, 18
0, 5, 34, 55, 72, 105, 228, 525, 0, 2, 32, 47, 70, 106, 194, 573, 0, 10, 32, 47, 67, 101, 130, 637
0, 0, 0, 0, 3, 4, 505, 512, 0, 0, 0, 0, 3, 3, 47, 971, 0, 0, 0, 0, 0, 4, 16, 1004
0, 0, 0, 0, 0, 0, 1024, 0, 0, 0, 0, 0, 0, 0, 16, 1008, 0, 0, 0, 0, 0, 0, 0, 1024
0, 0, 0, 0, 0, 0, 1024, 0, 0, 0, 0, 0, 0, 0, 56, 968, 0, 0, 0, 0, 0, 0, 0, 1024
0, 7, 18, 16, 20, 32, 663, 268, 0, 7, 18, 16, 19, 27, 103, 834, 0, 1, 11, 19, 21, 22, 42, 908
0, 0, 0, 2, 1, 0, 45, 560, 0, 0, 0, 2, 1, 0, 3, 602, 0, 0, 0, 0, 2, 1, 1, 604
0, 0, 0, 0, 0, 0, 0, 1024, 0, 0, 0, 0, 0, 0, 0, 1024, 0, 0, 0, 0, 0, 0, 0, 1024
0, 0, 41, 20, 10, 8, 20, 925, 0, 0, 43, 19, 10, 11, 17, 924, 0, 0, 21, 35, 11, 10, 10, 937
0, 0, 0, 0, 0, 0, 0, 1024, 0, 0, 0, 0, 0, 0, 0, 1024, 0, 0, 0, 0, 0, 0, 0, 1024
0, 0, 9, 22, 25, 27, 20, 921, 0, 0, 0, 22, 25, 27, 25, 925, 0, 0, 4, 23, 23, 25, 24, 925
0, 70, 478, 218, 108, 52, 50, 48, 0, 5, 258, 412, 150, 85, 49, 65, 0, 7, 353, 339, 131, 80, 47, 67
0, 547, 468, 9, 0, 0, 0, 0, 0, 10, 852, 158, 4, 0, 0, 0, 0, 39, 935, 49, 1, 0, 0, 0
0, 302, 460, 219, 43, 0, 0, 0, 0, 27, 589, 325, 83, 0, 0, 0, 0, 91, 831, 102, 0, 0, 0, 0
0, 0, 0, 27, 694, 302, 1, 0, 0, 0, 0, 4, 231, 787, 2, 0, 0, 1, 487, 522, 14, 0, 0, 0
0, 10, 53, 79, 247, 500, 106, 29, 0, 8, 53, 79, 120, 615, 117, 32, 8, 47, 184, 445, 183, 76, 47, 34
14, 220, 537, 135, 66, 37, 13, 2, 28, 319, 472, 103, 53, 37, 10, 2, 42, 529, 286, 95, 46, 22, 4, 0
5, 29, 32, 15, 52, 263, 336, 292, 17, 33, 27, 29, 277, 278, 194, 169, 12, 36, 61, 256, 239, 185, 151, 84
0, 4, 56, 285, 430, 199, 44, 6, 2, 38, 257, 452, 217, 50, 6, 2, 15, 200, 479, 265, 56, 6, 3, 0
1, 13, 102, 239, 211, 208, 191, 59, 6, 35, 188, 217, 186, 204, 155, 33, 11, 74, 216, 209, 190, 193, 121, 10
6, 69, 255, 434, 177, 81, 2, 0, 9, 100, 460, 237, 156, 60, 2, 0, 29, 351, 322, 194, 126, 2, 0, 0
0, 0, 17, 398, 460, 146, 3, 0, 0, 0, 273, 582, 162, 7, 0, 0, 0, 224, 622, 171, 7, 0, 0, 0
0, 27, 338, 96, 155, 315, 82, 11, 0, 98, 284, 114, 281, 191, 37, 19, 3, 297, 158, 232, 226, 53, 37, 18
0, 0, 1, 9, 39, 82, 304, 589, 0, 0, 1, 10, 38, 68, 269, 638, 0, 1, 5, 23, 33, 75, 187, 700
0, 0, 0, 0, 0, 0, 13, 1011, 0, 0, 0, 0, 0, 0, 3, 1021, 0, 0, 0, 0, 0, 0, 0, 1024
0, 0, 0, 0, 0, 0, 406, 618, 0, 0, 0, 0, 0, 0, 0, 1024, 0, 0, 0, 0, 0, 0, 0, 1024
0, 0, 0, 0, 0, 0, 1024, 0, 0, 0, 0, 0, 0, 0, 48, 976, 0, 0, 0, 0, 0, 0, 0, 1024
0, 0, 0, 0, 0, 0, 1024, 0, 0, 0, 0, 0, 0, 0, 4, 1020, 0, 0, 0, 0, 0, 0, 0, 1024
1, 4, 28, 22, 23, 23, 398, 525, 1, 5, 29, 21, 21, 24, 94, 829, 0, 2, 14, 31, 20, 18, 31, 908
0, 0, 0, 0, 0, 0, 57, 551, 0, 0, 0, 0, 0, 0, 0, 608, 0, 0, 0, 0, 0, 0, 0, 608
0, 0, 0, 0, 0, 0, 0, 1024, 0, 0, 0, 0, 0, 0, 0, 1024, 0, 0, 0, 0, 0, 0, 0, 1024
0, 0, 11, 15, 15, 28, 6, 949, 0, 0, 13, 13, 15, 28, 6, 949, 0, 0, 4, 19, 13, 16, 22, 950
0, 0, 0, 0, 0, 0, 0, 1024, 0, 0, 0, 0, 0, 0, 0, 1024, 0, 0, 0, 0, 0, 0, 0, 1024
0, 0, 6, 36, 20, 15, 12, 935, 0, 0, 0, 21, 32, 19, 10, 942, 0, 0, 5, 33, 21, 14, 12, 939
0, 49, 517, 269, 76, 38, 21, 54, 0, 0, 181, 550, 156, 50, 25, 62, 0, 1, 316, 469, 110, 47, 24, 57
0, 507, 510, 6, 1, 0, 0, 0, 0, 20, 898, 101, 5, 0, 0, 0, 0, 28, 959, 33, 4, 0, 0, 0
0, 589, 337, 67, 31, 0, 0, 0, 0, 278, 546, 154, 39, 7, 0, 0, 0, 182, 759, 83, 0, 0, 0, 0
0, 0, 0, 46, 687, 291, 0, 0, 0, 0, 0, 23, 207, 793, 1, 0, 0, 9, 305, 709, 1, 0, 0, 0
2, 24, 104, 66, 371, 414, 22, 21, 2, 22, 97, 66, 57, 732, 21, 27, 8, 70, 449, 421, 20, 10, 19, 27
5, 56, 333, 250, 110, 151, 80, 39, 11, 83, 366, 198, 119, 128, 73, 46, 35, 223, 320, 149, 127, 85, 54, 31
4, 19, 84, 138, 283, 306, 131, 59, 6, 16, 62, 147, 283, 337, 129, 44, 23, 104, 175, 310, 252, 97, 42, 21
34, 144, 200, 229, 219, 128, 54, 16, 47, 171, 227, 273, 170, 98, 33, 5, 190, 268, 282, 182, 77, 24, 1, 0
38, 178, 262, 180, 80, 106, 147, 33, 60, 209, 272, 153, 54, 111, 146, 19, 75, 248, 269, 115, 63, 136, 110, 8
4, 240, 389, 225, 103, 62, 1, 0, 10, 282, 453, 130, 99, 50, 0, 0, 126, 508, 223, 76, 86, 5, 0, 0
0, 13, 296, 401, 210, 86, 18, 0, 0, 15, 346, 443, 167, 52, 1, 0, 33, 404, 401, 126, 54, 6, 0, 0
0, 2, 132, 251, 211, 98, 108, 222, 0, 8, 153, 260, 186, 100, 84, 233, 0, 102, 317, 161, 57, 69, 71, 247
0, 0, 0, 0, 0, 0, 0, 1024, 0, 0, 0, 0, 0, 0, 0, 1024, 0, 0, 0, 0, 0, 0, 0, 1024
0, 0, 0, 0, 0, 0, 0, 1024, 0, 0, 0, 0, 0, 0, 0, 1024, 0, 0, 0, 0, 0, 0, 0, 1024
0, 0, 0, 0, 0, 0, 238, 786, 0, 0, 0, 0, 0, 0, 0, 1024, 0, 0, 0, 0, 0, 0, 0, 1024
0, 0, 0, 0, 0, 0, 1024, 0, 0, 0, 0, 0, 0, 0, 0, 1024, 0, 0, 0, 0, 0, 0, 0, 1024
0, 0, 0, 0, 0, 0, 748, 276, 0, 0, 0, 0, 0, 0, 12, 1012, 0, 0, 0, 0, 0, 0, 0, 1024
1, 20, 15, 15, 12, 15, 106, 840, 1, 20, 14, 15, 12, 15, 42, 905, 0, 5, 23, 14, 11, 19, 19, 933
0, 0, 0, 0, 0, 0, 0, 608, 0, 0, 0, 0, 0, 0, 0, 608, 0, 0, 0, 0, 0, 0, 0, 608
0, 0, 0, 0, 0, 0, 0, 1024, 0, 0, 0, 0, 0, 0, 0, 1024, 0, 0, 0, 0, 0, 0, 0, 1024
0, 0, 0, 25, 10, 10, 17, 962, 0, 0, 0, 24, 10, 9, 17, 964, 0, 0, 0, 21, 10, 9, 11, 973
0, 0, 0, 0, 0, 0, 0, 1024, 0, 0, 0, 0, 0, 0, 0, 1024, 0, 0, 0, 0, 0, 0, 0, 1024
0, 0, 0, 9, 23, 15, 12, 965, 0, 0, 0, 2, 15, 24, 10, 973, 0, 0, 0, 9, 17, 15, 14, 969
0, 40, 396, 261, 140, 55, 50, 82, 0, 1, 151, 434, 192, 94, 46, 106, 0, 3, 300, 341, 147, 84, 52, 97
0, 258, 739, 26, 1, 0, 0, 0, 0, 16, 589, 417, 1, 1, 0, 0, 0, 32, 931, 60, 1, 0, 0, 0
0, 143, 701, 157, 23, 0, 0, 0, 0, 40, 310, 596, 73, 5, 0, 0, 0, 153, 812, 59, 0, 0, 0, 0
0, 25, 141, 372, 418, 68, 0, 0, 0, 0, 49, 229, 482, 264, 0, 0, 24, 231, 578, 191, 0, 0, 0, 0
1, 15, 72, 224, 512, 194, 6, 0, 0, 8, 43, 142, 320, 491, 20, 0, 27, 150, 517, 236, 56, 35, 3, 0
1, 9, 46, 157, 225, 343, 213, 30, 1, 13, 49, 147, 227, 358, 200, 29, 16, 52, 159, 252, 299, 206, 37, 3
2, 71, 225, 282, 286, 120, 32, 6, 9, 139, 157, 259, 257, 165, 32, 6, 42, 253, 323, 285, 93, 26, 2, 0
46, 272, 285, 233, 123, 43, 19, 3, 96, 290, 256, 201, 114, 49, 16, 2, 177, 329, 288, 153, 48, 20, 8, 1
137, 450, 155, 75, 74, 68, 47, 18, 200, 422, 132, 75, 73, 76, 34, 12, 226, 401, 143, 71, 77, 62, 39, 5
0, 484, 362, 131, 41, 6, 0, 0, 5, 548, 330, 108, 31, 2, 0, 0, 210, 588, 163, 50, 12, 1, 0, 0
1, 75, 453, 472, 20, 3, 0, 0, 0, 212, 313, 460, 35, 3, 1, 0, 20, 575, 413, 13, 3, 0, 0, 0
0, 0, 31, 266, 242, 213, 212, 60, 0, 0, 28, 261, 239, 195, 208, 93, 0, 82, 271, 149, 113, 126, 150, 133
0, 0, 0, 0, 0, 19, 283, 722, 0, 0, 0, 0, 0, 10, 174, 840, 0, 0, 0, 0, 0, 4, 110, 910
0, 0, 0, 0, 0, 0, 0, 1024, 0, 0, 0, 0, 0, 0, 0, 1024, 0, 0, 0, 0, 0, 0, 0, 1024
0, 0, 0, 0, 0, 0, 263, 761, 0, 0, 0, 0, 0, 0, 0, 1024, 0, 0, 0, 0, 0, 0, 0, 1024
0, 0, 0, 0, 0, 0, 824, 200, 0, 0, 0, 0, 0, 0, 0, 1024, 0, 0, 0, 0, 0, 0, 0, 1024
0, 2, 9, 7, 7, 2, 591, 406, 0, 3, 8, 8, 6, 2, 29, 968, 0, 0, 4, 9, 7, 5, 3, 996
0, 0, 10, 4, 8, 17, 80, 905, 0, 2, 7, 5, 8, 14, 39, 949, 0, 0, 6, 6, 6, 11, 23, 972
0, 0, 0, 0, 0, 0, 0, 608, 0, 0, 0, 0, 0, 0, 0, 608, 0, 0, 0, 0, 0, 0, 0, 608
0, 0, 0, 0, 0, 0, 0, 1024, 0, 0, 0, 0, 0, 0, 0, 1024, 0, 0, 0, 0, 0, 0, 0, 1024
0, 0, 0, 23, 16, 12, 13, 960, 0, 0, 0, 22, 16, 12, 12, 962, 0, 0, 0, 16, 19, 10, 13, 966
0, 0, 0, 0, 0, 0, 0, 1024, 0, 0, 0, 0, 0, 0, 0, 1024, 0, 0, 0, 0, 0, 0, 0, 1024
0, 0, 0, 3, 21, 28, 25, 947, 0, 0, 0, 1, 14, 21, 30, 958, 0, 0, 0, 3, 16, 28, 21, 956
0, 20, 453, 344, 98, 44, 39, 26, 0, 0, 126, 546, 213, 54, 46, 39, 0, 6, 344, 428, 124, 44, 40, 38
0, 87, 847, 86, 4, 0, 0, 0, 0, 1, 430, 584, 9, 0, 0, 0, 4, 283, 707, 29, 1, 0, 0, 0
1, 508, 510, 5, 0, 0, 0, 0, 0, 74, 694, 253, 3, 0, 0, 0, 41, 846, 135, 2, 0, 0, 0, 0
30, 831, 155, 8, 0, 0, 0, 0, 0, 497, 476, 49, 2, 0, 0, 0, 208, 789, 27, 0, 0, 0, 0, 0
45, 626, 152, 98, 55, 37, 10, 1, 8, 603, 180, 116, 69, 39, 9, 0, 294, 502, 111, 51, 39, 21, 6, 0
29, 69, 168, 195, 220, 208, 96, 39, 32, 81, 171, 202, 215, 191, 96, 36, 54, 144, 217, 246, 213, 101, 41, 8
31, 95, 231, 273, 207, 125, 47, 15, 42, 149, 226, 242, 201, 110, 40, 14, 145, 287, 251, 204, 86, 38, 9, 4
46, 171, 257, 261, 171, 79, 35, 4, 88, 200, 258, 249, 122, 74, 30, 3, 131, 289, 278, 172, 83, 50, 20, 1
481, 495, 43, 5, 0, 0, 0, 0, 557, 439, 27, 1, 0, 0, 0, 0, 708, 295, 21, 0, 0, 0, 0, 0
4, 566, 305, 139, 10, 0, 0, 0, 9, 610, 301, 99, 5, 0, 0, 0, 355, 478, 182, 9, 0, 0, 0, 0
0, 88, 658, 247, 29, 2, 0, 0, 0, 169, 619, 210, 25, 1, 0, 0, 51, 753, 197, 21, 2, 0, 0, 0
0, 46, 318, 359, 264, 37, 0, 0, 0, 15, 337, 389, 246, 35, 2, 0, 6, 382, 428, 162, 34, 12, 0, 0
0, 65, 319, 210, 123, 134, 136, 37, 0, 15, 289, 255, 135, 133, 127, 70, 1, 205, 243, 154, 103, 119, 113, 86
0, 1, 10, 9, 31, 43, 194, 736, 0, 1, 10, 8, 25, 44, 125, 811, 0, 1, 10, 9, 27, 38, 78, 861
0, 0, 0, 0, 0, 0, 0, 1024, 0, 0, 0, 0, 0, 0, 0, 1024, 0, 0, 0, 0, 0, 0, 0, 1024
0, 0, 0, 0, 0, 0, 368, 656, 0, 0, 0, 0, 0, 0, 0, 1024, 0, 0, 0, 0, 0, 0, 0, 1024
0, 9, 17, 12, 14, 19, 597, 356, 0, 7, 19, 12, 14, 19, 92, 861, 0, 1, 15, 19, 12, 13, 31, 933
0, 0, 0, 0, 0, 0, 0, 1024, 0, 0, 0, 0, 0, 0, 0, 1024, 0, 0, 0, 0, 0, 0, 0, 1024
0, 0, 0, 0, 0, 0, 0, 608, 0, 0, 0, 0, 0, 0, 0, 608, 0, 0, 0, 0, 0, 0, 0, 608
0, 0, 0, 0, 0, 0, 0, 1024, 0, 0, 0, 0, 0, 0, 0, 1024, 0, 0, 0, 0, 0, 0, 0, 1024
0, 0, 0, 18, 17, 15, 11, 963, 0, 0, 0, 17, 17, 13, 12, 965, 0, 0, 0, 10, 18, 15, 12, 969
0, 0, 0, 0, 0, 0, 0, 1024, 0, 0, 0, 0, 0, 0, 0, 1024, 0, 0, 0, 0, 0, 0, 0, 1024
0, 0, 0, 0, 0, 0, 0, 1024, 0, 0, 0, 0, 0, 0, 0, 1024, 0, 0, 0, 0, 0, 0, 0, 1024
0, 1, 36, 179, 177, 171, 147, 313, 0, 0, 6, 128, 184, 199, 164, 343, 0, 0, 15, 159, 164, 167, 165, 354
0, 19, 723, 257, 9, 3, 5, 8, 0, 0, 154, 828, 25, 4, 3, 10, 1, 152, 608, 240, 8, 2, 5, 8
4, 526, 466, 26, 2, 0, 0, 0, 2, 130, 627, 253, 12, 0, 0, 0, 45, 744, 223, 11, 1, 0, 0, 0
20, 577, 251, 129, 32, 15, 0, 0, 0, 444, 329, 175, 56, 17, 3, 0, 215, 587, 164, 43, 13, 2, 0, 0
43, 346, 266, 191, 120, 49, 9, 0, 34, 346, 277, 145, 134, 74, 14, 0, 183, 429, 255, 109, 37, 11, 0, 0
48, 200, 299, 231, 162, 57, 18, 9, 60, 200, 291, 229, 156, 61, 20, 7, 65, 236, 264, 216, 159, 58, 21, 5
620, 284, 79, 21, 10, 4, 5, 1, 630, 285, 67, 21, 11, 6, 3, 1, 648, 258, 76, 24, 9, 6, 3, 0
253, 163, 139, 242, 133, 62, 31, 1, 256, 150, 134, 260, 135, 62, 26, 1, 290, 147, 195, 249, 100, 40, 3, 0
134, 270, 214, 227, 147, 31, 0, 1, 149, 268, 193, 242, 158, 13, 0, 1, 212, 225, 194, 212, 160, 20, 0, 1
5, 320, 335, 314, 42, 8, 0, 0, 6, 349, 312, 314, 42, 1, 0, 0, 119, 417, 314, 167, 7, 0, 0, 0
0, 565, 323, 92, 40, 4, 0, 0, 0, 595, 291, 89, 41, 8, 0, 0, 372, 390, 172, 48, 34, 8, 0, 0
0, 499, 223, 153, 134, 14, 0, 1, 0, 385, 312, 159, 137, 30, 0, 1, 13, 606, 102, 133, 128, 41, 0, 1
0, 155, 351, 185, 122, 84, 120, 7, 0, 53, 409, 191, 136, 86, 130, 19, 3, 338, 210, 152, 105, 79, 95, 42
0, 1, 31, 54, 69, 68, 206, 595, 0, 1, 24, 53, 58, 69, 175, 644, 0, 0, 29, 50, 57, 65, 129, 694
0, 0, 0, 0, 0, 0, 0, 1024, 0, 0, 0, 0, 0, 0, 0, 1024, 0, 0, 0, 0, 0, 0, 0, 1024
0, 0, 0, 0, 0, 0, 572, 452, 0, 0, 0, 0, 0, 0, 0, 1024, 0, 0, 0, 0, 0, 0, 0, 1024
0, 3, 15, 11, 13, 28, 506, 448, 0, 3, 15, 11, 12, 25, 140, 818, 0, 0, 8, 15, 13, 20, 50, 918
0, 0, 0, 0, 0, 0, 0, 1024, 0, 0, 0, 0, 0, 0, 0, 1024, 0, 0, 0, 0, 0, 0, 0, 1024
0, 0, 0, 2, 8, 18, 49, 531, 0, 0, 0, 1, 8, 17, 27, 555, 0, 0, 0, 0, 2, 17, 17, 572
0, 0, 0, 0, 0, 0, 29, 995, 0, 0, 0, 0, 0, 0, 26, 998, 0, 0, 0, 0, 0, 0, 19, 1005
0, 0, 0, 27, 7, 11, 21, 958, 0, 0, 0, 26, 7, 10, 21, 960, 0, 0, 0, 10, 21, 9, 10, 974
0, 0, 0, 0, 0, 0, 0, 1024, 0, 0, 0, 0, 0, 0, 0, 1024, 0, 0, 0, 0, 0, 0, 0, 1024
0, 0, 0, 0, 0, 0, 0, 1024, 0, 0, 0, 0, 0, 0, 0, 1024, 0, 0, 0, 0, 0, 0, 0, 1024
0, 0, 0, 0, 0, 0, 0, 1024, 0, 0, 0, 0, 0, 0, 0, 1024, 0, 0, 0, 0, 0, 0, 0, 1024
0, 4, 504, 328, 57, 22, 23, 86, 0, 2, 6, 753, 128, 24, 19, 92, 0, 4, 114, 631, 142, 26, 22, 85
7, 155, 763, 61, 22, 16, 0, 0, 5, 105, 576, 297, 19, 22, 0, 0, 12, 175, 756, 63, 17, 1, 0, 0
35, 291, 341, 202, 121, 32, 2, 0, 44, 304, 323, 186, 124, 38, 5, 0, 148, 380, 290, 153, 46, 7, 0, 0
42, 348, 365, 156, 68, 36, 7, 2, 76, 380, 297, 125, 93, 47, 6, 0, 186, 445, 258, 86, 38, 9, 2, 0
91, 178, 254, 217, 194, 56, 29, 5, 88, 161, 257, 217, 196, 70, 26, 9, 133, 187, 228, 207, 178, 61, 26, 4
510, 274, 141, 48, 35, 9, 4, 3, 463, 296, 148, 61, 35, 11, 5, 5, 473, 278, 149, 66, 37, 13, 4, 4
148, 194, 282, 336, 58, 6, 0, 0, 144, 198, 278, 364, 34, 6, 0, 0, 142, 230, 247, 362, 38, 5, 0, 0
16, 151, 285, 379, 173, 20, 0, 0, 13, 143, 187, 425, 220, 35, 1, 0, 41, 181, 328, 323, 141, 10, 0, 0
0, 462, 320, 238, 4, 0, 0, 0, 1, 462, 302, 256, 3, 0, 0, 0, 103, 444, 342, 134, 1, 0, 0, 0
3, 407, 371, 168, 55, 20, 0, 0, 3, 418, 359, 160, 59, 25, 0, 0, 172, 370, 290, 109, 59, 23, 1, 0
0, 1, 80, 279, 353, 250, 58, 3, 0, 1, 85, 265, 292, 309, 66, 6, 0, 0, 74, 232, 255, 339, 109, 15
0, 3, 7, 29, 81, 124, 417, 363, 0, 3, 8, 26, 64, 116, 321, 486, 0, 2, 5, 22, 54, 99, 248, 594
0, 0, 0, 0, 0, 0, 0, 1024, 0, 0, 0, 0, 0, 0, 0, 1024, 0, 0, 0, 0, 0, 0, 0, 1024
0, 0, 0, 0, 0, 0, 0, 1024, 0, 0, 0, 0, 0, 0, 0, 1024, 0, 0, 0, 0, 0, 0, 0, 1024
0, 0, 0, 0, 0, 0, 283, 741, 0, 0, 0, 0, 0, 0, 0, 1024, 0, 0, 0, 0, 0, 0, 0, 1024
0, 3, 10, 9, 18, 28, 314, 642, 0, 1, 13, 6, 19, 27, 151, 807, 0, 0, 8, 7, 14, 26, 45, 924
0, 0, 0, 0, 1, 1, 16, 1006, 0, 0, 0, 0, 1, 1, 2, 1020, 0, 0, 0, 0, 0, 2, 0, 1022
0, 0, 0, 4, 5, 25, 84, 490, 0, 0, 0, 2, 6, 26, 46, 528, 0, 0, 0, 0, 7, 16, 24, 561
0, 0, 0, 0, 0, 0, 30, 994, 0, 0, 0, 0, 0, 0, 28, 996, 0, 0, 0, 0, 0, 0, 26, 998
0, 0, 0, 27, 11, 11, 9, 966, 0, 0, 0, 26, 11, 11, 9, 967, 0, 0, 0, 20, 9, 15, 10, 970
0, 0, 0, 0, 0, 0, 2, 1022, 0, 0, 0, 0, 0, 0, 1, 1023, 0, 0, 0, 0, 0, 0, 0, 1024
0, 0, 0, 0, 0, 0, 0, 1024, 0, 0, 0, 0, 0, 0, 0, 1024, 0, 0, 0, 0, 0, 0, 0, 1024
0, 0, 0, 0, 0, 0, 3, 1021, 0, 0, 0, 0, 0, 0, 2, 1022, 0, 0, 0, 0, 0, 0, 0, 1024
0, 54, 413, 348, 57, 57, 28, 67, 0, 0, 121, 605, 127, 64, 37, 70, 0, 3, 225, 352, 267, 53, 48, 76
0, 252, 614, 48, 65, 45, 0, 0, 0, 67, 639, 190, 31, 95, 2, 0, 1, 59, 765, 187, 12, 0, 0, 0
7, 32, 75, 97, 319, 494, 0, 0, 6, 36, 66, 83, 122, 703, 8, 0, 29, 84, 313, 566, 31, 1, 0, 0
1, 36, 71, 97, 139, 309, 244, 127, 1, 12, 75, 140, 168, 379, 197, 52, 21, 75, 87, 230, 228, 234, 135, 14
55, 155, 205, 219, 165, 106, 99, 20, 49, 152, 233, 237, 137, 93, 101, 22, 77, 169, 210, 220, 137, 101, 86, 24
567, 279, 124, 52, 2, 0, 0, 0, 537, 295, 124, 65, 3, 0, 0, 0, 585, 267, 119, 52, 1, 0, 0, 0
293, 195, 202, 276, 52, 5, 1, 0, 274, 216, 180, 292, 56, 5, 1, 0, 333, 186, 180, 288, 34, 2, 1, 0
10, 229, 343, 298, 107, 35, 2, 0, 6, 193, 227, 311, 238, 47, 2, 0, 55, 381, 359, 142, 75, 11, 1, 0
0, 702, 210, 112, 0, 0, 0, 0, 5, 723, 172, 124, 0, 0, 0, 0, 291, 498, 153, 82, 0, 0, 0, 0
1, 250, 249, 145, 48, 87, 130, 114, 1, 264, 237, 145, 44, 75, 111, 147, 28, 299, 204, 117, 36, 60, 104, 176
0, 1, 29, 67, 91, 101, 150, 585, 0, 1, 30, 64, 85, 108, 115, 621, 0, 1, 18, 46, 83, 109, 87, 680
0, 1, 9, 18, 43, 71, 161, 721, 0, 2, 10, 15, 42, 70, 143, 742, 0, 1, 5, 11, 30, 58, 104, 815
0, 0, 0, 0, 0, 0, 0, 1024, 0, 0, 0, 0, 0, 0, 0, 1024, 0, 0, 0, 0, 0, 0, 0, 1024
0, 0, 0, 0, 0, 0, 0, 1024, 0, 0, 0, 0, 0, 0, 0, 1024, 0, 0, 0, 0, 0, 0, 0, 1024
0, 0, 0, 4, 3, 5, 21, 991, 0, 0, 0, 3, 3, 6, 7, 1005, 0, 0, 0, 1, 5, 3, 6, 1009
0, 3, 14, 7, 14, 12, 99, 875, 0, 3, 14, 8, 13, 12, 25, 949, 0, 0, 7, 15, 6, 14, 20, 962
0, 0, 0, 1, 1, 5, 110, 907, 0, 0, 0, 0, 2, 3, 45, 974, 0, 0, 0, 0, 2, 2, 18, 1002
0, 0, 0, 0, 2, 2, 28, 576, 0, 0, 0, 0, 2, 2, 8, 596, 0, 0, 0, 0, 0, 3, 6, 599
0, 0, 0, 0, 0, 9, 29, 986, 0, 0, 0, 0, 0, 4, 30, 990, 0, 0, 0, 0, 0, 2, 30, 992
0, 0, 0, 10, 5, 7, 6, 996, 0, 0, 0, 8, 7, 7, 6, 996, 0, 0, 0, 7, 7, 7, 5, 998
0, 0, 10, 13, 2, 4, 11, 984, 0, 0, 10, 13, 2, 6, 10, 983, 0, 0, 0, 18, 6, 4, 10, 986
0, 0, 0, 0, 0, 0, 0, 1024, 0, 0, 0, 0, 0, 0, 0, 1024, 0, 0, 0, 0, 0, 0, 0, 1024
0, 0, 24, 18, 14, 26, 26, 916, 0, 0, 3, 33, 18, 18, 24, 928, 0, 0, 9, 32, 15, 16, 26, 926
0, 3, 358, 521, 43, 84, 8, 7, 0, 0, 91, 566, 239, 83, 34, 11, 0, 0, 178, 307, 403, 51, 73, 12
0, 0, 378, 342, 202, 102, 0, 0, 0, 0, 78, 636, 160, 150, 0, 0, 0, 0, 214, 711, 99, 0, 0, 0
0, 0, 0, 5, 315, 704, 0, 0, 0, 0, 0, 1, 43, 970, 10, 0, 0, 3, 220, 801, 0, 0, 0, 0
0, 1, 21, 41, 160, 371, 295, 135, 0, 3, 28, 65, 167, 432, 265, 64, 0, 10, 100, 246, 211, 288, 164, 5
15, 86, 251, 287, 256, 91, 30, 8, 9, 81, 260, 323, 200, 109, 33, 9, 11, 86, 280, 320, 188, 97, 33, 9
121, 348, 296, 148, 74, 32, 4, 1, 96, 312, 326, 169, 80, 33, 7, 1, 118, 334, 295, 146, 85, 37, 8, 1
176, 173, 198, 273, 175, 28, 1, 0, 181, 155, 203, 281, 172, 31, 1, 0, 187, 166, 216, 319, 111, 21, 4, 0
18, 181, 245, 402, 162, 14, 2, 0, 9, 184, 227, 359, 221, 20, 4, 0, 103, 140, 260, 390, 119, 11, 1, 0
0, 380, 484, 150, 10, 0, 0, 0, 0, 394, 449, 167, 14, 0, 0, 0, 34, 525, 328, 131, 6, 0, 0, 0
0, 1, 198, 278, 104, 66, 125, 252, 0, 1, 153, 325, 101, 65, 106, 273, 0, 9, 232, 253, 82, 65, 80, 303
0, 0, 0, 0, 0, 0, 0, 1024, 0, 0, 0, 0, 0, 0, 0, 1024, 0, 0, 0, 0, 0, 0, 0, 1024
0, 0, 0, 0, 0, 0, 0, 1024, 0, 0, 0, 0, 0, 0, 0, 1024, 0, 0, 0, 0, 0, 0, 0, 1024
0, 0, 0, 0, 0, 0, 0, 1024, 0, 0, 0, 0, 0, 0, 0, 1024, 0, 0, 0, 0, 0, 0, 0, 1024
0, 0, 0, 0, 0, 0, 0, 1024, 0, 0, 0, 0, 0, 0, 0, 1024, 0, 0, 0, 0, 0, 0, 0, 1024
0, 2, 2, 8, 7, 25, 49, 931, 0, 2, 2, 7, 7, 22, 37, 947, 0, 1, 3, 5, 7, 12, 28, 968
0, 0, 0, 0, 0, 0, 0, 1024, 0, 0, 0, 0, 0, 0, 0, 1024, 0, 0, 0, 0, 0, 0, 0, 1024
0, 0, 0, 3, 9, 23, 343, 646, 0, 0, 0, 3, 8, 21, 82, 910, 0, 0, 0, 1, 7, 12, 40, 964
0, 0, 0, 0, 0, 0, 189, 419, 0, 0, 0, 0, 0, 0, 0, 608, 0, 0, 0, 0, 0, 0, 0, 608
0, 0, 0, 0, 0, 0, 36, 988, 0, 0, 0, 0, 0, 0, 32, 992, 0, 0, 0, 0, 0, 0, 27, 997
0, 0, 0, 0, 0, 0, 0, 1024, 0, 0, 0, 0, 0, 0, 0, 1024, 0, 0, 0, 0, 0, 0, 0, 1024
0, 0, 0, 21, 28, 7, 8, 960, 0, 0, 0, 21, 28, 7, 8, 960, 0, 0, 0, 14, 31, 11, 5, 963
0, 0, 0, 0, 0, 0, 0, 1024, 0, 0, 0, 0, 0, 0, 0, 1024, 0, 0, 0, 0, 0, 0, 0, 1024
0, 3, 280, 155, 88, 59, 44, 395, 0, 0, 59, 335, 111, 59, 54, 406, 0, 0, 188, 244, 92, 58, 46, 396
0, 244, 774, 6, 0, 0, 0, 0, 0, 0, 702, 322, 0, 0, 0, 0, 0, 4, 952, 68, 0, 0, 0, 0
0, 247, 417, 167, 155, 38, 0, 0, 0, 21, 515, 272, 56, 160, 0, 0, 0, 31, 668, 321, 4, 0, 0, 0
0, 0, 0, 4, 406, 614, 0, 0, 0, 0, 0, 2, 40, 973, 9, 0, 0, 5, 348, 671, 0, 0, 0, 0
1, 7, 33, 82, 342, 438, 110, 11, 1, 16, 38, 114, 284, 470, 96, 5, 3, 23, 237, 419, 166, 128, 46, 2
122, 193, 257, 184, 158, 84, 24, 2, 135, 174, 259, 188, 178, 64, 24, 2, 143, 198, 257, 199, 143, 65, 17, 2
432, 239, 167, 105, 59, 18, 4, 0, 419, 235, 165, 115, 65, 21, 4, 0, 432, 222, 159, 112, 70, 23, 6, 0
45, 218, 272, 357, 106, 25, 1, 0, 42, 209, 270, 354, 125, 23, 1, 0, 47, 231, 311, 345, 79, 10, 0, 1
1, 159, 415, 380, 60, 7, 1, 1, 2, 143, 379, 419, 73, 6, 1, 1, 19, 248, 468, 259, 28, 0, 1, 1
0, 556, 358, 102, 8, 0, 0, 0, 1, 535, 352, 128, 8, 0, 0, 0, 218, 442, 270, 84, 10, 0, 0, 0
0, 38, 251, 138, 57, 73, 137, 330, 0, 44, 261, 123, 52, 68, 102, 374, 1, 64, 301, 61, 42, 72, 68, 415
0, 0, 0, 0, 0, 0, 0, 1024, 0, 0, 0, 0, 0, 0, 0, 1024, 0, 0, 0, 0, 0, 0, 0, 1024
0, 0, 0, 0, 0, 0, 0, 1024, 0, 0, 0, 0, 0, 0, 0, 1024, 0, 0, 0, 0, 0, 0, 0, 1024
0, 0, 0, 0, 0, 0, 0, 1024, 0, 0, 0, 0, 0, 0, 0, 1024, 0, 0, 0, 0, 0, 0, 0, 1024
0, 0, 0, 0, 0, 0, 0, 1024, 0, 0, 0, 0, 0, 0, 0, 1024, 0, 0, 0, 0, 0, 0, 0, 1024
0, 2, 7, 8, 15, 20, 36, 936, 0, 2, 5, 9, 15, 16, 33, 944, 0, 1, 3, 7, 14, 13, 27, 959
0, 0, 0, 0, 0, 0, 0, 1024, 0, 0, 0, 0, 0, 0, 0, 1024, 0, 0, 0, 0, 0, 0, 0, 1024
0, 0, 0, 6, 14, 35, 765, 204, 0, 0, 0, 4, 16, 32, 124, 848, 0, 0, 0, 1, 8, 29, 34, 952
0, 0, 0, 0, 0, 0, 599, 9, 0, 0, 0, 0, 0, 0, 0, 608, 0, 0, 0, 0, 0, 0, 0, 608
0, 0, 0, 0, 0, 1, 20, 1003, 0, 0, 0, 0, 0, 0, 18, 1006, 0, 0, 0, 0, 0, 0, 15, 1009
0, 0, 0, 1, 1, 6, 22, 994, 0, 0, 0, 1, 1, 6, 17, 999, 0, 0, 0, 1, 1, 4, 15, 1003
0, 8, 23, 62, 48, 56, 73, 754, 0, 1, 22, 62, 48, 55, 60, 776, 0, 11, 19, 50, 47, 58, 54, 785
0, 25, 109, 71, 49, 62, 79, 629, 0, 15, 89, 82, 55, 59, 74, 650, 1, 33, 90, 61, 46, 65, 66, 662
0, 12, 316, 200, 94, 87, 77, 238, 0, 3, 112, 383, 101, 88, 86, 251, 1, 40, 301, 197, 91, 78, 72, 244
0, 246, 750, 28, 0, 0, 0, 0, 0, 0, 768, 251, 5, 0, 0, 0, 0, 3, 886, 131, 4, 0, 0, 0
0, 584, 197, 44, 148, 51, 0, 0, 0, 86, 674, 54, 41, 169, 0, 0, 0, 70, 736, 218, 0, 0, 0, 0
0, 0, 0, 10, 410, 603, 1, 0, 0, 0, 0, 2, 166, 855, 1, 0, 0, 6, 322, 696, 0, 0, 0, 0
2, 18, 109, 182, 305, 391, 15, 2, 2, 16, 84, 201, 309, 398, 12, 2, 4, 60, 239, 477, 177, 62, 4, 1
144, 348, 263, 146, 101, 19, 3, 0, 133, 347, 251, 163, 105, 22, 3, 0, 210, 372, 244, 120, 70, 6, 2, 0
593, 239, 102, 64, 23, 3, 0, 0, 610, 218, 108, 59, 27, 2, 0, 0, 648, 214, 106, 43, 12, 1, 0, 0
259, 369, 247, 93, 43, 12, 1, 0, 273, 335, 250, 104, 45, 15, 1, 1, 355, 355, 200, 86, 20, 6, 1, 1
40, 566, 311, 69, 31, 7, 0, 0, 29, 578, 284, 76, 46, 9, 2, 0, 355, 394, 173, 58, 39, 4, 1, 0
1, 679, 304, 12, 4, 9, 8, 7, 1, 715, 266, 14, 4, 8, 6, 10, 200, 659, 133, 4, 6, 7, 5, 10
0, 39, 154, 138, 81, 82, 168, 362, 0, 53, 155, 129, 74, 77, 123, 413, 2, 123, 138, 86, 66, 67, 79, 463
0, 0, 0, 0, 0, 0, 22, 1002, 0, 0, 0, 0, 0, 0, 8, 1016, 0, 0, 0, 0, 0, 0, 3, 1021
0, 1, 43, 49, 60, 83, 157, 631, 0, 1, 41, 50, 57, 81, 122, 672, 0, 2, 39, 46, 48, 67, 94, 728
1, 2, 36, 62, 62, 66, 96, 699, 1, 1, 29, 62, 64, 63, 92, 712, 0, 2, 23, 63, 55, 62, 83, 736
0, 1, 12, 9, 17, 40, 94, 851, 0, 1, 11, 11, 10, 39, 65, 887, 0, 2, 11, 10, 9, 31, 52, 909
0, 0, 11, 11, 19, 33, 80, 870, 0, 0, 10, 12, 18, 30, 73, 881, 0, 0, 1, 17, 10, 28, 52, 916
0, 0, 0, 0, 0, 2, 26, 996, 0, 0, 0, 0, 0, 2, 12, 1010, 0, 0, 0, 0, 0, 2, 3, 1019
0, 0, 0, 1, 3, 10, 930, 80, 0, 0, 0, 1, 3, 9, 79, 932, 0, 0, 0, 1, 1, 5, 23, 994
0, 0, 0, 0, 0, 0, 608, 0, 0, 0, 0, 0, 0, 0, 24, 584, 0, 0, 0, 0, 0, 0, 0, 608
0, 0, 0, 5, 7, 22, 34, 956, 0, 0, 0, 5, 6, 17, 34, 962, 0, 0, 0, 5, 6, 14, 33, 966
0, 0, 55, 99, 105, 87, 116, 562, 0, 0, 26, 109, 102, 93, 100, 594, 0, 17, 82, 74, 86, 92, 93, 580
4, 160, 439, 193, 72, 60, 44, 52, 2, 107, 415, 246, 84, 59, 48, 63, 23, 317, 338, 129, 58, 56, 44, 59
0, 110, 516, 189, 75, 61, 38, 35, 0, 72, 485, 225, 94, 63, 46, 39, 13, 352, 323, 122, 82, 48, 48, 36
0, 5, 43, 101, 135, 137, 164, 439, 0, 4, 40, 94, 129, 141, 164, 452, 0, 6, 44, 85, 123, 133, 158, 475
0, 328, 439, 186, 69, 2, 0, 0, 0, 91, 452, 322, 107, 52, 0, 0, 3, 327, 323, 225, 91, 48, 7, 0
0, 148, 330, 238, 193, 115, 0, 0, 0, 4, 370, 322, 127, 201, 0, 0, 1, 92, 430, 449, 52, 0, 0, 0
0, 0, 8, 31, 438, 547, 0, 0, 0, 0, 3, 18, 129, 868, 6, 0, 0, 7, 313, 676, 26, 2, 0, 0
2, 43, 232, 241, 274, 223, 9, 0, 1, 14, 173, 259, 240, 314, 23, 0, 7, 125, 277, 391, 174, 45, 5, 0
61, 482, 322, 111, 23, 15, 5, 5, 23, 344, 432, 143, 49, 22, 6, 5, 131, 575, 226, 62, 18, 4, 5, 3
267, 294, 255, 123, 55, 19, 7, 4, 283, 271, 244, 128, 62, 25, 7, 4, 269, 341, 280, 78, 34, 12, 8, 2
210, 275, 280, 164, 68, 26, 1, 0, 249, 266, 287, 140, 58, 24, 0, 0, 331, 251, 259, 145, 36, 2, 0, 0
5, 431, 507, 62, 12, 6, 1, 0, 6, 447, 484, 67, 13, 6, 1, 0, 89, 531, 349, 36, 14, 5, 0, 0
0, 208, 375, 159, 123, 73, 70, 16, 0, 205, 348, 166, 106, 95, 77, 27, 41, 306, 271, 120, 87, 82, 70, 47
0, 0, 1, 18, 35, 89, 389, 492, 0, 0, 0, 12, 29, 76, 246, 661, 0, 0, 0, 8, 25, 53, 151, 787
0, 0, 39, 107, 144, 234, 324, 176, 0, 0, 31, 91, 142, 214, 264, 282, 0, 0, 21, 88, 118, 184, 243, 370
0, 7, 73, 111, 150, 161, 259, 263, 0, 6, 64, 101, 144, 158, 232, 319, 0, 9, 62, 95, 127, 142, 182, 407
1, 147, 531, 173, 85, 45, 31, 11, 1, 118, 549, 181, 86, 47, 30, 12, 9, 454, 285, 127, 65, 46, 31, 7
0, 120, 446, 95, 92, 84, 104, 83, 0, 133, 429, 96, 83, 84, 96, 103, 9, 425, 156, 77, 71, 75, 79, 132
1, 11, 99, 49, 66, 82, 237, 479, 1, 12, 92, 50, 64, 75, 134, 596, 4, 63, 54, 48, 57, 62, 98, 638
0, 0, 1, 3, 11, 28, 555, 426, 0, 0, 1, 2, 11, 28, 162, 820, 0, 0, 1, 0, 6, 21, 46, 950
0, 0, 0, 0, 0, 0, 1024, 0, 0, 0, 0, 0, 0, 0, 90, 934, 0, 0, 0, 0, 0, 0, 0, 1024
0, 0, 0, 0, 0, 0, 608, 0, 0, 0, 0, 0, 0, 0, 543, 65, 0, 0, 0, 0, 0, 0, 0, 608
0, 8, 40, 77, 60, 83, 91, 665, 0, 3, 30, 69, 69, 82, 96, 675, 0, 29, 50, 50, 64, 61, 96, 674
1, 166, 517, 156, 72, 52, 24, 36, 0, 84, 497, 229, 88, 50, 34, 42, 8, 422, 333, 100, 62, 45, 19, 35
16, 512, 299, 71, 38, 31, 27, 30, 15, 391, 397, 91, 36, 35, 27, 32, 31, 619, 180, 69, 37, 32, 24, 32
5, 165, 421, 173, 102, 78, 47, 33, 1, 77, 424, 232, 114, 76, 56, 44, 11, 322, 279, 165, 82, 76, 49, 40
9, 321, 227, 71, 60, 50, 71, 215, 4, 216, 313, 80, 61, 52, 68, 230, 39, 382, 143, 72, 52, 41, 61, 234
8, 557, 333, 113, 10, 0, 2, 1, 3, 319, 507, 144, 48, 0, 0, 3, 33, 677, 194, 105, 11, 1, 3, 0
0, 141, 303, 213, 222, 145, 0, 0, 0, 45, 312, 273, 158, 235, 1, 0, 5, 216, 349, 411, 34, 9, 0, 0
0, 0, 0, 2, 533, 489, 0, 0, 0, 0, 0, 0, 64, 960, 0, 0, 0, 1, 425, 597, 1, 0, 0, 0
1, 2, 54, 224, 381, 347, 15, 0, 1, 1, 28, 187, 363, 432, 12, 0, 5, 40, 238, 431, 199, 106, 5, 0
24, 317, 325, 270, 78, 10, 0, 0, 11, 221, 304, 337, 135, 15, 1, 0, 100, 473, 363, 83, 5, 0, 0, 0
43, 163, 285, 303, 155, 64, 11, 0, 38, 123, 221, 363, 176, 86, 17, 0, 204, 366, 253, 138, 53, 9, 1, 0
81, 299, 252, 156, 167, 51, 13, 5, 115, 268, 251, 161, 158, 53, 13, 5, 191, 278, 220, 144, 133, 40, 16, 2
1, 210, 542, 131, 66, 58, 16, 0, 2, 190, 477, 200, 67, 56, 29, 3, 52, 576, 205, 82, 57, 37, 15, 0
0, 3, 110, 120, 126, 155, 295, 215, 0, 0, 83, 127, 111, 161, 271, 271, 0, 50, 104, 80, 95, 131, 218, 346
0, 0, 0, 11, 37, 100, 242, 634, 0, 0, 0, 6, 33, 81, 193, 711, 0, 0, 0, 0, 28, 46, 158, 792
0, 133, 312, 223, 160, 139, 56, 1, 0, 99, 325, 211, 173, 138, 76, 2, 2, 248, 211, 182, 152, 121, 94, 14
3, 236, 250, 91, 74, 57, 145, 168, 0, 219, 259, 93, 75, 61, 117, 200, 36, 361, 100, 76, 76, 55, 70, 250
0, 136, 553, 111, 63, 59, 58, 44, 0, 96, 585, 114, 67, 59, 55, 48, 9, 550, 157, 81, 56, 53, 46, 72
2, 478, 431, 60, 22, 15, 10, 6, 2, 455, 448, 63, 25, 15, 10, 6, 69, 783, 98, 30, 19, 13, 9, 3
2, 196, 354, 135, 98, 88, 98, 53, 0, 145, 389, 146, 95, 89, 85, 75, 31, 361, 203, 111, 75, 81, 77, 85
0, 10, 88, 26, 40, 48, 719, 93, 0, 7, 83, 26, 41, 44, 371, 452, 0, 49, 52, 23, 29, 34, 96, 741
0, 0, 0, 0, 0, 0, 1024, 0, 0, 0, 0, 0, 0, 0, 448, 576, 0, 0, 0, 0, 0, 0, 0, 1024
0, 0, 0, 0, 0, 0, 608, 0, 0, 0, 0, 0, 0, 0, 592, 16, 0, 0, 0, 0, 0, 0, 0, 608
0, 24, 135, 75, 46, 55, 46, 643, 0, 16, 127, 91, 42, 54, 48, 646, 6, 112, 91, 41, 47, 47, 55, 625
18, 546, 385, 46, 12, 5, 5, 7, 19, 417, 481, 73, 16, 5, 6, 7, 81, 785, 105, 26, 9, 8, 4, 6
19, 355, 329, 65, 44, 48, 63, 101, 24, 309, 350, 77, 50, 41, 59, 114, 50, 475, 177, 56, 50, 29, 55, 132
14, 328, 338, 127, 63, 48, 55, 51, 6, 266, 348, 165, 72, 52, 45, 70, 60, 402, 250, 104, 54, 52, 38, 64
8, 525, 356, 47, 32, 18, 19, 19, 4, 348, 517, 57, 40, 15, 22, 21, 109, 656, 135, 36, 31, 21, 18, 18
13, 454, 361, 159, 33, 3, 1, 0, 5, 254, 498, 182, 76, 8, 1, 0, 37, 556, 222, 167, 35, 6, 1, 0
2, 218, 379, 197, 142, 85, 1, 0, 0, 82, 415, 275, 120, 129, 3, 0, 30, 368, 344, 242, 36, 4, 0, 0
0, 0, 0, 31, 367, 617, 9, 0, 0, 0, 0, 23, 125, 871, 5, 0, 0, 5, 349, 664, 6, 0, 0, 0
0, 1, 40, 250, 391, 304, 36, 2, 1, 25, 171, 317, 297, 205, 8, 0, 9, 200, 451, 287, 66, 11, 0, 0
0, 15, 262, 529, 154, 49, 12, 3, 4, 126, 486, 301, 85, 17, 3, 2, 37, 441, 412, 102, 22, 6, 2, 2
0, 11, 98, 210, 248, 218, 156, 83, 3, 22, 84, 247, 288, 208, 126, 46, 22, 128, 196, 245, 187, 122, 88, 36
68, 230, 227, 145, 184, 115, 38, 17, 95, 240, 232, 136, 186, 87, 35, 13, 138, 284, 196, 123, 181, 61, 31, 10
0, 6, 178, 372, 240, 180, 47, 1, 0, 10, 283, 335, 240, 124, 31, 1, 3, 259, 232, 274, 174, 69, 13, 0
0, 0, 177, 471, 166, 86, 92, 32, 0, 10, 470, 237, 114, 74, 68, 51, 0, 266, 376, 120, 83, 53, 43, 83
0, 0, 7, 100, 191, 267, 403, 56, 0, 0, 24, 110, 151, 240, 358, 141, 0, 2, 68, 109, 120, 195, 270, 260
2, 116, 218, 170, 190, 207, 114, 7, 2, 77, 237, 163, 187, 193, 145, 20, 7, 202, 119, 143, 165, 171, 174, 43
2, 643, 291, 59, 20, 4, 4, 1, 2, 595, 332, 65, 20, 5, 4, 1, 84, 754, 130, 38, 11, 3, 3, 1
1, 394, 427, 105, 57, 26, 7, 7, 1, 341, 473, 109, 58, 27, 8, 7, 74, 616, 194, 65, 46, 14, 8, 7
14, 459, 319, 67, 48, 46, 39, 32, 15, 510, 267, 68, 50, 43, 37, 34, 93, 612, 97, 54, 45, 49, 37, 37
0, 602, 376, 21, 8, 12, 2, 3, 2, 647, 328, 18, 11, 13, 2, 3, 132, 824, 34, 13, 12, 6, 3, 0
0, 24, 70, 49, 44, 69, 731, 37, 0, 18, 67, 52, 42, 62, 639, 144, 4, 59, 43, 42, 42, 58, 100, 676
0, 0, 0, 0, 0, 0, 1024, 0, 0, 0, 0, 0, 0, 0, 1024, 0, 0, 0, 0, 0, 0, 0, 0, 1024
0, 0, 0, 0, 0, 0, 608, 0, 0, 0, 0, 0, 0, 0, 608, 0, 0, 0, 0, 0, 0, 0, 0, 608
1, 69, 229, 84, 56, 76, 66, 443, 1, 33, 236, 104, 58, 70, 66, 456, 18, 180, 119, 66, 58, 66, 61, 456
16, 517, 435, 32, 13, 9, 1, 1, 5, 371, 560, 59, 15, 10, 2, 2, 90, 793, 93, 23, 17, 6, 1, 1
40, 503, 290, 65, 28, 34, 31, 33, 32, 430, 352, 73, 36, 32, 33, 36, 100, 581, 163, 47, 36, 29, 30, 38
22, 449, 271, 101, 60, 50, 46, 25, 16, 405, 300, 104, 67, 47, 48, 37, 91, 476, 182, 92, 60, 45, 43, 35
33, 421, 319, 88, 58, 38, 32, 35, 29, 372, 340, 111, 55, 41, 40, 36, 150, 473, 164, 83, 53, 37, 34, 30
11, 585, 342, 81, 5, 0, 0, 0, 6, 427, 481, 100, 10, 0, 0, 0, 61, 728, 152, 69, 14, 0, 0, 0
0, 334, 239, 202, 163, 85, 1, 0, 0, 244, 320, 202, 108, 148, 2, 0, 55, 403, 289, 254, 22, 0, 1, 0
0, 23, 55, 77, 388, 478, 3, 0, 0, 4, 47, 62, 188, 719, 4, 0, 37, 69, 379, 529, 10, 0, 0, 0
0, 0, 37, 260, 364, 322, 39, 2, 0, 11, 155, 293, 331, 223, 11, 0, 18, 253, 445, 265, 41, 2, 0, 0
0, 13, 352, 475, 131, 33, 14, 6, 3, 142, 500, 291, 60, 21, 2, 5, 55, 515, 337, 76, 28, 7, 1, 5
0, 20, 81, 212, 226, 219, 138, 128, 3, 36, 112, 228, 236, 177, 126, 106, 5, 61, 209, 197, 189, 128, 127, 108
181, 381, 166, 121, 99, 71, 4, 1, 212, 375, 157, 114, 93, 70, 3, 0, 300, 309, 159, 104, 88, 61, 3, 0
0, 4, 71, 227, 259, 258, 191, 14, 0, 19, 110, 258, 245, 215, 153, 24, 1, 60, 168, 215, 203, 180, 159, 38
0, 0, 230, 498, 177, 104, 15, 0, 0, 14, 459, 315, 137, 81, 18, 0, 0, 345, 348, 162, 107, 46, 16, 0
0, 3, 40, 140, 244, 306, 277, 14, 0, 2, 39, 152, 213, 291, 282, 45, 0, 19, 98, 123, 187, 269, 251, 77
3, 235, 445, 151, 93, 66, 29, 2, 1, 176, 482, 163, 92, 66, 38, 6, 24, 414, 269, 118, 89, 58, 41, 11
8, 474, 324, 106, 63, 29, 16, 4, 9, 459, 325, 113, 66, 30, 17, 5, 165, 520, 154, 80, 58, 28, 12, 7
3, 463, 354, 86, 49, 36, 23, 10, 3, 470, 345, 86, 45, 39, 23, 13, 127, 591, 139, 58, 48, 31, 17, 13
3, 562, 281, 71, 52, 29, 20, 6, 3, 609, 232, 69, 50, 34, 20, 7, 126, 654, 92, 55, 44, 30, 19, 4
1, 674, 275, 22, 18, 19, 11, 4, 0, 644, 303, 21, 21, 19, 11, 5, 157, 764, 41, 19, 19, 13, 11, 0
3, 31, 82, 56, 46, 50, 722, 34, 2, 26, 80, 58, 45, 44, 662, 107, 2, 40, 70, 51, 44, 42, 119, 656
0, 32, 74, 30, 40, 43, 799, 6, 0, 25, 77, 32, 35, 41, 798, 16, 2, 49, 53, 25, 27, 35, 70, 763
0, 0, 0, 0, 0, 2, 606, 0, 0, 0, 0, 0, 0, 2, 606, 0, 0, 0, 0, 0, 0, 1, 22, 585
9, 345, 294, 89, 71, 64, 63, 89, 6, 274, 347, 97, 74, 58, 69, 99, 44, 427, 180, 86, 64, 67, 60, 96
8, 765, 162, 27, 19, 19, 10, 14, 3, 701, 220, 36, 19, 19, 12, 14, 147, 730, 65, 27, 16, 16, 9, 14
81, 539, 158, 72, 48, 48, 44, 34, 71, 493, 191, 90, 45, 48, 47, 39, 139, 494, 139, 74, 41, 51, 35, 51
55, 496, 263, 81, 50, 29, 35, 15, 32, 450, 298, 109, 47, 35, 33, 20, 131, 489, 194, 79, 47, 34, 32, 18
43, 314, 220, 111, 88, 84, 90, 74, 34, 301, 231, 112, 90, 77, 98, 81, 99, 340, 138, 106, 91, 75, 87, 88
19, 700, 249, 31, 14, 4, 4, 3, 10, 584, 350, 53, 16, 4, 4, 3, 70, 758, 142, 28, 15, 5, 4, 2
4, 427, 454, 88, 33, 18, 0, 0, 2, 384, 474, 97, 36, 31, 0, 0, 67, 632, 249, 63, 13, 0, 0, 0
0, 35, 198, 282, 405, 103, 1, 0, 0, 19, 185, 283, 264, 272, 1, 0, 11, 137, 465, 392, 19, 0, 0, 0
0, 13, 129, 279, 398, 204, 1, 0, 0, 10, 147, 283, 465, 119, 0, 0, 7, 86, 301, 401, 192, 37, 0, 0
4, 187, 385, 291, 136, 20, 1, 0, 2, 81, 480, 300, 146, 15, 0, 0, 65, 480, 352, 117, 10, 0, 0, 0
0, 157, 401, 276, 82, 85, 20, 3, 4, 121, 273, 281, 248, 73, 21, 3, 69, 415, 309, 66, 89, 61, 12, 3
127, 386, 271, 174, 61, 5, 0, 0, 153, 396, 255, 159, 58, 3, 0, 0, 200, 432, 228, 134, 29, 1, 0, 0
0, 3, 266, 269, 139, 83, 116, 148, 0, 2, 242, 365, 69, 77, 84, 185, 0, 60, 339, 206, 72, 60, 72, 215
0, 2, 138, 308, 87, 152, 162, 175, 0, 2, 212, 244, 78, 142, 136, 210, 0, 59, 327, 81, 65, 123, 146, 223
0, 70, 282, 218, 208, 190, 51, 5, 0, 80, 295, 181, 187, 211, 60, 10, 9, 229, 176, 157, 166, 208, 67, 12
2, 248, 458, 203, 72, 32, 9, 0, 1, 209, 477, 210, 79, 39, 9, 0, 21, 446, 278, 164, 66, 40, 9, 0
2, 255, 391, 201, 107, 47, 20, 1, 3, 244, 374, 208, 118, 52, 23, 2, 41, 372, 251, 180, 109, 49, 18, 4
17, 543, 234, 101, 62, 39, 17, 11, 13, 541, 227, 110, 61, 40, 17, 15, 231, 459, 122, 84, 61, 33, 18, 16
4, 566, 241, 76, 42, 37, 36, 22, 4, 583, 219, 78, 42, 40, 38, 20, 215, 503, 113, 54, 46, 37, 33, 23
3, 855, 138, 15, 9, 3, 1, 0, 3, 886, 107, 15, 11, 1, 1, 0, 378, 603, 22, 14, 6, 0, 1, 0
5, 333, 371, 126, 86, 42, 49, 12, 2, 349, 340, 134, 92, 41, 45, 21, 75, 468, 177, 111, 85, 41, 45, 22
0, 663, 320, 23, 11, 7, 0, 0, 1, 704, 280, 21, 11, 6, 1, 0, 232, 725, 39, 14, 11, 3, 0, 0
1, 97, 225, 44, 35, 34, 160, 12, 1, 139, 180, 45, 33, 36, 148, 26, 26, 246, 60, 33, 35, 26, 53, 129
56, 514, 282, 56, 41, 26, 26, 23, 42, 444, 357, 61, 41, 25, 25, 29, 111, 606, 145, 48, 34, 26, 31, 23
146, 513, 172, 60, 33, 27, 30, 43, 135, 470, 222, 57, 36, 28, 31, 45, 274, 439, 114, 56, 33, 32, 31, 45
104, 689, 121, 37, 26, 16, 16, 15, 56, 701, 152, 40, 27, 14, 18, 16, 323, 501, 91, 42, 17, 17, 17, 16
46, 743, 143, 32, 25, 15, 12, 8, 37, 615, 270, 40, 21, 21, 11, 9, 279, 577, 74, 29, 24, 19, 12, 10
147, 637, 107, 25, 20, 25, 28, 35, 88, 705, 94, 28, 17, 25, 30, 37, 387, 445, 57, 20, 28, 20, 24, 43
46, 527, 396, 28, 14, 7, 3, 3, 19, 499, 439, 35, 17, 9, 2, 4, 133, 633, 197, 31, 16, 7, 3, 4
0, 324, 432, 78, 125, 65, 0, 0, 0, 261, 490, 70, 72, 131, 0, 0, 28, 575, 233, 167, 21, 0, 0, 0
0, 33, 208, 76, 431, 274, 2, 0, 0, 15, 228, 73, 126, 578, 4, 0, 11, 191, 490, 297, 35, 0, 0, 0
0, 2, 241, 267, 256, 253, 5, 0, 0, 2, 86, 213, 478, 237, 8, 0, 0, 347, 248, 176, 109, 140, 4, 0
0, 118, 688, 171, 27, 19, 1, 0, 0, 8, 151, 702, 125, 27, 11, 0, 93, 809, 92, 25, 5, 0, 0, 0
9, 289, 426, 184, 95, 18, 3, 0, 1, 62, 412, 329, 140, 65, 13, 2, 250, 518, 158, 76, 19, 3, 0, 0
111, 402, 323, 115, 42, 19, 8, 4, 138, 231, 430, 161, 39, 15, 9, 1, 392, 428, 134, 46, 15, 8, 1, 0
0, 58, 244, 165, 89, 82, 166, 220, 0, 6, 219, 212, 104, 68, 139, 276, 10, 203, 198, 85, 73, 76, 106, 273
0, 28, 270, 27, 14, 31, 102, 552, 0, 16, 287, 21, 13, 29, 61, 597, 0, 239, 82, 8, 12, 31, 57, 595
0, 220, 353, 62, 59, 83, 198, 49, 0, 234, 333, 64, 53, 81, 162, 97, 17, 474, 94, 51, 45, 70, 120, 153
3, 542, 368, 68, 31, 8, 3, 1, 3, 586, 314, 76, 31, 10, 2, 2, 103, 693, 130, 55, 31, 8, 1, 3
16, 673, 141, 98, 46, 36, 12, 2, 14, 685, 122, 99, 50, 35, 15, 4, 433, 282, 112, 85, 55, 37, 16, 4
9, 704, 179, 73, 36, 20, 2, 1, 5, 701, 174, 79, 38, 21, 5, 1, 422, 378, 96, 71, 35, 17, 4, 1
10, 651, 191, 60, 34, 39, 25, 14, 13, 646, 188, 64, 33, 39, 25, 16, 364, 397, 107, 48, 40, 29, 30, 9
7, 689, 217, 45, 30, 21, 13, 2, 7, 701, 205, 45, 29, 23, 12, 2, 283, 537, 108, 38, 25, 22, 10, 1
14, 528, 237, 111, 68, 43, 22, 1, 14, 543, 219, 110, 70, 43, 22, 3, 179, 484, 132, 102, 65, 41, 18, 3
2, 786, 183, 33, 14, 1, 4, 1, 2, 844, 124, 34, 13, 2, 4, 1, 431, 497, 57, 18, 12, 5, 3, 1
0, 305, 288, 13, 1, 1, 0, 0, 0, 465, 133, 8, 1, 1, 0, 0, 189, 408, 10, 0, 1, 0, 0, 0
43, 570, 303, 49, 20, 15, 16, 8, 43, 459, 405, 49, 27, 17, 13, 11, 159, 686, 83, 41, 19, 15, 9, 12
187, 584, 118, 35, 28, 33, 17, 22, 154, 608, 122, 40, 27, 32, 19, 22, 283, 503, 100, 35, 33, 29, 18, 23
105, 581, 135, 57, 42, 35, 25, 44, 91, 564, 158, 59, 46, 37, 24, 45, 255, 452, 114, 58, 36, 37, 27, 45
139, 821, 52, 9, 1, 2, 0, 0, 9, 894, 109, 8, 2, 2, 0, 0, 578, 421, 17, 5, 2, 1, 0, 0
347, 638, 29, 2, 4, 1, 3, 0, 194, 783, 32, 7, 4, 0, 4, 0, 736, 251, 27, 2, 4, 1, 3, 0
86, 817, 117, 2, 1, 1, 0, 0, 40, 760, 220, 2, 1, 1, 0, 0, 336, 671, 14, 2, 1, 0, 0, 0
19, 498, 198, 140, 118, 51, 0, 0, 4, 478, 202, 139, 102, 98, 1, 0, 217, 469, 178, 149, 11, 0, 0, 0
0, 0, 4, 30, 611, 375, 4, 0, 0, 0, 0, 18, 211, 790, 5, 0, 1, 7, 487, 503, 26, 0, 0, 0
0, 0, 120, 377, 363, 159, 5, 0, 0, 0, 0, 78, 733, 201, 12, 0, 0, 292, 338, 99, 136, 159, 0, 0
0, 1, 662, 317, 43, 1, 0, 0, 0, 0, 0, 603, 389, 31, 1, 0, 60, 753, 194, 17, 0, 0, 0, 0
44, 367, 312, 174, 83, 38, 6, 0, 3, 144, 373, 234, 160, 80, 27, 3, 395, 381, 145, 70, 28, 5, 0, 0
59, 749, 172, 34, 10, 0, 0, 0, 67, 415, 449, 75, 13, 5, 0, 0, 548, 419, 46, 11, 0, 0, 0, 0
0, 5, 81, 98, 96, 106, 224, 414, 0, 0, 43, 98, 104, 105, 196, 478, 2, 59, 83, 71, 68, 77, 181, 483
1, 11, 47, 47, 66, 101, 246, 505, 0, 8, 33, 58, 55, 105, 175, 590, 0, 12, 32, 47, 44, 82, 109, 698
1, 537, 202, 81, 99, 67, 32, 5, 0, 509, 216, 83, 88, 83, 37, 8, 53, 567, 109, 79, 63, 81, 53, 19
1, 922, 96, 3, 2, 0, 0, 0, 0, 933, 85, 4, 2, 0, 0, 0, 550, 455, 14, 4, 1, 0, 0, 0
2, 958, 42, 10, 6, 2, 4, 0, 2, 960, 39, 9, 7, 3, 4, 0, 748, 243, 14, 9, 5, 3, 2, 0
2, 961, 49, 5, 4, 2, 1, 0, 2, 968, 43, 4, 2, 4, 1, 0, 750, 258, 8, 2, 4, 2, 0, 0
14, 730, 192, 36, 25, 19, 5, 3, 13, 731, 186, 40, 26, 19, 6, 3, 397, 476, 76, 33, 25, 10, 5, 2
12, 687, 177, 61, 35, 26, 18, 8, 15, 688, 168, 59, 40, 26, 20, 8, 397, 417, 83, 44, 37, 23, 19, 4
0, 823, 188, 10, 3, 0, 0, 0, 0, 895, 117, 9, 3, 0, 0, 0, 582, 412, 25, 5, 0, 0, 0, 0
3, 590, 354, 47, 20, 8, 2, 0, 2, 709, 239, 46, 19, 7, 2, 0, 394, 514, 74, 21, 16, 5, 0, 0
1, 129, 222, 24, 47, 86, 66, 33, 1, 226, 133, 24, 50, 94, 52, 28, 141, 216, 17, 29, 53, 100, 46, 6
84, 619, 296, 17, 1, 5, 1, 1, 29, 599, 366, 21, 2, 3, 3, 1, 300, 655, 50, 10, 3, 5, 0, 1
79, 484, 161, 72, 65, 69, 49, 45, 77, 472, 165, 74, 69, 70, 43, 54, 156, 409, 144, 81, 64, 66, 57, 47
86, 484, 193, 71, 57, 64, 38, 31, 76, 483, 192, 79, 55, 64, 38, 37, 96, 497, 152, 73, 65, 62, 35, 44
119, 622, 147, 44, 40, 22, 16, 14, 53, 634, 185, 57, 38, 24, 14, 19, 283, 489, 113, 47, 38, 22, 16, 16
267, 637, 50, 28, 17, 10, 8, 7, 94, 790, 63, 33, 16, 13, 8, 7, 636, 282, 30, 34, 16, 12, 7, 7
192, 748, 53, 14, 6, 5, 5, 1, 96, 815, 78, 16, 6, 7, 5, 1, 539, 423, 30, 15, 5, 7, 4, 1
9, 567, 216, 87, 115, 30, 0, 0, 3, 459, 313, 76, 66, 107, 0, 0, 228, 536, 116, 134, 9, 1, 0, 0
0, 4, 23, 91, 748, 140, 18, 0, 0, 1, 18, 37, 345, 604, 19, 0, 6, 41, 691, 238, 19, 29, 0, 0
1, 7, 274, 279, 317, 145, 1, 0, 0, 1, 11, 121, 743, 145, 3, 0, 2, 403, 243, 113, 161, 102, 0, 0
0, 40, 611, 339, 31, 3, 0, 0, 0, 2, 49, 371, 566, 33, 3, 0, 52, 769, 183, 19, 1, 0, 0, 0
8, 152, 364, 326, 144, 28, 2, 0, 8, 89, 245, 312, 246, 114, 10, 0, 176, 418, 291, 117, 21, 1, 0, 0
8, 221, 386, 70, 58, 72, 123, 86, 11, 172, 407, 86, 53, 67, 118, 110, 122, 476, 75, 40, 44, 48, 95, 124
0, 0, 4, 16, 36, 88, 255, 625, 0, 0, 1, 13, 29, 70, 201, 710, 0, 1, 10, 16, 34, 63, 151, 749
0, 18, 78, 126, 147, 144, 238, 273, 0, 8, 77, 117, 140, 149, 203, 330, 0, 17, 55, 116, 130, 126, 153, 427
0, 671, 233, 69, 34, 16, 1, 0, 0, 634, 254, 75, 43, 17, 1, 0, 123, 645, 133, 65, 37, 17, 4, 0
2, 876, 122, 16, 7, 0, 1, 0, 2, 880, 119, 15, 7, 0, 1, 0, 405, 552, 48, 11, 7, 0, 1, 0
1, 865, 130, 23, 2, 3, 0, 0, 1, 882, 114, 22, 2, 3, 0, 0, 410, 555, 41, 13, 3, 2, 0, 0
14, 715, 174, 58, 34, 20, 9, 0, 12, 709, 170, 69, 34, 21, 9, 0, 369, 453, 97, 50, 33, 14, 8, 0
12, 546, 248, 83, 61, 44, 26, 4, 7, 561, 224, 87, 63, 51, 26, 5, 268, 413, 134, 83, 46, 46, 25, 9
14, 816, 145, 25, 10, 9, 5, 0, 20, 832, 124, 23, 11, 8, 6, 0, 471, 461, 56, 17, 10, 6, 3, 0
0, 831, 179, 12, 2, 0, 0, 0, 1, 935, 78, 8, 2, 0, 0, 0, 712, 290, 17, 5, 0, 0, 0, 0
5, 298, 443, 60, 65, 56, 56, 41, 7, 487, 257, 65, 65, 54, 52, 37, 213, 513, 45, 66, 59, 55, 50, 23
0, 2, 16, 27, 70, 151, 221, 121, 0, 2, 16, 41, 85, 169, 192, 103, 2, 13, 7, 39, 95, 186, 176, 90
28, 712, 235, 25, 9, 5, 7, 3, 20, 601, 343, 34, 8, 7, 6, 5, 320, 628, 39, 18, 6, 4, 5, 4
74, 659, 112, 53, 39, 38, 28, 21, 67, 636, 143, 50, 42, 32, 31, 23, 288, 473, 80, 51, 40, 35, 30, 27
160, 530, 127, 58, 41, 42, 38, 28, 118, 558, 133, 63, 41, 36, 40, 35, 229, 478, 99, 57, 46, 34, 40, 41
107, 836, 79, 1, 1, 0, 0, 0, 25, 908, 87, 3, 1, 0, 0, 0, 460, 549, 13, 2, 0, 0, 0, 0
318, 659, 21, 8, 6, 9, 1, 2, 69, 901, 28, 5, 6, 11, 2, 2, 688, 287, 21, 7, 5, 12, 2, 2
198, 758, 55, 13, 0, 0, 0, 0, 89, 834, 83, 18, 0, 0, 0, 0, 522, 447, 37, 17, 1, 0, 0, 0
32, 657, 158, 56, 86, 35, 0, 0, 25, 645, 170, 58, 45, 80, 1, 0, 328, 462, 120, 98, 15, 1, 0, 0
55, 412, 93, 87, 294, 80, 3, 0, 63, 402, 91, 68, 137, 252, 11, 0, 313, 250, 244, 162, 30, 25, 0, 0
25, 364, 240, 219, 149, 24, 3, 0, 11, 366, 183, 101, 316, 45, 2, 0, 128, 484, 269, 87, 42, 14, 0, 0
62, 252, 450, 260, 0, 0, 0, 0, 25, 178, 156, 267, 398, 0, 0, 0, 177, 584, 263, 0, 0, 0, 0, 0
2, 161, 500, 347, 12, 2, 0, 0, 2, 179, 442, 125, 269, 7, 0, 0, 76, 603, 333, 10, 2, 0, 0, 0
0, 139, 599, 58, 19, 22, 38, 149, 0, 212, 531, 54, 16, 23, 37, 151, 47, 645, 84, 25, 15, 34, 27, 147
0, 180, 242, 49, 38, 53, 90, 372, 1, 251, 176, 43, 39, 51, 75, 388, 61, 237, 125, 53, 44, 39, 80, 385
1, 340, 85, 62, 139, 163, 165, 69, 5, 356, 71, 47, 117, 162, 164, 102, 82, 270, 62, 58, 79, 147, 157, 169
21, 444, 168, 135, 120, 92, 38, 6, 23, 432, 168, 130, 121, 99, 45, 6, 201, 326, 116, 119, 104, 87, 51, 20
1, 917, 97, 7, 2, 0, 0, 0, 2, 911, 97, 12, 2, 0, 0, 0, 696, 275, 44, 8, 1, 0, 0, 0
4, 865, 133, 19, 2, 1, 0, 0, 4, 869, 129, 19, 2, 1, 0, 0, 617, 345, 51, 10, 1, 0, 0, 0
9, 804, 133, 28, 22, 15, 11, 2, 8, 830, 108, 27, 21, 14, 12, 4, 446, 469, 44, 20, 17, 12, 12, 4
6, 658, 196, 81, 49, 20, 12, 2, 8, 678, 178, 77, 47, 22, 11, 3, 348, 413, 116, 71, 40, 18, 12, 6
8, 808, 156, 36, 11, 4, 0, 1, 11, 826, 136, 35, 10, 5, 0, 1, 555, 365, 76, 17, 6, 4, 1, 0
3, 621, 307, 24, 13, 14, 30, 12, 4, 737, 196, 25, 9, 16, 29, 8, 607, 331, 16, 12, 12, 32, 13, 1
2, 18, 64, 71, 93, 184, 319, 273, 4, 32, 70, 65, 116, 190, 309, 238, 24, 45, 45, 75, 119, 195, 295, 226
3, 5, 10, 28, 88, 200, 198, 76, 3, 5, 15, 38, 115, 213, 180, 39, 3, 5, 13, 49, 104, 213, 185, 36
37, 840, 103, 18, 8, 9, 6, 3, 17, 763, 196, 22, 6, 10, 7, 3, 406, 544, 34, 16, 8, 8, 5, 3
25, 492, 295, 90, 41, 30, 15, 36, 15, 398, 372, 103, 51, 28, 20, 37, 134, 523, 173, 76, 43, 23, 19, 33
18, 293, 203, 125, 106, 89, 67, 123, 12, 268, 204, 146, 97, 94, 70, 133, 58, 303, 153, 115, 101, 82, 77, 135
25, 684, 211, 28, 26, 21, 16, 13, 19, 646, 244, 33, 27, 24, 13, 18, 168, 688, 67, 28, 24, 22, 17, 10
77, 705, 132, 55, 25, 14, 10, 6, 29, 709, 164, 55, 35, 15, 8, 9, 286, 530, 103, 50, 25, 14, 10, 6
60, 767, 142, 22, 18, 7, 4, 4, 28, 692, 229, 41, 16, 9, 2, 7, 220, 625, 123, 22, 17, 9, 3, 5
5, 771, 166, 52, 23, 5, 2, 0, 1, 667, 249, 66, 31, 8, 2, 0, 201, 704, 77, 36, 4, 0, 2, 0
3, 108, 98, 179, 482, 148, 6, 0, 0, 66, 114, 153, 287, 394, 10, 0, 83, 165, 380, 227, 114, 55, 0, 0
0, 0, 70, 541, 387, 26, 0, 0, 0, 0, 0, 42, 922, 60, 0, 0, 0, 160, 633, 125, 86, 20, 0, 0
0, 0, 504, 520, 0, 0, 0, 0, 0, 0, 0, 198, 825, 1, 0, 0, 0, 665, 359, 0, 0, 0, 0, 0
0, 239, 505, 275, 5, 0, 0, 0, 1, 169, 372, 217, 263, 2, 0, 0, 197, 563, 264, 0, 0, 0, 0, 0
0, 103, 372, 20, 23, 24, 36, 446, 0, 76, 355, 57, 24, 23, 32, 457, 68, 395, 27, 15, 19, 18, 30, 452
0, 0, 0, 0, 0, 0, 4, 1020, 0, 0, 0, 0, 0, 0, 0, 1024, 0, 0, 0, 0, 0, 0, 0, 1024
2, 105, 183, 148, 94, 110, 190, 192, 4, 94, 181, 145, 84, 105, 160, 251, 12, 130, 151, 129, 85, 85, 129, 303
0, 715, 166, 49, 48, 32, 13, 1, 0, 707, 172, 45, 51, 32, 15, 2, 207, 607, 81, 39, 47, 27, 13, 3
1, 595, 272, 101, 38, 12, 4, 1, 1, 576, 273, 107, 47, 14, 5, 1, 228, 475, 178, 85, 37, 15, 5, 1
3, 772, 185, 44, 15, 3, 2, 0, 2, 785, 170, 45, 17, 3, 2, 0, 369, 540, 68, 38, 5, 4, 0, 0
4, 695, 202, 51, 42, 20, 6, 4, 4, 699, 194, 54, 42, 21, 6, 4, 372, 471, 83, 41, 30, 20, 6, 1
8, 285, 248, 148, 132, 108, 72, 23, 5, 283, 243, 146, 131, 109, 76, 31, 104, 284, 185, 120, 115, 109, 75, 32
0, 771, 200, 33, 8, 7, 3, 2, 0, 828, 146, 30, 8, 6, 4, 2, 463, 475, 52, 16, 8, 7, 1, 2
2, 319, 212, 48, 97, 160, 124, 62, 4, 412, 130, 64, 116, 146, 104, 48, 352, 180, 41, 78, 114, 134, 97, 28
0, 0, 16, 82, 202, 258, 241, 225, 0, 0, 23, 110, 206, 257, 240, 188, 0, 0, 18, 97, 222, 258, 248, 181
1, 6, 17, 57, 99, 134, 160, 134, 4, 3, 22, 57, 105, 143, 153, 121, 3, 4, 16, 46, 117, 131, 148, 143
1, 440, 318, 76, 46, 46, 39, 58, 0, 315, 426, 86, 49, 43, 46, 59, 123, 574, 98, 58, 43, 42, 38, 48
14, 558, 285, 48, 29, 27, 24, 39, 23, 480, 348, 51, 28, 29, 25, 40, 151, 596, 98, 57, 29, 24, 26, 43
7, 126, 171, 116, 102, 103, 108, 291, 12, 104, 179, 114, 105, 99, 102, 309, 6, 118, 145, 119, 102, 106, 85, 343
25, 366, 255, 116, 98, 74, 49, 41, 13, 293, 294, 137, 103, 73, 58, 53, 60, 330, 215, 129, 109, 77, 58, 46
26, 548, 179, 85, 45, 47, 45, 49, 21, 486, 236, 86, 48, 46, 52, 49, 143, 503, 118, 70, 45, 41, 50, 54
9, 331, 381, 162, 60, 36, 19, 26, 3, 253, 296, 283, 85, 50, 26, 28, 46, 320, 263, 199, 98, 48, 23, 27
2, 151, 299, 304, 241, 27, 0, 0, 0, 87, 325, 320, 146, 146, 0, 0, 36, 187, 429, 358, 14, 0, 0, 0
0, 16, 19, 142, 751, 96, 0, 0, 0, 7, 20, 78, 399, 520, 0, 0, 10, 44, 586, 178, 174, 32, 0, 0
0, 0, 46, 740, 236, 2, 0, 0, 0, 0, 2, 223, 794, 5, 0, 0, 0, 93, 763, 135, 31, 2, 0, 0
0, 0, 437, 582, 4, 1, 0, 0, 0, 0, 0, 120, 896, 7, 1, 0, 0, 541, 478, 5, 0, 0, 0, 0
1, 228, 443, 340, 12, 0, 0, 0, 1, 144, 370, 247, 262, 0, 0, 0, 135, 628, 260, 1, 0, 0, 0, 0
0, 73, 313, 33, 31, 23, 30, 521, 0, 10, 319, 86, 30, 24, 32, 523, 43, 332, 39, 20, 17, 29, 22, 522
0, 0, 0, 0, 0, 0, 0, 1024, 0, 0, 0, 0, 0, 0, 0, 1024, 0, 0, 0, 0, 0, 0, 0, 1024
0, 1, 9, 28, 40, 59, 259, 628, 0, 1, 8, 23, 43, 54, 216, 679, 0, 1, 9, 25, 39, 47, 144, 759
0, 64, 86, 118, 158, 238, 243, 117, 0, 54, 81, 114, 140, 245, 233, 157, 6, 77, 64, 91, 125, 197, 223, 241
3, 279, 298, 185, 169, 78, 12, 0, 2, 275, 281, 180, 152, 109, 25, 0, 26, 310, 237, 139, 137, 135, 38, 2
5, 618, 216, 69, 62, 38, 16, 0, 4, 617, 206, 74, 56, 42, 22, 3, 188, 542, 101, 73, 56, 33, 24, 7
8, 178, 216, 147, 129, 153, 169, 24, 9, 171, 215, 137, 134, 142, 177, 39, 65, 202, 149, 131, 114, 120, 162, 81
10, 230, 269, 146, 107, 101, 127, 34, 15, 237, 254, 146, 108, 101, 113, 50, 44, 278, 187, 133, 110, 99, 91, 82
1, 596, 320, 45, 22, 17, 11, 12, 3, 757, 164, 40, 19, 20, 9, 12, 450, 441, 51, 30, 20, 9, 13, 10
0, 33, 85, 75, 179, 242, 195, 215, 1, 61, 79, 88, 202, 213, 196, 184, 47, 62, 48, 137, 190, 186, 182, 172
4, 6, 31, 90, 260, 324, 197, 112, 5, 11, 37, 109, 294, 287, 193, 88, 5, 11, 36, 108, 286, 308, 191, 79
0, 0, 14, 63, 143, 162, 132, 94, 0, 0, 16, 68, 147, 163, 124, 90, 0, 0, 9, 54, 122, 182, 143, 98
1, 148, 344, 164, 109, 78, 68, 112, 2, 120, 349, 176, 111, 82, 71, 113, 42, 303, 192, 137, 101, 65, 79, 105
4, 182, 399, 142, 89, 76, 60, 72, 2, 133, 402, 175, 98, 75, 63, 76, 59, 383, 186, 110, 95, 72, 58, 61
1, 155, 260, 143, 99, 83, 96, 187, 3, 109, 282, 145, 108, 82, 94, 201, 22, 230, 156, 134, 94, 86, 95, 207
5, 124, 219, 151, 119, 121, 146, 139, 3, 86, 224, 157, 109, 136, 125, 184, 4, 112, 170, 157, 121, 119, 126, 215
0, 211, 254, 82, 61, 73, 103, 240, 0, 138, 296, 93, 65, 74, 89, 269, 70, 301, 107, 68, 53, 60, 95, 270
6, 355, 452, 86, 39, 32, 25, 29, 1, 193, 493, 202, 43, 33, 22, 37, 38, 410, 341, 120, 34, 29, 25, 27
0, 119, 316, 171, 399, 19, 0, 0, 0, 38, 346, 224, 115, 301, 0, 0, 1, 110, 523, 387, 3, 0, 0, 0
0, 0, 0, 142, 753, 128, 1, 0, 0, 0, 0, 122, 288, 609, 5, 0, 0, 14, 524, 269, 188, 29, 0, 0
0, 0, 82, 813, 129, 0, 0, 0, 0, 0, 3, 327, 676, 18, 0, 0, 0, 216, 727, 81, 0, 0, 0, 0
0, 0, 301, 722, 1, 0, 0, 0, 0, 0, 0, 102, 913, 9, 0, 0, 1, 346, 677, 0, 0, 0, 0, 0
4, 181, 418, 320, 101, 0, 0, 0, 13, 192, 309, 269, 237, 4, 0, 0, 102, 580, 330, 12, 0, 0, 0, 0
0, 29, 324, 49, 24, 32, 57, 509, 0, 13, 302, 82, 27, 28, 53, 519, 19, 331, 42, 17, 29, 26, 40, 520
0, 0, 0, 0, 0, 0, 0, 1024, 0, 0, 0, 0, 0, 0, 0, 1024, 0, 0, 0, 0, 0, 0, 0, 1024
0, 0, 0, 0, 2, 5, 100, 917, 0, 0, 0, 0, 1, 5, 80, 938, 0, 0, 0, 0, 0, 2, 26, 996
0, 12, 79, 120, 157, 235, 246, 175, 0, 8, 79, 109, 146, 206, 265, 211, 0, 12, 65, 103, 124, 171, 263, 286
2, 233, 301, 200, 150, 98, 39, 1, 1, 213, 290, 204, 156, 103, 55, 2, 41, 259, 240, 165, 134, 121, 55, 9
2, 173, 232, 140, 158, 162, 146, 11, 0, 144, 245, 138, 152, 155, 163, 27, 50, 211, 143, 145, 128, 139, 144, 64
2, 110, 204, 196, 178, 167, 150, 17, 0, 104, 189, 196, 179, 168, 148, 40, 11, 140, 145, 190, 152, 165, 151, 70
5, 278, 367, 135, 93, 96, 39, 11, 7, 342, 298, 135, 92, 91, 47, 12, 115, 388, 157, 123, 95, 78, 56, 12
0, 130, 440, 114, 108, 101, 43, 88, 0, 231, 368, 101, 110, 91, 43, 80, 152, 394, 104, 94, 86, 74, 54, 66
1, 2, 33, 108, 205, 261, 247, 167, 1, 5, 34, 123, 223, 262, 244, 132, 1, 4, 39, 124, 238, 263, 223, 132
0, 1, 17, 64, 186, 310, 241, 205, 0, 2, 30, 81, 212, 300, 220, 179, 0, 2, 38, 75, 234, 289, 204, 182
0, 4, 49, 122, 143, 133, 84, 73, 0, 18, 81, 112, 139, 128, 75, 55, 0, 10, 68, 112, 157, 136, 52, 73
1, 28, 145, 143, 128, 115, 116, 348, 1, 23, 126, 153, 132, 120, 109, 360, 2, 44, 131, 130, 121, 114, 129, 353
1, 43, 239, 140, 108, 79, 74, 340, 1, 31, 231, 153, 107, 84, 71, 346, 2, 113, 182, 131, 93, 78, 87, 338
0, 19, 86, 65, 81, 63, 78, 632, 0, 6, 67, 83, 84, 63, 78, 643, 0, 35, 75, 62, 71, 63, 75, 643
0, 32, 144, 134, 102, 85, 125, 402, 0, 11, 118, 151, 109, 87, 90, 458, 0, 19, 111, 132, 105, 97, 86, 474
0, 106, 183, 122, 79, 71, 84, 379, 0, 68, 185, 122, 99, 72, 69, 409, 8, 158, 131, 104, 76, 62, 74, 411
4, 160, 493, 294, 37, 18, 9, 9, 0, 87, 342, 463, 88, 22, 13, 9, 7, 182, 264, 319, 212, 18, 13, 9
2, 124, 306, 285, 293, 14, 0, 0, 1, 45, 302, 338, 120, 218, 0, 0, 22, 210, 416, 341, 35, 0, 0, 0
0, 0, 50, 360, 557, 57, 0, 0, 0, 0, 28, 319, 309, 368, 0, 0, 1, 100, 617, 282, 24, 0, 0, 0
0, 0, 95, 925, 4, 0, 0, 0, 0, 0, 72, 565, 366, 21, 0, 0, 1, 335, 686, 2, 0, 0, 0, 0
0, 0, 286, 736, 2, 0, 0, 0, 0, 0, 0, 53, 966, 5, 0, 0, 0, 383, 641, 0, 0, 0, 0, 0
0, 128, 526, 288, 82, 0, 0, 0, 0, 252, 411, 143, 217, 1, 0, 0, 84, 662, 266, 12, 0, 0, 0, 0
0, 5, 347, 106, 50, 44, 106, 366, 0, 7, 324, 111, 63, 46, 79, 394, 5, 314, 71, 69, 56, 25, 50, 434
0, 0, 4, 32, 38, 47, 99, 804, 0, 0, 2, 21, 45, 38, 91, 827, 0, 0, 2, 19, 36, 32, 62, 873
0, 0, 0, 2, 8, 22, 252, 740, 0, 0, 0, 0, 10, 18, 163, 833, 0, 0, 0, 0, 5, 15, 74, 930
0, 10, 83, 66, 105, 177, 292, 291, 0, 8, 74, 65, 101, 159, 274, 343, 0, 15, 65, 46, 87, 135, 247, 429
0, 214, 467, 161, 70, 57, 46, 9, 0, 138, 509, 179, 78, 53, 52, 15, 3, 370, 304, 153, 74, 47, 42, 31
1, 8, 77, 107, 97, 168, 552, 14, 1, 4, 63, 110, 92, 150, 561, 43, 0, 5, 64, 102, 86, 112, 279, 376
0, 1, 18, 29, 41, 84, 827, 24, 0, 1, 15, 27, 40, 61, 808, 72, 0, 2, 15, 31, 30, 58, 199, 689
0, 41, 245, 139, 110, 116, 352, 21, 1, 42, 241, 137, 107, 114, 330, 52, 9, 161, 163, 110, 95, 97, 153, 236
0, 7, 114, 79, 145, 218, 293, 168, 0, 20, 118, 82, 158, 220, 296, 130, 8, 81, 66, 77, 149, 238, 292, 113
0, 2, 19, 58, 173, 224, 300, 248, 0, 8, 26, 82, 196, 234, 282, 196, 0, 7, 32, 83, 201, 233, 283, 185
2, 9, 19, 68, 114, 182, 269, 361, 3, 12, 32, 79, 121, 206, 270, 301, 3, 8, 28, 74, 124, 217, 283, 287
0, 2, 7, 21, 75, 184, 130, 189, 0, 2, 13, 31, 88, 185, 134, 155, 0, 2, 11, 29, 95, 178, 138, 155
0, 1, 1, 12, 26, 27, 55, 902, 0, 1, 0, 12, 27, 28, 55, 901, 0, 0, 3, 8, 23, 27, 42, 921
0, 0, 0, 22, 24, 34, 72, 872, 0, 0, 0, 20, 26, 35, 68, 875, 0, 0, 1, 14, 28, 32, 62, 887
1, 81, 305, 154, 91, 64, 53, 275, 0, 5, 225, 256, 119, 75, 54, 290, 13, 191, 220, 143, 71, 57, 45, 284
2, 207, 332, 125, 89, 64, 96, 109, 0, 36, 376, 202, 102, 70, 80, 158, 2, 231, 262, 132, 93, 64, 67, 173
1, 45, 274, 172, 98, 92, 151, 191, 0, 11, 220, 215, 109, 94, 110, 265, 1, 83, 216, 171, 95, 88, 94, 276
2, 356, 502, 104, 24, 9, 15, 12, 0, 146, 602, 192, 42, 12, 15, 15, 22, 504, 324, 98, 38, 13, 13, 12
11, 489, 478, 43, 3, 0, 0, 0, 0, 249, 648, 121, 5, 1, 0, 0, 142, 732, 141, 9, 0, 0, 0, 0
2, 287, 576, 128, 29, 2, 0, 0, 1, 189, 604, 188, 36, 6, 0, 0, 162, 642, 178, 33, 9, 0, 0, 0
0, 3, 407, 582, 29, 3, 0, 0, 0, 5, 413, 238, 358, 9, 1, 0, 2, 459, 555, 8, 0, 0, 0, 0
0, 0, 228, 794, 2, 0, 0, 0, 0, 0, 0, 142, 868, 14, 0, 0, 0, 392, 632, 0, 0, 0, 0, 0
1, 102, 544, 349, 21, 6, 1, 0, 0, 70, 541, 228, 177, 6, 2, 0, 85, 650, 264, 16, 5, 4, 0, 0
0, 134, 800, 75, 15, 0, 0, 0, 0, 61, 702, 236, 25, 0, 0, 0, 18, 792, 156, 52, 6, 0, 0, 0
0, 48, 493, 154, 123, 103, 95, 8, 0, 3, 467, 185, 132, 110, 99, 28, 0, 306, 215, 140, 113, 79, 108, 63
0, 8, 120, 133, 123, 144, 361, 135, 0, 4, 96, 143, 128, 137, 307, 209, 0, 17, 105, 117, 104, 100, 237, 344
0, 97, 245, 188, 162, 150, 127, 55, 0, 50, 259, 192, 162, 150, 137, 74, 3, 177, 153, 160, 152, 143, 139, 97
0, 234, 664, 74, 20, 18, 14, 0, 0, 80, 778, 109, 21, 20, 12, 4, 10, 695, 218, 49, 19, 14, 11, 8
0, 16, 39, 32, 50, 110, 774, 3, 0, 4, 43, 25, 49, 92, 783, 28, 0, 26, 25, 27, 37, 54, 260, 595
0, 0, 0, 0, 3, 14, 1007, 0, 0, 0, 0, 0, 2, 13, 983, 26, 0, 0, 0, 0, 1, 4, 69, 950
0, 0, 3, 30, 34, 150, 748, 59, 0, 0, 5, 30, 46, 152, 728, 63, 0, 0, 8, 24, 52, 139, 184, 617
0, 6, 28, 76, 157, 243, 265, 249, 0, 9, 49, 83, 167, 244, 263, 209, 0, 7, 46, 87, 173, 243, 279, 189
2, 6, 34, 79, 125, 240, 295, 243, 2, 13, 58, 75, 140, 259, 264, 213, 2, 14, 52, 66, 137, 262, 273, 218
2, 9, 31, 85, 189, 293, 216, 199, 4, 17, 40, 107, 235, 275, 183, 163, 3, 12, 40, 107, 216, 299, 183, 164
0, 3, 11, 19, 54, 134, 223, 164, 0, 4, 16, 17, 63, 166, 208, 134, 0, 1, 13, 25, 54, 132, 234, 149
0, 0, 0, 0, 0, 0, 0, 1024, 0, 0, 0, 0, 0, 0, 0, 1024, 0, 0, 0, 0, 0, 0, 0, 1024
0, 0, 0, 0, 0, 2, 36, 986, 0, 0, 0, 0, 0, 2, 36, 986, 0, 0, 0, 0, 0, 2, 20, 1002
1, 208, 438, 104, 44, 45, 37, 147, 0, 19, 423, 266, 76, 34, 46, 160, 51, 445, 200, 63, 41, 47, 36, 141
7, 348, 536, 62, 24, 26, 11, 10, 1, 89, 618, 216, 43, 25, 18, 14, 39, 601, 252, 60, 24, 27, 9, 12
15, 265, 324, 105, 67, 60, 86, 102, 7, 101, 418, 154, 84, 55, 80, 125, 15, 274, 264, 123, 86, 54, 60, 148
13, 514, 421, 46, 15, 9, 2, 4, 3, 214, 656, 110, 23, 8, 5, 5, 109, 685, 181, 24, 15, 4, 3, 3
29, 657, 308, 27, 3, 0, 0, 0, 12, 521, 423, 64, 4, 0, 0, 0, 347, 615, 60, 2, 0, 0, 0, 0
34, 552, 415, 23, 0, 0, 0, 0, 27, 587, 372, 38, 0, 0, 0, 0, 259, 707, 58, 0, 0, 0, 0, 0
0, 93, 515, 397, 15, 3, 1, 0, 0, 225, 377, 90, 327, 4, 1, 0, 49, 564, 400, 7, 3, 1, 0, 0
0, 0, 239, 784, 1, 0, 0, 0, 0, 0, 0, 32, 981, 11, 0, 0, 0, 390, 634, 0, 0, 0, 0, 0
1, 73, 607, 324, 18, 1, 0, 0, 1, 40, 496, 417, 68, 2, 0, 0, 87, 753, 160, 22, 2, 0, 0, 0
0, 237, 726, 59, 2, 0, 0, 0, 0, 192, 594, 233, 5, 0, 0, 0, 90, 798, 100, 34, 2, 0, 0, 0
0, 527, 483, 14, 0, 0, 0, 0, 0, 271, 724, 29, 0, 0, 0, 0, 87, 852, 82, 3, 0, 0, 0, 0
0, 162, 437, 119, 101, 155, 46, 4, 0, 89, 465, 145, 97, 157, 67, 4, 3, 314, 289, 107, 81, 149, 74, 7
0, 305, 525, 87, 58, 40, 9, 0, 0, 87, 698, 120, 59, 50, 9, 1, 8, 613, 212, 80, 56, 43, 11, 1
0, 383, 580, 34, 13, 5, 6, 3, 0, 110, 819, 65, 15, 4, 5, 6, 35, 839, 103, 25, 11, 2, 5, 4
0, 29, 105, 61, 39, 83, 703, 4, 0, 5, 108, 75, 28, 67, 719, 22, 2, 67, 65, 55, 27, 50, 126, 632
0, 0, 0, 0, 6, 30, 962, 26, 0, 0, 0, 0, 5, 24, 966, 29, 0, 0, 0, 0, 2, 15, 163, 844
4, 15, 33, 50, 99, 192, 430, 201, 9, 19, 34, 60, 115, 206, 401, 180, 6, 11, 35, 52, 99, 199, 268, 354
0, 4, 45, 84, 113, 230, 264, 284, 0, 12, 61, 86, 128, 243, 249, 245, 0, 20, 47, 81, 136, 262, 241, 237
1, 4, 20, 65, 146, 272, 316, 200, 4, 10, 25, 89, 154, 334, 244, 164, 3, 5, 31, 68, 195, 321, 218, 183
0, 1, 13, 114, 207, 286, 263, 140, 0, 4, 32, 138, 241, 299, 192, 118, 0, 7, 42, 122, 261, 305, 172, 115
0, 8, 32, 41, 107, 209, 133, 78, 1, 12, 35, 61, 134, 182, 116, 67, 2, 8, 31, 67, 148, 182, 106, 64
0, 0, 0, 0, 0, 0, 0, 1024, 0, 0, 0, 0, 0, 0, 0, 1024, 0, 0, 0, 0, 0, 0, 0, 1024
0, 0, 0, 2, 5, 7, 41, 969, 0, 0, 0, 2, 4, 8, 38, 972, 0, 0, 1, 4, 6, 8, 42, 963
5, 135, 490, 164, 67, 53, 40, 70, 1, 46, 376, 319, 97, 60, 39, 86, 24, 395, 309, 84, 50, 38, 52, 72
0, 182, 372, 115, 104, 103, 87, 61, 0, 27, 387, 205, 116, 98, 99, 92, 10, 279, 233, 117, 97, 88, 89, 111
33, 521, 353, 62, 19, 13, 14, 9, 8, 278, 553, 118, 26, 11, 17, 13, 79, 628, 215, 51, 16, 13, 15, 7
13, 671, 304, 14, 10, 2, 6, 4, 4, 324, 628, 44, 11, 3, 5, 5, 91, 797, 106, 17, 2, 4, 4, 3
27, 497, 387, 108, 5, 0, 0, 0, 13, 311, 556, 132, 11, 1, 0, 0, 180, 637, 172, 31, 4, 0, 0, 0
6, 333, 436, 198, 46, 5, 0, 0, 1, 153, 548, 255, 61, 6, 0, 0, 101, 655, 221, 38, 9, 0, 0, 0
0, 132, 577, 299, 13, 2, 1, 0, 0, 112, 564, 84, 259, 4, 1, 0, 68, 637, 313, 4, 2, 0, 0, 0
0, 3, 218, 803, 0, 0, 0, 0, 0, 0, 2, 52, 966, 4, 0, 0, 2, 334, 686, 2, 0, 0, 0, 0
8, 230, 528, 237, 20, 1, 0, 0, 3, 98, 401, 432, 88, 2, 0, 0, 245, 666, 110, 3, 0, 0, 0, 0
0, 131, 641, 131, 71, 49, 1, 0, 0, 90, 505, 290, 78, 57, 4, 0, 37, 676, 122, 79, 60, 45, 5, 0
0, 505, 326, 81, 56, 46, 10, 0, 0, 323, 495, 81, 59, 50, 16, 0, 0, 726, 121, 66, 53, 38, 20, 0
0, 553, 426, 38, 6, 1, 0, 0, 0, 352, 606, 54, 11, 1, 0, 0, 3, 836, 162, 21, 2, 0, 0, 0
0, 290, 402, 157, 120, 55, 0, 0, 0, 95, 539, 176, 128, 85, 1, 0, 5, 483, 222, 112, 117, 81, 4, 0
2, 175, 375, 245, 167, 48, 12, 0, 1, 107, 408, 243, 172, 71, 22, 0, 34, 332, 195, 217, 158, 68, 19, 1
0, 51, 261, 29, 35, 58, 581, 9, 0, 11, 280, 44, 33, 49, 585, 22, 13, 252, 57, 23, 22, 50, 170, 437
0, 4, 16, 28, 33, 66, 786, 91, 1, 6, 25, 26, 52, 54, 775, 85, 0, 5, 20, 28, 40, 61, 331, 539
0, 8, 22, 55, 130, 231, 250, 328, 2, 12, 27, 75, 148, 240, 243, 277, 2, 15, 26, 77, 166, 246, 248, 244
0, 1, 19, 79, 182, 240, 237, 266, 0, 4, 33, 93, 207, 224, 237, 226, 0, 5, 24, 79, 180, 234, 265, 237
0, 23, 86, 132, 286, 240, 151, 106, 2, 40, 97, 153, 282, 233, 125, 92, 2, 28, 82, 161, 262, 251, 152, 86
2, 11, 74, 104, 184, 284, 233, 132, 2, 23, 97, 100, 221, 278, 206, 97, 3, 22, 100, 104, 246, 256, 188, 105
2, 17, 57, 111, 128, 105, 76, 112, 6, 26, 58, 87, 150, 106, 78, 97, 4, 17, 73, 119, 123, 92, 86, 94
0, 0, 0, 0, 0, 0, 0, 1024, 0, 0, 0, 0, 0, 0, 0, 1024, 0, 0, 0, 0, 0, 0, 0, 1024
0, 0, 0, 0, 0, 0, 13, 1011, 0, 0, 0, 0, 0, 0, 12, 1012, 0, 0, 0, 0, 0, 0, 8, 1016
0, 24, 192, 121, 48, 51, 63, 525, 0, 2, 109, 188, 73, 49, 52, 551, 2, 141, 157, 51, 48, 47, 63, 515
6, 293, 509, 126, 33, 21, 18, 18, 0, 43, 573, 263, 72, 29, 16, 28, 20, 489, 316, 103, 34, 22, 19, 21
21, 333, 353, 120, 64, 48, 58, 27, 6, 117, 473, 191, 79, 58, 47, 53, 47, 379, 258, 139, 52, 49, 54, 46
25, 376, 418, 150, 39, 7, 6, 3, 9, 185, 491, 250, 65, 15, 6, 3, 47, 388, 363, 159, 49, 9, 7, 2
1, 161, 370, 271, 218, 3, 0, 0, 0, 38, 474, 237, 219, 56, 0, 0, 57, 250, 570, 145, 2, 0, 0, 0
1, 65, 414, 429, 112, 3, 0, 0, 1, 23, 416, 370, 195, 19, 0, 0, 51, 439, 417, 105, 12, 0, 0, 0
1, 135, 495, 318, 50, 23, 1, 1, 0, 65, 563, 119, 240, 30, 5, 2, 55, 561, 326, 49, 26, 6, 1, 0
0, 0, 272, 751, 1, 0, 0, 0, 0, 0, 2, 131, 891, 0, 0, 0, 4, 518, 502, 0, 0, 0, 0, 0
34, 323, 418, 211, 33, 5, 0, 0, 17, 211, 430, 271, 86, 9, 0, 0, 319, 559, 127, 16, 3, 0, 0, 0
0, 103, 227, 92, 85, 129, 188, 200, 0, 73, 228, 95, 83, 131, 172, 242, 68, 246, 64, 55, 69, 118, 132, 272
0, 3, 155, 169, 223, 176, 211, 87, 0, 1, 125, 164, 216, 187, 213, 118, 0, 33, 129, 157, 190, 172, 178, 165
0, 112, 479, 234, 121, 69, 9, 0, 0, 32, 499, 247, 152, 75, 19, 0, 1, 294, 305, 216, 121, 62, 25, 0
0, 66, 605, 241, 78, 31, 3, 0, 0, 5, 556, 329, 85, 42, 7, 0, 1, 277, 462, 178, 74, 28, 3, 1
0, 112, 379, 204, 92, 128, 108, 1, 0, 28, 387, 237, 109, 100, 158, 5, 4, 262, 274, 139, 97, 65, 145, 38
0, 2, 19, 9, 22, 84, 887, 1, 0, 0, 18, 10, 20, 40, 933, 3, 1, 17, 8, 7, 14, 25, 579, 373
0, 1, 17, 24, 91, 168, 591, 132, 0, 6, 16, 34, 117, 167, 576, 108, 0, 2, 16, 31, 121, 168, 308, 378
3, 5, 18, 62, 159, 220, 263, 294, 3, 9, 24, 85, 179, 216, 267, 241, 2, 7, 21, 79, 169, 224, 256, 266
3, 13, 53, 117, 175, 260, 244, 159, 4, 18, 73, 125, 194, 250, 242, 118, 3, 12, 55, 92, 196, 287, 241, 138
0, 6, 40, 139, 296, 256, 159, 128, 1, 12, 56, 222, 296, 216, 115, 106, 1, 9, 57, 233, 292, 203, 113, 116
1, 9, 108, 207, 241, 236, 129, 93, 1, 12, 82, 264, 248, 203, 132, 82, 5, 46, 148, 228, 224, 176, 126, 71
0, 73, 376, 126, 25, 8, 0, 0, 1, 8, 46, 425, 110, 15, 3, 0, 21, 329, 192, 49, 11, 6, 0, 0
0, 0, 0, 0, 0, 0, 0, 256, 0, 0, 0, 0, 0, 0, 0, 256, 0, 0, 0, 0, 0, 0, 0, 256
0, 0, 0, 0, 1, 3, 11, 241, 0, 0, 0, 0, 1, 3, 11, 241, 0, 0, 0, 0, 0, 3, 11, 242
0, 1, 20, 30, 12, 11, 11, 171, 0, 0, 7, 36, 19, 11, 8, 175, 1, 13, 29, 16, 11, 8, 10, 168
1, 32, 117, 38, 14, 10, 20, 24, 0, 6, 74, 100, 15, 12, 16, 33, 2, 85, 80, 21, 11, 10, 15, 32
3, 94, 129, 17, 11, 1, 1, 0, 0, 22, 162, 51, 14, 5, 2, 0, 6, 147, 75, 16, 10, 1, 1, 0
0, 41, 143, 66, 4, 2, 0, 0, 0, 9, 84, 136, 23, 4, 0, 0, 0, 21, 67, 126, 35, 5, 2, 0
0, 7, 84, 134, 30, 1, 0, 0, 0, 0, 56, 153, 45, 2, 0, 0, 4, 58, 110, 83, 1, 0, 0, 0
0, 44, 81, 108, 23, 0, 0, 0, 0, 11, 103, 104, 35, 3, 0, 0, 16, 115, 95, 27, 3, 0, 0, 0
0, 9, 107, 121, 11, 7, 1, 0, 0, 9, 95, 79, 64, 7, 1, 1, 7, 96, 118, 24, 7, 3, 1, 0
0, 1, 99, 156, 0, 0, 0, 0, 0, 0, 2, 84, 170, 0, 0, 0, 7, 146, 103, 0, 0, 0, 0, 0
0, 39, 133, 74, 7, 3, 0, 0, 0, 35, 116, 87, 14, 4, 0, 0, 67, 130, 52, 4, 3, 0, 0, 0
0, 12, 60, 33, 28, 25, 31, 67, 0, 5, 61, 34, 24, 29, 31, 72, 7, 65, 18, 18, 23, 30, 24, 71
0, 0, 0, 0, 2, 60, 106, 88, 0, 0, 0, 0, 1, 44, 114, 97, 0, 0, 0, 0, 1, 14, 115, 126
0, 46, 122, 32, 24, 29, 3, 0, 0, 3, 156, 36, 26, 29, 6, 0, 0, 108, 56, 32, 24, 22, 14, 0
0, 13, 83, 48, 51, 43, 14, 4, 0, 2, 79, 50, 53, 44, 22, 6, 0, 51, 53, 42, 50, 37, 18, 5
0, 5, 67, 66, 54, 44, 20, 0, 0, 3, 49, 74, 52, 42, 34, 2, 0, 22, 56, 60, 49, 28, 39, 2
0, 0, 0, 0, 1, 6, 249, 0, 0, 0, 0, 0, 0, 3, 253, 0, 0, 0, 0, 0, 0, 1, 212, 43
0, 0, 1, 2, 19, 68, 142, 24, 0, 0, 1, 2, 23, 76, 131, 23, 0, 0, 1, 3, 20, 71, 111, 50
0, 0, 1, 21, 52, 82, 64, 36, 0, 0, 4, 26, 60, 81, 51, 34, 0, 0, 4, 23, 54, 81, 62, 32
2, 3, 33, 50, 43, 47, 54, 24, 2, 4, 41, 49, 46, 43, 53, 18, 2, 4, 35, 47, 48, 43, 51, 26
0, 2, 10, 40, 63, 57, 50, 34, 0, 5, 22, 40, 66, 55, 43, 25, 0, 4, 20, 46, 66, 54, 46, 20
0, 13, 59, 64, 53, 45, 14, 8, 0, 1, 16, 108, 78, 37, 10, 6, 4, 51, 45, 55, 56, 31, 7, 7
0, 37, 98, 17, 0, 0, 0, 0, 0, 0, 14, 114, 23, 1, 0, 0, 24, 106, 21, 1, 0, 0, 0, 0
