0, 0, 0, 0, 0, 0, 0, 1024, 0, 0, 0, 0, 0, 0, 0, 1024, 0, 0, 0, 0, 0, 0, 0, 1024
0, 0, 0, 0, 0, 0, 0, 1024, 0, 0, 0, 0, 0, 0, 0, 1024, 0, 0, 0, 0, 0, 0, 0, 1024
0, 0, 0, 0, 0, 0, 0, 1024, 0, 0, 0, 0, 0, 0, 0, 1024, 0, 0, 0, 0, 0, 0, 0, 1024
0, 0, 0, 0, 0, 3, 5, 1016, 0, 0, 0, 0, 0, 2, 6, 1016, 0, 0, 0, 0, 0, 0, 2, 1022
0, 0, 0, 478, 328, 50, 50, 118, 0, 0, 0, 0, 394, 447, 42, 141, 0, 0, 0, 0, 0, 0, 709, 315
0, 190, 50, 784, 0, 0, 0, 0, 0, 0, 103, 119, 802, 0, 0, 0, 5, 156, 29, 19, 24, 154, 637, 0
275, 749, 0, 0, 0, 0, 0, 0, 0, 2, 1017, 5, 0, 0, 0, 0, 509, 515, 0, 0, 0, 0, 0, 0
590, 426, 8, 0, 0, 0, 0, 0, 1, 470, 518, 35, 0, 0, 0, 0, 667, 357, 0, 0, 0, 0, 0, 0
512, 500, 12, 0, 0, 0, 0, 0, 1, 365, 594, 63, 1, 0, 0, 0, 572, 450, 2, 0, 0, 0, 0, 0
817, 207, 0, 0, 0, 0, 0, 0, 31, 794, 199, 0, 0, 0, 0, 0, 793, 231, 0, 0, 0, 0, 0, 0
530, 475, 16, 3, 0, 0, 0, 0, 90, 537, 385, 10, 2, 0, 0, 0, 750, 270, 4, 0, 0, 0, 0, 0
165, 762, 72, 22, 3, 0, 0, 0, 0, 67, 833, 98, 23, 3, 0, 0, 816, 174, 27, 7, 0, 0, 0, 0
548, 475, 1, 0, 0, 0, 0, 0, 23, 314, 673, 14, 0, 0, 0, 0, 847, 177, 0, 0, 0, 0, 0, 0
911, 57, 11, 9, 7, 25, 4, 0, 798, 155, 29, 9, 13, 20, 0, 0, 909, 68, 10, 15, 21, 1, 0, 0
370, 135, 83, 69, 116, 176, 75, 0, 327, 174, 95, 98, 138, 174, 18, 0, 466, 158, 114, 162, 122, 2, 0, 0
63, 71, 55, 50, 59, 87, 31, 0, 59, 72, 62, 52, 74, 89, 8, 0, 132, 70, 67, 103, 42, 2, 0, 0
0, 0, 0, 0, 0, 0, 0, 1024, 0, 0, 0, 0, 0, 0, 0, 1024, 0, 0, 0, 0, 0, 0, 0, 1024
0, 0, 0, 0, 0, 0, 0, 1024, 0, 0, 0, 0, 0, 0, 0, 1024, 0, 0, 0, 0, 0, 0, 0, 1024
0, 0, 0, 0, 0, 0, 0, 1024, 0, 0, 0, 0, 0, 0, 0, 1024, 0, 0, 0, 0, 0, 0, 0, 1024
0, 0, 0, 0, 0, 0, 0, 1024, 0, 0, 0, 0, 0, 0, 0, 1024, 0, 0, 0, 0, 0, 0, 0, 1024
0, 0, 0, 185, 240, 97, 108, 394, 0, 0, 0, 0, 197, 281, 128, 418, 0, 0, 0, 0, 0, 0, 358, 666
26, 206, 33, 754, 5, 0, 0, 0, 0, 0, 166, 87, 771, 0, 0, 0, 10, 186, 35, 21, 12, 108, 652, 0
139, 884, 1, 0, 0, 0, 0, 0, 0, 3, 977, 44, 0, 0, 0, 0, 555, 469, 0, 0, 0, 0, 0, 0
869, 151, 4, 0, 0, 0, 0, 0, 138, 665, 217, 4, 0, 0, 0, 0, 804, 216, 4, 0, 0, 0, 0, 0
305, 710, 9, 0, 0, 0, 0, 0, 3, 181, 781, 59, 0, 0, 0, 0, 691, 333, 0, 0, 0, 0, 0, 0
526, 454, 40, 4, 0, 0, 0, 0, 44, 466, 466, 47, 1, 0, 0, 0, 706, 308, 10, 0, 0, 0, 0, 0
294, 630, 96, 4, 0, 0, 0, 0, 17, 348, 551, 105, 3, 0, 0, 0, 759, 257, 8, 0, 0, 0, 0, 0
259, 739, 24, 2, 0, 0, 0, 0, 0, 63, 879, 79, 3, 0, 0, 0, 899, 122, 3, 0, 0, 0, 0, 0
369, 626, 26, 3, 0, 0, 0, 0, 88, 171, 595, 167, 3, 0, 0, 0, 813, 208, 3, 0, 0, 0, 0, 0
957, 48, 16, 3, 0, 0, 0, 0, 927, 76, 15, 6, 0, 0, 0, 0, 933, 73, 17, 1, 0, 0, 0, 0
580, 293, 70, 15, 19, 24, 23, 0, 567, 271, 101, 20, 20, 34, 11, 0, 656, 270, 28, 25, 39, 6, 0, 0
339, 17, 7, 7, 12, 28, 6, 0, 340, 18, 7, 5, 15, 27, 4, 0, 337, 26, 7, 17, 29, 0, 0, 0
0, 0, 0, 0, 0, 0, 0, 1024, 0, 0, 0, 0, 0, 0, 0, 1024, 0, 0, 0, 0, 0, 0, 0, 1024
0, 0, 0, 0, 0, 0, 0, 1024, 0, 0, 0, 0, 0, 0, 0, 1024, 0, 0, 0, 0, 0, 0, 0, 1024
0, 0, 0, 0, 0, 0, 0, 1024, 0, 0, 0, 0, 0, 0, 0, 1024, 0, 0, 0, 0, 0, 0, 0, 1024
0, 0, 0, 0, 0, 0, 0, 1024, 0, 0, 0, 0, 0, 0, 0, 1024, 0, 0, 0, 0, 0, 0, 0, 1024
0, 0, 0, 24, 283, 198, 79, 440, 0, 0, 0, 0, 31, 414, 115, 464, 0, 0, 0, 0, 0, 0, 95, 929
1, 244, 47, 628, 104, 0, 0, 0, 0, 0, 84, 199, 656, 85, 0, 0, 23, 194, 27, 27, 17, 55, 679, 2
50, 964, 10, 0, 0, 0, 0, 0, 0, 0, 727, 297, 0, 0, 0, 0, 379, 645, 0, 0, 0, 0, 0, 0
864, 132, 23, 5, 0, 0, 0, 0, 90, 742, 177, 15, 0, 0, 0, 0, 788, 210, 25, 1, 0, 0, 0, 0
715, 284, 25, 0, 0, 0, 0, 0, 39, 615, 341, 29, 0, 0, 0, 0, 788, 236, 0, 0, 0, 0, 0, 0
542, 346, 122, 14, 0, 0, 0, 0, 169, 420, 240, 188, 7, 0, 0, 0, 700, 265, 46, 9, 4, 0, 0, 0
32, 604, 388, 0, 0, 0, 0, 0, 0, 4, 502, 517, 1, 0, 0, 0, 878, 144, 2, 0, 0, 0, 0, 0
361, 575, 53, 19, 13, 3, 0, 0, 72, 263, 589, 73, 19, 8, 0, 0, 788, 199, 25, 10, 2, 0, 0, 0
296, 682, 46, 0, 0, 0, 0, 0, 47, 89, 672, 214, 2, 0, 0, 0, 848, 176, 0, 0, 0, 0, 0, 0
686, 248, 52, 20, 8, 5, 5, 0, 458, 433, 95, 19, 9, 6, 4, 0, 795, 194, 18, 8, 6, 3, 0, 0
675, 90, 42, 46, 46, 56, 69, 0, 639, 128, 39, 54, 65, 70, 29, 0, 691, 131, 62, 63, 61, 16, 0, 0
416, 0, 0, 0, 0, 0, 0, 0, 390, 26, 0, 0, 0, 0, 0, 0, 388, 28, 0, 0, 0, 0, 0, 0
0, 0, 0, 0, 0, 0, 0, 1024, 0, 0, 0, 0, 0, 0, 0, 1024, 0, 0, 0, 0, 0, 0, 0, 1024
0, 0, 0, 0, 0, 0, 0, 1024, 0, 0, 0, 0, 0, 0, 0, 1024, 0, 0, 0, 0, 0, 0, 0, 1024
0, 0, 0, 0, 0, 0, 0, 1024, 0, 0, 0, 0, 0, 0, 0, 1024, 0, 0, 0, 0, 0, 0, 0, 1024
0, 0, 0, 0, 0, 0, 0, 1024, 0, 0, 0, 0, 0, 0, 0, 1024, 0, 0, 0, 0, 0, 0, 0, 1024
0, 0, 0, 0, 282, 177, 64, 501, 0, 0, 0, 0, 0, 430, 84, 510, 0, 0, 0, 0, 0, 0, 39, 985
1, 348, 136, 168, 369, 2, 0, 0, 0, 0, 131, 344, 212, 337, 0, 0, 19, 186, 53, 98, 103, 46, 363, 156
84, 902, 38, 0, 0, 0, 0, 0, 0, 13, 615, 396, 0, 0, 0, 0, 327, 688, 9, 0, 0, 0, 0, 0
869, 155, 0, 0, 0, 0, 0, 0, 24, 790, 210, 0, 0, 0, 0, 0, 755, 269, 0, 0, 0, 0, 0, 0
630, 359, 35, 0, 0, 0, 0, 0, 44, 584, 341, 55, 0, 0, 0, 0, 707, 317, 0, 0, 0, 0, 0, 0
403, 420, 193, 8, 0, 0, 0, 0, 69, 341, 323, 285, 5, 1, 0, 0, 604, 384, 29, 6, 1, 0, 0, 0
42, 533, 428, 16, 4, 1, 0, 0, 0, 65, 485, 462, 9, 3, 0, 0, 809, 201, 11, 3, 0, 0, 0, 0
223, 668, 92, 22, 14, 5, 0, 0, 43, 198, 635, 118, 23, 7, 0, 0, 737, 249, 27, 9, 2, 0, 0, 0
116, 810, 49, 12, 7, 10, 20, 0, 1, 38, 666, 279, 11, 22, 7, 0, 696, 279, 13, 8, 26, 2, 0, 0
339, 454, 138, 69, 19, 3, 2, 0, 144, 479, 276, 107, 15, 3, 0, 0, 653, 328, 32, 8, 1, 2, 0, 0
925, 69, 26, 4, 0, 0, 0, 0, 877, 107, 33, 6, 1, 0, 0, 0, 873, 145, 6, 0, 0, 0, 0, 0
413, 2, 1, 0, 0, 0, 0, 0, 410, 5, 1, 0, 0, 0, 0, 0, 409, 7, 0, 0, 0, 0, 0, 0
0, 0, 0, 0, 0, 0, 0, 1024, 0, 0, 0, 0, 0, 0, 0, 1024, 0, 0, 0, 0, 0, 0, 0, 1024
0, 0, 0, 0, 0, 0, 0, 1024, 0, 0, 0, 0, 0, 0, 0, 1024, 0, 0, 0, 0, 0, 0, 0, 1024
0, 0, 0, 0, 0, 0, 0, 1024, 0, 0, 0, 0, 0, 0, 0, 1024, 0, 0, 0, 0, 0, 0, 0, 1024
0, 0, 0, 0, 0, 0, 0, 1024, 0, 0, 0, 0, 0, 0, 0, 1024, 0, 0, 0, 0, 0, 0, 0, 1024
0, 0, 0, 0, 76, 107, 33, 808, 0, 0, 0, 0, 0, 147, 62, 815, 0, 0, 0, 0, 0, 0, 17, 1007
6, 382, 217, 34, 340, 45, 0, 0, 0, 0, 153, 443, 38, 363, 27, 0, 0, 177, 62, 110, 236, 35, 116, 288
224, 710, 90, 0, 0, 0, 0, 0, 50, 114, 300, 560, 0, 0, 0, 0, 250, 773, 1, 0, 0, 0, 0, 0
614, 379, 24, 7, 0, 0, 0, 0, 83, 549, 377, 15, 0, 0, 0, 0, 551, 455, 18, 0, 0, 0, 0, 0
727, 293, 4, 0, 0, 0, 0, 0, 109, 653, 257, 5, 0, 0, 0, 0, 701, 323, 0, 0, 0, 0, 0, 0
230, 471, 295, 24, 4, 0, 0, 0, 6, 238, 431, 334, 14, 1, 0, 0, 572, 428, 24, 0, 0, 0, 0, 0
23, 518, 461, 15, 6, 1, 0, 0, 0, 36, 390, 584, 12, 2, 0, 0, 795, 211, 12, 6, 0, 0, 0, 0
195, 724, 98, 6, 1, 0, 0, 0, 49, 213, 554, 203, 4, 1, 0, 0, 761, 253, 8, 2, 0, 0, 0, 0
75, 593, 131, 57, 44, 54, 64, 6, 0, 37, 514, 307, 78, 59, 29, 0, 632, 211, 55, 59, 50, 17, 0, 0
69, 133, 122, 137, 135, 173, 241, 14, 81, 164, 167, 146, 187, 247, 32, 0, 212, 198, 160, 197, 209, 48, 0, 0
920, 81, 15, 7, 1, 0, 0, 0, 890, 121, 10, 3, 0, 0, 0, 0, 912, 109, 3, 0, 0, 0, 0, 0
389, 27, 0, 0, 0, 0, 0, 0, 396, 20, 0, 0, 0, 0, 0, 0, 381, 35, 0, 0, 0, 0, 0, 0
0, 0, 0, 0, 0, 0, 0, 1024, 0, 0, 0, 0, 0, 0, 0, 1024, 0, 0, 0, 0, 0, 0, 0, 1024
0, 0, 0, 0, 0, 0, 0, 1024, 0, 0, 0, 0, 0, 0, 0, 1024, 0, 0, 0, 0, 0, 0, 0, 1024
0, 0, 0, 0, 0, 0, 0, 1024, 0, 0, 0, 0, 0, 0, 0, 1024, 0, 0, 0, 0, 0, 0, 0, 1024
0, 0, 0, 0, 0, 0, 0, 1024, 0, 0, 0, 0, 0, 0, 0, 1024, 0, 0, 0, 0, 0, 0, 0, 1024
0, 0, 0, 0, 0, 2, 7, 1015, 0, 0, 0, 0, 0, 1, 8, 1015, 0, 0, 0, 0, 0, 0, 3, 1021
0, 316, 251, 36, 56, 238, 40, 87, 0, 0, 57, 501, 44, 95, 234, 93, 0, 116, 56, 83, 294, 48, 47, 380
196, 547, 281, 0, 0, 0, 0, 0, 38, 127, 311, 548, 0, 0, 0, 0, 192, 830, 2, 0, 0, 0, 0, 0
755, 250, 7, 12, 0, 0, 0, 0, 83, 624, 300, 17, 0, 0, 0, 0, 611, 394, 10, 9, 0, 0, 0, 0
504, 298, 97, 73, 30, 18, 4, 0, 89, 517, 204, 123, 59, 24, 8, 0, 298, 467, 76, 83, 48, 32, 20, 0
225, 336, 364, 87, 12, 0, 0, 0, 35, 217, 318, 394, 53, 7, 0, 0, 457, 489, 54, 10, 7, 3, 4, 0
12, 638, 360, 14, 0, 0, 0, 0, 0, 9, 288, 710, 16, 1, 0, 0, 787, 231, 6, 0, 0, 0, 0, 0
149, 784, 89, 2, 0, 0, 0, 0, 16, 101, 547, 359, 1, 0, 0, 0, 890, 130, 2, 2, 0, 0, 0, 0
44, 526, 166, 38, 56, 71, 105, 18, 1, 40, 379, 364, 82, 115, 43, 0, 551, 220, 60, 74, 98, 20, 1, 0
598, 248, 52, 31, 27, 39, 29, 0, 422, 348, 136, 31, 32, 39, 16, 0, 595, 299, 45, 41, 33, 11, 0, 0
862, 148, 14, 0, 0, 0, 0, 0, 746, 199, 78, 1, 0, 0, 0, 0, 780, 226, 18, 0, 0, 0, 0, 0
318, 92, 6, 0, 0, 0, 0, 0, 228, 124, 63, 1, 0, 0, 0, 0, 267, 134, 15, 0, 0, 0, 0, 0
0, 0, 0, 0, 0, 0, 0, 1024, 0, 0, 0, 0, 0, 0, 0, 1024, 0, 0, 0, 0, 0, 0, 0, 1024
0, 0, 0, 0, 0, 0, 0, 1024, 0, 0, 0, 0, 0, 0, 0, 1024, 0, 0, 0, 0, 0, 0, 0, 1024
0, 0, 0, 0, 0, 0, 0, 1024, 0, 0, 0, 0, 0, 0, 0, 1024, 0, 0, 0, 0, 0, 0, 0, 1024
0, 0, 0, 0, 0, 0, 0, 1024, 0, 0, 0, 0, 0, 0, 0, 1024, 0, 0, 0, 0, 0, 0, 0, 1024
0, 0, 0, 0, 0, 0, 0, 1024, 0, 0, 0, 0, 0, 0, 0, 1024, 0, 0, 0, 0, 0, 0, 0, 1024
0, 292, 165, 23, 21, 62, 121, 340, 0, 0, 56, 392, 34, 24, 145, 373, 0, 32, 68, 94, 250, 35, 27, 518
248, 503, 273, 0, 0, 0, 0, 0, 47, 178, 296, 503, 0, 0, 0, 0, 215, 805, 4, 0, 0, 0, 0, 0
714, 251, 11, 9, 4, 7, 17, 11, 91, 688, 190, 14, 6, 6, 20, 9, 385, 546, 28, 15, 11, 4, 7, 28
106, 25, 35, 186, 239, 206, 154, 73, 14, 101, 35, 36, 223, 345, 251, 19, 0, 94, 30, 33, 44, 54, 580, 189
11, 320, 479, 192, 22, 0, 0, 0, 0, 17, 165, 621, 207, 14, 0, 0, 372, 344, 58, 44, 33, 77, 96, 0
26, 494, 467, 34, 3, 0, 0, 0, 1, 29, 200, 754, 37, 3, 0, 0, 773, 243, 5, 3, 0, 0, 0, 0
79, 868, 75, 2, 0, 0, 0, 0, 1, 55, 512, 452, 4, 0, 0, 0, 893, 129, 2, 0, 0, 0, 0, 0
62, 442, 213, 47, 45, 49, 123, 43, 2, 79, 382, 306, 56, 93, 106, 0, 478, 250, 62, 54, 116, 64, 0, 0
622, 191, 58, 20, 34, 50, 43, 6, 458, 290, 121, 37, 45, 54, 19, 0, 575, 268, 74, 60, 42, 5, 0, 0
875, 140, 9, 0, 0, 0, 0, 0, 668, 309, 46, 1, 0, 0, 0, 0, 733, 278, 13, 0, 0, 0, 0, 0
409, 7, 0, 0, 0, 0, 0, 0, 400, 16, 0, 0, 0, 0, 0, 0, 392, 24, 0, 0, 0, 0, 0, 0
0, 0, 0, 0, 0, 0, 0, 1024, 0, 0, 0, 0, 0, 0, 0, 1024, 0, 0, 0, 0, 0, 0, 0, 1024
0, 0, 0, 0, 0, 0, 0, 1024, 0, 0, 0, 0, 0, 0, 0, 1024, 0, 0, 0, 0, 0, 0, 0, 1024
0, 0, 0, 0, 0, 0, 0, 1024, 0, 0, 0, 0, 0, 0, 0, 1024, 0, 0, 0, 0, 0, 0, 0, 1024
0, 0, 0, 0, 0, 0, 2, 1022, 0, 0, 0, 0, 0, 0, 2, 1022, 0, 0, 0, 0, 0, 0, 2, 1022
0, 0, 0, 0, 0, 0, 0, 1024, 0, 0, 0, 0, 0, 0, 0, 1024, 0, 0, 0, 0, 0, 0, 0, 1024
11, 220, 168, 60, 16, 19, 85, 445, 0, 3, 103, 325, 32, 13, 67, 481, 1, 86, 273, 79, 23, 14, 25, 523
124, 531, 357, 12, 0, 0, 0, 0, 0, 45, 438, 518, 23, 0, 0, 0, 142, 852, 30, 0, 0, 0, 0, 0
203, 165, 19, 18, 24, 21, 54, 520, 11, 243, 128, 18, 26, 24, 70, 504, 105, 244, 23, 21, 20, 24, 36, 551
0, 0, 0, 2, 100, 282, 265, 375, 0, 0, 0, 0, 5, 363, 459, 197, 0, 0, 0, 0, 0, 3, 392, 629
15, 152, 407, 258, 190, 2, 0, 0, 0, 4, 94, 472, 355, 99, 0, 0, 215, 275, 77, 47, 34, 143, 233, 0
16, 599, 347, 47, 14, 1, 0, 0, 0, 32, 211, 739, 35, 7, 0, 0, 798, 183, 36, 7, 0, 0, 0, 0
160, 765, 97, 2, 0, 0, 0, 0, 0, 197, 564, 259, 4, 0, 0, 0, 783, 238, 3, 0, 0, 0, 0, 0
212, 437, 188, 57, 40, 46, 38, 6, 91, 225, 406, 170, 58, 48, 26, 0, 482, 360, 69, 50, 40, 23, 0, 0
577, 315, 91, 9, 12, 8, 11, 1, 367, 374, 208, 44, 10, 14, 7, 0, 530, 389, 70, 14, 13, 8, 0, 0
946, 68, 9, 1, 0, 0, 0, 0, 850, 154, 17, 3, 0, 0, 0, 0, 859, 158, 7, 0, 0, 0, 0, 0
388, 19, 5, 4, 0, 0, 0, 0, 379, 27, 6, 4, 0, 0, 0, 0, 362, 49, 5, 0, 0, 0, 0, 0
0, 0, 0, 0, 0, 0, 0, 1024, 0, 0, 0, 0, 0, 0, 0, 1024, 0, 0, 0, 0, 0, 0, 0, 1024
0, 0, 0, 0, 0, 0, 0, 1024, 0, 0, 0, 0, 0, 0, 0, 1024, 0, 0, 0, 0, 0, 0, 0, 1024
0, 0, 0, 0, 0, 0, 0, 1024, 0, 0, 0, 0, 0, 0, 0, 1024, 0, 0, 0, 0, 0, 0, 0, 1024
0, 0, 0, 0, 0, 0, 0, 1024, 0, 0, 0, 0, 0, 0, 0, 1024, 0, 0, 0, 0, 0, 0, 0, 1024
0, 0, 0, 0, 0, 0, 0, 1024, 0, 0, 0, 0, 0, 0, 0, 1024, 0, 0, 0, 0, 0, 0, 0, 1024
0, 4, 244, 548, 21, 17, 26, 164, 0, 0, 4, 567, 239, 19, 23, 172, 0, 5, 436, 347, 26, 16, 20, 174
65, 564, 287, 89, 7, 1, 4, 7, 0, 53, 482, 382, 94, 3, 5, 5, 91, 748, 137, 28, 5, 3, 3, 9
4, 30, 18, 5, 6, 19, 22, 920, 0, 18, 31, 8, 6, 18, 37, 906, 3, 26, 18, 10, 3, 17, 19, 928
0, 0, 0, 0, 1, 154, 311, 558, 0, 0, 0, 0, 0, 144, 596, 284, 0, 0, 0, 0, 0, 0, 200, 824
2, 100, 406, 107, 283, 126, 0, 0, 0, 4, 67, 406, 244, 303, 0, 0, 182, 248, 60, 19, 26, 117, 372, 0
48, 629, 338, 7, 2, 0, 0, 0, 0, 32, 245, 732, 13, 2, 0, 0, 840, 176, 7, 1, 0, 0, 0, 0
149, 671, 136, 23, 15, 9, 19, 2, 7, 104, 551, 310, 19, 12, 20, 1, 730, 226, 27, 13, 22, 6, 0, 0
536, 351, 80, 6, 9, 3, 22, 17, 351, 411, 169, 48, 3, 15, 27, 0, 752, 211, 17, 4, 14, 26, 0, 0
352, 231, 83, 49, 60, 86, 151, 12, 271, 273, 121, 59, 83, 162, 55, 0, 387, 261, 81, 100, 166, 29, 0, 0
928, 85, 11, 0, 0, 0, 0, 0, 818, 169, 35, 2, 0, 0, 0, 0, 828, 169, 26, 1, 0, 0, 0, 0
412, 4, 0, 0, 0, 0, 0, 0, 386, 30, 0, 0, 0, 0, 0, 0, 352, 64, 0, 0, 0, 0, 0, 0
0, 0, 0, 0, 0, 0, 0, 1024, 0, 0, 0, 0, 0, 0, 0, 1024, 0, 0, 0, 0, 0, 0, 0, 1024
0, 0, 0, 0, 0, 0, 0, 1024, 0, 0, 0, 0, 0, 0, 0, 1024, 0, 0, 0, 0, 0, 0, 0, 1024
0, 0, 0, 0, 0, 0, 0, 1024, 0, 0, 0, 0, 0, 0, 0, 1024, 0, 0, 0, 0, 0, 0, 0, 1024
0, 0, 0, 0, 0, 0, 0, 1024, 0, 0, 0, 0, 0, 0, 0, 1024, 0, 0, 0, 0, 0, 0, 0, 1024
0, 0, 0, 0, 0, 0, 29, 995, 0, 0, 0, 0, 0, 0, 13, 1011, 0, 0, 0, 0, 0, 0, 11, 1013
0, 0, 242, 738, 26, 8, 9, 1, 0, 0, 0, 543, 458, 10, 6, 7, 0, 0, 396, 585, 21, 10, 6, 6
58, 454, 406, 71, 24, 6, 4, 1, 0, 105, 417, 426, 67, 6, 3, 0, 65, 669, 235, 37, 6, 5, 6, 1
0, 4, 3, 4, 2, 8, 7, 996, 0, 4, 3, 4, 2, 8, 28, 975, 0, 3, 4, 3, 2, 7, 7, 998
0, 0, 0, 38, 146, 165, 270, 405, 0, 0, 0, 0, 83, 251, 447, 243, 0, 0, 0, 0, 0, 17, 335, 672
75, 242, 275, 306, 109, 17, 0, 0, 7, 93, 138, 333, 407, 46, 0, 0, 157, 216, 34, 24, 63, 348, 182, 0
26, 545, 441, 11, 1, 0, 0, 0, 0, 19, 253, 741, 10, 1, 0, 0, 793, 224, 7, 0, 0, 0, 0, 0
287, 635, 97, 4, 1, 0, 0, 0, 61, 237, 553, 167, 4, 2, 0, 0, 742, 269, 11, 2, 0, 0, 0, 0
538, 420, 54, 10, 2, 0, 0, 0, 284, 477, 240, 20, 3, 0, 0, 0, 655, 338, 28, 3, 0, 0, 0, 0
444, 197, 82, 80, 60, 77, 74, 10, 275, 349, 104, 91, 81, 94, 30, 0, 497, 230, 101, 89, 70, 36, 1, 0
779, 217, 27, 1, 0, 0, 0, 0, 533, 349, 132, 9, 1, 0, 0, 0, 647, 344, 30, 3, 0, 0, 0, 0
381, 33, 2, 0, 0, 0, 0, 0, 329, 68, 19, 0, 0, 0, 0, 0, 366, 48, 2, 0, 0, 0, 0, 0
0, 0, 0, 0, 0, 0, 0, 1024, 0, 0, 0, 0, 0, 0, 0, 1024, 0, 0, 0, 0, 0, 0, 0, 1024
0, 0, 0, 0, 0, 0, 0, 1024, 0, 0, 0, 0, 0, 0, 0, 1024, 0, 0, 0, 0, 0, 0, 0, 1024
0, 0, 0, 0, 0, 0, 0, 1024, 0, 0, 0, 0, 0, 0, 0, 1024, 0, 0, 0, 0, 0, 0, 0, 1024
0, 0, 0, 0, 0, 0, 0, 1024, 0, 0, 0, 0, 0, 0, 0, 1024, 0, 0, 0, 0, 0, 0, 0, 1024
0, 0, 0, 0, 0, 10, 51, 963, 0, 0, 0, 0, 0, 7, 10, 1007, 0, 0, 0, 0, 0, 6, 8, 1010
3, 30, 683, 271, 23, 5, 9, 0, 0, 2, 21, 663, 314, 12, 8, 4, 0, 74, 700, 207, 28, 5, 7, 3
309, 456, 236, 23, 0, 0, 0, 0, 4, 318, 453, 239, 10, 0, 0, 0, 123, 799, 102, 0, 0, 0, 0, 0
6, 91, 24, 6, 6, 11, 21, 859, 1, 80, 38, 8, 5, 11, 153, 728, 6, 87, 26, 7, 5, 12, 14, 867
0, 0, 0, 0, 51, 249, 271, 453, 0, 0, 0, 0, 13, 282, 397, 332, 0, 0, 0, 0, 0, 0, 358, 666
23, 432, 408, 90, 71, 0, 0, 0, 0, 0, 60, 764, 177, 23, 0, 0, 88, 230, 52, 26, 80, 439, 109, 0
23, 723, 257, 21, 0, 0, 0, 0, 0, 18, 524, 470, 12, 0, 0, 0, 640, 367, 17, 0, 0, 0, 0, 0
324, 490, 115, 30, 16, 28, 21, 0, 203, 231, 352, 169, 27, 34, 8, 0, 683, 256, 31, 35, 19, 0, 0, 0
530, 335, 96, 16, 11, 11, 25, 0, 351, 344, 250, 32, 13, 22, 12, 0, 582, 318, 75, 13, 20, 16, 0, 0
723, 264, 32, 5, 0, 0, 0, 0, 553, 365, 93, 12, 1, 0, 0, 0, 719, 294, 11, 0, 0, 0, 0, 0
732, 216, 61, 15, 0, 0, 0, 0, 699, 241, 84, 0, 0, 0, 0, 0, 770, 227, 27, 0, 0, 0, 0, 0
360, 56, 0, 0, 0, 0, 0, 0, 236, 164, 16, 0, 0, 0, 0, 0, 383, 32, 1, 0, 0, 0, 0, 0
0, 0, 0, 0, 0, 0, 0, 1024, 0, 0, 0, 0, 0, 0, 0, 1024, 0, 0, 0, 0, 0, 0, 0, 1024
0, 0, 0, 0, 0, 0, 0, 1024, 0, 0, 0, 0, 0, 0, 0, 1024, 0, 0, 0, 0, 0, 0, 0, 1024
0, 0, 0, 0, 0, 0, 0, 1024, 0, 0, 0, 0, 0, 0, 0, 1024, 0, 0, 0, 0, 0, 0, 0, 1024
0, 0, 0, 0, 0, 0, 0, 1024, 0, 0, 0, 0, 0, 0, 0, 1024, 0, 0, 0, 0, 0, 0, 0, 1024
0, 0, 0, 0, 0, 0, 159, 865, 0, 0, 0, 0, 0, 0, 24, 1000, 0, 0, 0, 0, 0, 0, 0, 1024
0, 62, 631, 187, 22, 30, 92, 0, 0, 0, 0, 673, 215, 25, 90, 21, 0, 206, 534, 124, 30, 16, 44, 70
174, 566, 283, 1, 0, 0, 0, 0, 0, 100, 314, 601, 9, 0, 0, 0, 79, 864, 81, 0, 0, 0, 0, 0
115, 139, 36, 17, 14, 12, 18, 673, 14, 214, 63, 19, 12, 13, 352, 337, 85, 177, 29, 18, 12, 11, 19, 673
0, 0, 0, 14, 128, 217, 340, 325, 0, 0, 0, 0, 55, 305, 656, 8, 0, 0, 0, 0, 0, 3, 444, 577
288, 439, 214, 74, 9, 0, 0, 0, 0, 0, 136, 744, 142, 2, 0, 0, 163, 149, 26, 31, 164, 429, 62, 0
78, 818, 121, 6, 1, 0, 0, 0, 4, 60, 628, 325, 7, 0, 0, 0, 773, 241, 8, 2, 0, 0, 0, 0
421, 424, 94, 17, 17, 25, 26, 0, 301, 185, 345, 122, 28, 31, 12, 0, 686, 251, 28, 35, 24, 0, 0, 0
658, 197, 61, 38, 25, 27, 15, 3, 500, 347, 68, 49, 32, 22, 6, 0, 692, 222, 50, 37, 17, 6, 0, 0
719, 279, 26, 0, 0, 0, 0, 0, 447, 417, 155, 5, 0, 0, 0, 0, 690, 304, 30, 0, 0, 0, 0, 0
917, 100, 7, 0, 0, 0, 0, 0, 608, 372, 42, 2, 0, 0, 0, 0, 856, 167, 1, 0, 0, 0, 0, 0
403, 13, 0, 0, 0, 0, 0, 0, 81, 315, 20, 0, 0, 0, 0, 0, 387, 29, 0, 0, 0, 0, 0, 0
0, 0, 0, 0, 0, 0, 0, 1024, 0, 0, 0, 0, 0, 0, 0, 1024, 0, 0, 0, 0, 0, 0, 0, 1024
0, 0, 0, 0, 0, 0, 0, 1024, 0, 0, 0, 0, 0, 0, 0, 1024, 0, 0, 0, 0, 0, 0, 0, 1024
0, 0, 0, 0, 0, 0, 0, 1024, 0, 0, 0, 0, 0, 0, 0, 1024, 0, 0, 0, 0, 0, 0, 0, 1024
0, 0, 0, 0, 0, 0, 0, 1024, 0, 0, 0, 0, 0, 0, 0, 1024, 0, 0, 0, 0, 0, 0, 0, 1024
0, 0, 0, 0, 0, 0, 250, 774, 0, 0, 0, 0, 0, 0, 126, 898, 0, 0, 0, 0, 0, 0, 0, 1024
0, 151, 470, 86, 24, 220, 73, 0, 0, 0, 10, 590, 111, 41, 272, 0, 0, 307, 328, 64, 13, 31, 106, 175
209, 531, 284, 0, 0, 0, 0, 0, 0, 46, 368, 607, 3, 0, 0, 0, 131, 848, 45, 0, 0, 0, 0, 0
333, 240, 29, 13, 12, 15, 42, 340, 23, 273, 306, 12, 14, 14, 268, 114, 264, 311, 28, 10, 12, 11, 24, 364
0, 0, 8, 160, 177, 252, 350, 77, 0, 0, 0, 2, 225, 370, 427, 0, 0, 0, 0, 0, 0, 60, 599, 365
350, 390, 250, 28, 6, 0, 0, 0, 0, 24, 343, 590, 67, 0, 0, 0, 156, 159, 54, 33, 220, 395, 7, 0
101, 691, 209, 20, 3, 0, 0, 0, 21, 131, 559, 299, 13, 1, 0, 0, 697, 301, 22, 4, 0, 0, 0, 0
135, 556, 277, 29, 18, 8, 1, 0, 57, 96, 623, 217, 22, 7, 2, 0, 739, 251, 17, 12, 5, 0, 0, 0
717, 223, 62, 15, 1, 3, 3, 0, 523, 355, 112, 23, 7, 3, 1, 0, 764, 211, 38, 6, 4, 1, 0, 0
607, 257, 77, 19, 14, 18, 30, 2, 375, 404, 148, 39, 19, 31, 8, 0, 668, 240, 56, 20, 27, 13, 0, 0
931, 77, 16, 0, 0, 0, 0, 0, 639, 343, 39, 3, 0, 0, 0, 0, 927, 94, 3, 0, 0, 0, 0, 0
363, 21, 22, 10, 0, 0, 0, 0, 350, 66, 0, 0, 0, 0, 0, 0, 381, 35, 0, 0, 0, 0, 0, 0
0, 0, 0, 0, 0, 0, 0, 1024, 0, 0, 0, 0, 0, 0, 0, 1024, 0, 0, 0, 0, 0, 0, 0, 1024
0, 0, 0, 0, 0, 0, 0, 1024, 0, 0, 0, 0, 0, 0, 0, 1024, 0, 0, 0, 0, 0, 0, 0, 1024
0, 0, 0, 0, 0, 0, 0, 1024, 0, 0, 0, 0, 0, 0, 0, 1024, 0, 0, 0, 0, 0, 0, 0, 1024
0, 0, 0, 0, 0, 0, 0, 1024, 0, 0, 0, 0, 0, 0, 0, 1024, 0, 0, 0, 0, 0, 0, 0, 1024
0, 0, 0, 2, 23, 46, 409, 544, 0, 0, 0, 0, 7, 32, 339, 646, 0, 0, 0, 0, 0, 0, 52, 972
5, 464, 156, 159, 107, 69, 64, 0, 0, 0, 61, 557, 171, 132, 103, 0, 5, 491, 111, 29, 23, 96, 199, 70
213, 493, 318, 0, 0, 0, 0, 0, 0, 64, 380, 580, 0, 0, 0, 0, 200, 814, 10, 0, 0, 0, 0, 0
667, 155, 26, 5, 18, 15, 126, 12, 96, 654, 86, 16, 14, 20, 138, 0, 591, 228, 17, 14, 10, 22, 66, 76
0, 1, 107, 198, 183, 171, 361, 3, 0, 0, 0, 54, 330, 264, 376, 0, 0, 0, 0, 0, 0, 222, 574, 228
390, 466, 152, 16, 0, 0, 0, 0, 4, 35, 392, 568, 25, 0, 0, 0, 176, 158, 37, 62, 235, 354, 2, 0
128, 747, 114, 24, 9, 2, 0, 0, 17, 171, 692, 117, 24, 3, 0, 0, 794, 194, 28, 7, 1, 0, 0, 0
112, 684, 196, 31, 1, 0, 0, 0, 0, 135, 738, 147, 4, 0, 0, 0, 769, 246, 9, 0, 0, 0, 0, 0
556, 300, 35, 13, 14, 18, 81, 7, 354, 356, 164, 37, 19, 60, 34, 0, 743, 150, 18, 18, 66, 29, 0, 0
495, 156, 63, 33, 42, 99, 122, 14, 571, 131, 30, 42, 96, 139, 15, 0, 586, 135, 51, 100, 125, 27, 0, 0
859, 164, 1, 0, 0, 0, 0, 0, 421, 540, 54, 9, 0, 0, 0, 0, 940, 84, 0, 0, 0, 0, 0, 0
341, 72, 3, 0, 0, 0, 0, 0, 210, 163, 41, 2, 0, 0, 0, 0, 391, 24, 1, 0, 0, 0, 0, 0
0, 0, 0, 0, 0, 0, 0, 1024, 0, 0, 0, 0, 0, 0, 0, 1024, 0, 0, 0, 0, 0, 0, 0, 1024
0, 0, 0, 0, 0, 0, 0, 1024, 0, 0, 0, 0, 0, 0, 0, 1024, 0, 0, 0, 0, 0, 0, 0, 1024
0, 0, 0, 0, 0, 0, 0, 1024, 0, 0, 0, 0, 0, 0, 0, 1024, 0, 0, 0, 0, 0, 0, 0, 1024
0, 0, 0, 0, 0, 0, 0, 1024, 0, 0, 0, 0, 0, 0, 0, 1024, 0, 0, 0, 0, 0, 0, 0, 1024
0, 0, 0, 141, 135, 163, 157, 428, 0, 0, 0, 0, 189, 203, 157, 475, 0, 0, 0, 0, 0, 73, 343, 608
12, 584, 125, 303, 0, 0, 0, 0, 0, 0, 354, 359, 311, 0, 0, 0, 39, 590, 58, 27, 37, 200, 73, 0
219, 607, 196, 2, 0, 0, 0, 0, 0, 103, 536, 384, 1, 0, 0, 0, 410, 607, 7, 0, 0, 0, 0, 0
616, 237, 14, 23, 10, 29, 95, 0, 21, 804, 41, 24, 10, 30, 94, 0, 689, 166, 12, 22, 9, 25, 65, 36
92, 297, 167, 116, 73, 90, 189, 0, 0, 42, 290, 214, 158, 137, 183, 0, 1, 66, 232, 154, 95, 138, 309, 29
422, 584, 14, 4, 0, 0, 0, 0, 44, 358, 516, 103, 3, 0, 0, 0, 382, 296, 175, 109, 54, 8, 0, 0
139, 817, 60, 5, 3, 0, 0, 0, 21, 207, 762, 30, 4, 0, 0, 0, 837, 177, 7, 3, 0, 0, 0, 0
141, 667, 198, 17, 1, 0, 0, 0, 3, 205, 683, 124, 8, 1, 0, 0, 737, 268, 17, 2, 0, 0, 0, 0
627, 305, 40, 14, 12, 19, 7, 0, 250, 526, 187, 24, 13, 24, 0, 0, 785, 191, 21, 25, 2, 0, 0, 0
592, 312, 47, 32, 26, 15, 0, 0, 168, 576, 231, 39, 7, 3, 0, 0, 875, 135, 4, 4, 5, 1, 0, 0
774, 242, 8, 0, 0, 0, 0, 0, 158, 652, 209, 5, 0, 0, 0, 0, 850, 170, 4, 0, 0, 0, 0, 0
349, 67, 0, 0, 0, 0, 0, 0, 166, 204, 45, 1, 0, 0, 0, 0, 366, 50, 0, 0, 0, 0, 0, 0
0, 0, 0, 0, 0, 0, 245, 779, 0, 0, 0, 0, 0, 0, 0, 1024, 0, 0, 0, 0, 0, 0, 0, 1024
0, 0, 0, 0, 0, 0, 0, 1024, 0, 0, 0, 0, 0, 0, 0, 1024, 0, 0, 0, 0, 0, 0, 0, 1024
0, 0, 0, 0, 0, 0, 0, 1024, 0, 0, 0, 0, 0, 0, 0, 1024, 0, 0, 0, 0, 0, 0, 0, 1024
0, 0, 0, 0, 0, 0, 0, 1024, 0, 0, 0, 0, 0, 0, 0, 1024, 0, 0, 0, 0, 0, 0, 0, 1024
0, 0, 23, 231, 159, 208, 178, 225, 0, 0, 0, 21, 241, 264, 269, 229, 0, 0, 0, 1, 9, 253, 407, 354
26, 775, 182, 41, 0, 0, 0, 0, 0, 1, 421, 551, 51, 0, 0, 0, 87, 703, 70, 27, 49, 88, 0, 0
79, 870, 75, 0, 0, 0, 0, 0, 0, 25, 923, 76, 0, 0, 0, 0, 475, 549, 0, 0, 0, 0, 0, 0
723, 205, 16, 19, 28, 18, 15, 0, 34, 687, 221, 12, 32, 22, 16, 0, 781, 133, 18, 12, 10, 22, 48, 0
1, 243, 387, 300, 65, 22, 6, 0, 0, 0, 2, 449, 521, 46, 6, 0, 0, 0, 0, 3, 35, 611, 375, 0
259, 745, 20, 0, 0, 0, 0, 0, 30, 369, 431, 194, 0, 0, 0, 0, 539, 155, 91, 70, 90, 79, 0, 0
98, 764, 120, 21, 7, 6, 8, 0, 5, 148, 779, 72, 17, 3, 0, 0, 889, 123, 12, 0, 0, 0, 0, 0
112, 496, 192, 54, 43, 54, 73, 0, 4, 166, 577, 152, 113, 12, 0, 0, 803, 214, 7, 0, 0, 0, 0, 0
626, 367, 25, 3, 3, 0, 0, 0, 80, 644, 282, 16, 2, 0, 0, 0, 886, 131, 7, 0, 0, 0, 0, 0
822, 194, 7, 1, 0, 0, 0, 0, 194, 689, 137, 4, 0, 0, 0, 0, 947, 73, 4, 0, 0, 0, 0, 0
976, 48, 0, 0, 0, 0, 0, 0, 342, 639, 43, 0, 0, 0, 0, 0, 982, 42, 0, 0, 0, 0, 0, 0
416, 0, 0, 0, 0, 0, 0, 0, 332, 84, 0, 0, 0, 0, 0, 0, 412, 4, 0, 0, 0, 0, 0, 0
0, 0, 0, 0, 0, 0, 400, 624, 0, 0, 0, 0, 0, 0, 0, 1024, 0, 0, 0, 0, 0, 0, 0, 1024
0, 0, 0, 0, 0, 0, 0, 1024, 0, 0, 0, 0, 0, 0, 0, 1024, 0, 0, 0, 0, 0, 0, 0, 1024
0, 0, 0, 0, 0, 0, 0, 1024, 0, 0, 0, 0, 0, 0, 0, 1024, 0, 0, 0, 0, 0, 0, 0, 1024
0, 0, 0, 0, 0, 0, 0, 1024, 0, 0, 0, 0, 0, 0, 0, 1024, 0, 0, 0, 0, 0, 0, 0, 1024
55, 76, 36, 205, 353, 162, 37, 100, 19, 54, 59, 40, 219, 444, 81, 108, 10, 97, 36, 26, 37, 227, 465, 126
168, 850, 6, 0, 0, 0, 0, 0, 7, 135, 863, 19, 0, 0, 0, 0, 215, 802, 7, 0, 0, 0, 0, 0
321, 423, 280, 0, 0, 0, 0, 0, 0, 248, 765, 11, 0, 0, 0, 0, 497, 526, 1, 0, 0, 0, 0, 0
900, 124, 0, 0, 0, 0, 0, 0, 100, 782, 142, 0, 0, 0, 0, 0, 957, 66, 1, 0, 0, 0, 0, 0
104, 89, 269, 189, 164, 172, 37, 0, 47, 89, 14, 309, 309, 243, 13, 0, 85, 46, 11, 13, 13, 519, 334, 3
51, 826, 146, 1, 0, 0, 0, 0, 0, 115, 637, 272, 0, 0, 0, 0, 522, 196, 35, 26, 108, 137, 0, 0
85, 834, 49, 11, 11, 21, 13, 0, 0, 141, 812, 36, 35, 0, 0, 0, 909, 114, 1, 0, 0, 0, 0, 0
166, 471, 109, 56, 69, 128, 25, 0, 0, 239, 514, 164, 107, 0, 0, 0, 865, 153, 6, 0, 0, 0, 0, 0
631, 323, 34, 26, 9, 1, 0, 0, 104, 593, 284, 35, 8, 0, 0, 0, 945, 78, 1, 0, 0, 0, 0, 0
872, 133, 16, 3, 0, 0, 0, 0, 165, 730, 117, 11, 1, 0, 0, 0, 953, 62, 8, 1, 0, 0, 0, 0
984, 15, 7, 6, 12, 0, 0, 0, 466, 533, 11, 7, 7, 0, 0, 0, 1008, 16, 0, 0, 0, 0, 0, 0
416, 0, 0, 0, 0, 0, 0, 0, 241, 175, 0, 0, 0, 0, 0, 0, 404, 12, 0, 0, 0, 0, 0, 0
0, 0, 0, 0, 0, 0, 62, 962, 0, 0, 0, 0, 0, 0, 0, 1024, 0, 0, 0, 0, 0, 0, 0, 1024
0, 0, 0, 0, 0, 0, 0, 1024, 0, 0, 0, 0, 0, 0, 0, 1024, 0, 0, 0, 0, 0, 0, 0, 1024
0, 0, 0, 0, 0, 0, 0, 1024, 0, 0, 0, 0, 0, 0, 0, 1024, 0, 0, 0, 0, 0, 0, 0, 1024
0, 0, 0, 0, 0, 0, 0, 1024, 0, 0, 0, 0, 0, 0, 0, 1024, 0, 0, 0, 0, 0, 0, 0, 1024
63, 327, 148, 78, 47, 94, 57, 210, 16, 65, 318, 151, 81, 71, 111, 211, 30, 402, 88, 27, 27, 72, 159, 219
355, 669, 0, 0, 0, 0, 0, 0, 20, 692, 312, 0, 0, 0, 0, 0, 375, 649, 0, 0, 0, 0, 0, 0
291, 577, 156, 0, 0, 0, 0, 0, 0, 352, 662, 10, 0, 0, 0, 0, 495, 525, 4, 0, 0, 0, 0, 0
864, 154, 4, 2, 0, 0, 0, 0, 65, 893, 62, 3, 1, 0, 0, 0, 931, 88, 3, 2, 0, 0, 0, 0
589, 219, 28, 48, 58, 80, 2, 0, 158, 615, 55, 31, 81, 83, 1, 0, 555, 243, 20, 12, 9, 111, 74, 0
287, 585, 132, 20, 0, 0, 0, 0, 28, 489, 409, 93, 5, 0, 0, 0, 558, 393, 35, 7, 18, 13, 0, 0
266, 736, 22, 0, 0, 0, 0, 0, 0, 361, 654, 9, 0, 0, 0, 0, 890, 134, 0, 0, 0, 0, 0, 0
319, 475, 87, 40, 31, 59, 13, 0, 8, 494, 381, 96, 45, 0, 0, 0, 863, 154, 7, 0, 0, 0, 0, 0
498, 282, 82, 64, 47, 51, 0, 0, 77, 620, 216, 77, 34, 0, 0, 0, 918, 103, 3, 0, 0, 0, 0, 0
806, 212, 6, 0, 0, 0, 0, 0, 86, 724, 206, 8, 0, 0, 0, 0, 857, 163, 4, 0, 0, 0, 0, 0
1002, 17, 5, 0, 0, 0, 0, 0, 681, 339, 4, 0, 0, 0, 0, 0, 985, 37, 2, 0, 0, 0, 0, 0
403, 13, 0, 0, 0, 0, 0, 0, 371, 45, 0, 0, 0, 0, 0, 0, 393, 23, 0, 0, 0, 0, 0, 0
0, 0, 0, 0, 0, 0, 0, 1024, 0, 0, 0, 0, 0, 0, 0, 1024, 0, 0, 0, 0, 0, 0, 0, 1024
0, 0, 0, 0, 0, 0, 0, 1024, 0, 0, 0, 0, 0, 0, 0, 1024, 0, 0, 0, 0, 0, 0, 0, 1024
0, 0, 0, 0, 0, 0, 0, 1024, 0, 0, 0, 0, 0, 0, 0, 1024, 0, 0, 0, 0, 0, 0, 0, 1024
0, 56, 47, 13, 10, 7, 11, 880, 0, 9, 90, 17, 10, 7, 11, 880, 0, 51, 51, 13, 9, 8, 8, 884
6, 860, 119, 6, 5, 4, 6, 18, 0, 36, 909, 46, 5, 4, 6, 18, 52, 877, 56, 6, 5, 4, 6, 18
469, 555, 0, 0, 0, 0, 0, 0, 28, 852, 144, 0, 0, 0, 0, 0, 621, 403, 0, 0, 0, 0, 0, 0
756, 268, 0, 0, 0, 0, 0, 0, 39, 868, 117, 0, 0, 0, 0, 0, 852, 172, 0, 0, 0, 0, 0, 0
724, 286, 14, 0, 0, 0, 0, 0, 54, 870, 98, 2, 0, 0, 0, 0, 804, 217, 3, 0, 0, 0, 0, 0
729, 292, 2, 1, 0, 0, 0, 0, 201, 792, 29, 2, 0, 0, 0, 0, 756, 265, 2, 1, 0, 0, 0, 0
581, 433, 10, 0, 0, 0, 0, 0, 152, 638, 231, 3, 0, 0, 0, 0, 730, 293, 1, 0, 0, 0, 0, 0
266, 752, 6, 0, 0, 0, 0, 0, 0, 529, 492, 3, 0, 0, 0, 0, 917, 107, 0, 0, 0, 0, 0, 0
310, 492, 77, 37, 52, 46, 10, 0, 27, 557, 314, 80, 46, 0, 0, 0, 845, 179, 0, 0, 0, 0, 0, 0
640, 214, 42, 54, 36, 37, 1, 0, 222, 582, 144, 53, 23, 0, 0, 0, 878, 142, 4, 0, 0, 0, 0, 0
919, 81, 22, 2, 0, 0, 0, 0, 262, 697, 50, 15, 0, 0, 0, 0, 893, 130, 1, 0, 0, 0, 0, 0
1019, 5, 0, 0, 0, 0, 0, 0, 701, 322, 1, 0, 0, 0, 0, 0, 992, 32, 0, 0, 0, 0, 0, 0
411, 5, 0, 0, 0, 0, 0, 0, 375, 41, 0, 0, 0, 0, 0, 0, 409, 7, 0, 0, 0, 0, 0, 0
0, 0, 0, 0, 0, 0, 0, 1024, 0, 0, 0, 0, 0, 0, 0, 1024, 0, 0, 0, 0, 0, 0, 0, 1024
0, 0, 0, 0, 0, 0, 0, 1024, 0, 0, 0, 0, 0, 0, 0, 1024, 0, 0, 0, 0, 0, 0, 0, 1024
0, 0, 0, 0, 0, 0, 0, 1024, 0, 0, 0, 0, 0, 0, 0, 1024, 0, 0, 0, 0, 0, 0, 0, 1024
44, 460, 98, 17, 11, 10, 15, 369, 0, 270, 320, 28, 12, 10, 15, 369, 31, 457, 107, 22, 11, 10, 13, 373
293, 730, 1, 0, 0, 0, 0, 0, 0, 788, 236, 0, 0, 0, 0, 0, 331, 693, 0, 0, 0, 0, 0, 0
651, 373, 0, 0, 0, 0, 0, 0, 21, 969, 34, 0, 0, 0, 0, 0, 751, 273, 0, 0, 0, 0, 0, 0
863, 158, 3, 0, 0, 0, 0, 0, 52, 964, 6, 2, 0, 0, 0, 0, 884, 138, 2, 0, 0, 0, 0, 0
1017, 7, 0, 0, 0, 0, 0, 0, 97, 927, 0, 0, 0, 0, 0, 0, 989, 35, 0, 0, 0, 0, 0, 0
920, 104, 0, 0, 0, 0, 0, 0, 248, 776, 0, 0, 0, 0, 0, 0, 852, 172, 0, 0, 0, 0, 0, 0
677, 341, 6, 0, 0, 0, 0, 0, 294, 650, 79, 1, 0, 0, 0, 0, 893, 130, 1, 0, 0, 0, 0, 0
511, 497, 12, 4, 0, 0, 0, 0, 62, 738, 216, 7, 1, 0, 0, 0, 857, 157, 9, 1, 0, 0, 0, 0
405, 265, 99, 79, 88, 87, 1, 0, 88, 573, 170, 131, 62, 0, 0, 0, 870, 150, 4, 0, 0, 0, 0, 0
802, 167, 29, 19, 7, 0, 0, 0, 271, 669, 63, 20, 1, 0, 0, 0, 927, 95, 2, 0, 0, 0, 0, 0
843, 91, 63, 25, 2, 0, 0, 0, 448, 452, 85, 37, 2, 0, 0, 0, 908, 116, 0, 0, 0, 0, 0, 0
1023, 1, 0, 0, 0, 0, 0, 0, 905, 119, 0, 0, 0, 0, 0, 0, 1009, 15, 0, 0, 0, 0, 0, 0
416, 0, 0, 0, 0, 0, 0, 0, 416, 0, 0, 0, 0, 0, 0, 0, 415, 1, 0, 0, 0, 0, 0, 0
0, 0, 0, 0, 0, 270, 496, 258, 0, 0, 0, 0, 0, 0, 707, 317, 0, 0, 0, 0, 0, 0, 0, 1024
0, 0, 0, 0, 0, 0, 270, 754, 0, 0, 0, 0, 0, 0, 64, 960, 0, 0, 0, 0, 0, 0, 0, 1024
5, 62, 19, 10, 7, 6, 6, 909, 0, 42, 43, 11, 5, 8, 6, 909, 0, 46, 36, 12, 6, 6, 8, 910
474, 489, 28, 7, 4, 2, 2, 18, 20, 846, 125, 6, 5, 2, 2, 18, 271, 676, 44, 5, 4, 4, 2, 18
892, 132, 0, 0, 0, 0, 0, 0, 20, 1001, 3, 0, 0, 0, 0, 0, 627, 397, 0, 0, 0, 0, 0, 0
982, 42, 0, 0, 0, 0, 0, 0, 96, 928, 0, 0, 0, 0, 0, 0, 883, 141, 0, 0, 0, 0, 0, 0
951, 73, 0, 0, 0, 0, 0, 0, 121, 901, 2, 0, 0, 0, 0, 0, 928, 96, 0, 0, 0, 0, 0, 0
1012, 12, 0, 0, 0, 0, 0, 0, 358, 666, 0, 0, 0, 0, 0, 0, 962, 62, 0, 0, 0, 0, 0, 0
998, 25, 1, 0, 0, 0, 0, 0, 623, 399, 2, 0, 0, 0, 0, 0, 944, 79, 1, 0, 0, 0, 0, 0
828, 193, 3, 0, 0, 0, 0, 0, 303, 680, 41, 0, 0, 0, 0, 0, 908, 115, 1, 0, 0, 0, 0, 0
886, 137, 1, 0, 0, 0, 0, 0, 15, 980, 28, 1, 0, 0, 0, 0, 929, 95, 0, 0, 0, 0, 0, 0
841, 157, 15, 5, 6, 0, 0, 0, 459, 531, 25, 6, 3, 0, 0, 0, 879, 141, 4, 0, 0, 0, 0, 0
889, 122, 11, 2, 0, 0, 0, 0, 293, 689, 36, 6, 0, 0, 0, 0, 861, 157, 6, 0, 0, 0, 0, 0
971, 53, 0, 0, 0, 0, 0, 0, 363, 613, 48, 0, 0, 0, 0, 0, 887, 137, 0, 0, 0, 0, 0, 0
993, 24, 5, 2, 0, 0, 0, 0, 883, 132, 7, 2, 0, 0, 0, 0, 994, 26, 4, 0, 0, 0, 0, 0
388, 25, 3, 0, 0, 0, 0, 0, 388, 28, 0, 0, 0, 0, 0, 0, 400, 16, 0, 0, 0, 0, 0, 0
0, 0, 0, 0, 0, 494, 217, 185, 0, 0, 0, 0, 0, 0, 679, 217, 0, 0, 0, 0, 0, 0, 0, 896
0, 0, 0, 0, 0, 0, 196, 700, 0, 0, 0, 0, 0, 0, 170, 726, 0, 0, 0, 0, 0, 0, 0, 896
143, 191, 31, 12, 9, 8, 12, 490, 0, 290, 71, 12, 11, 9, 11, 492, 5, 287, 61, 18, 10, 8, 10, 497
848, 48, 0, 0, 0, 0, 0, 0, 263, 633, 0, 0, 0, 0, 0, 0, 576, 320, 0, 0, 0, 0, 0, 0
895, 1, 0, 0, 0, 0, 0, 0, 234, 662, 0, 0, 0, 0, 0, 0, 799, 97, 0, 0, 0, 0, 0, 0
895, 1, 0, 0, 0, 0, 0, 0, 289, 607, 0, 0, 0, 0, 0, 0, 870, 26, 0, 0, 0, 0, 0, 0
807, 89, 0, 0, 0, 0, 0, 0, 300, 594, 2, 0, 0, 0, 0, 0, 762, 134, 0, 0, 0, 0, 0, 0
896, 0, 0, 0, 0, 0, 0, 0, 692, 204, 0, 0, 0, 0, 0, 0, 886, 10, 0, 0, 0, 0, 0, 0
884, 12, 0, 0, 0, 0, 0, 0, 835, 61, 0, 0, 0, 0, 0, 0, 741, 155, 0, 0, 0, 0, 0, 0
816, 65, 10, 4, 1, 0, 0, 0, 296, 576, 14, 8, 2, 0, 0, 0, 831, 54, 9, 2, 0, 0, 0, 0
808, 87, 1, 0, 0, 0, 0, 0, 112, 770, 13, 1, 0, 0, 0, 0, 810, 85, 1, 0, 0, 0, 0, 0
851, 45, 0, 0, 0, 0, 0, 0, 730, 166, 0, 0, 0, 0, 0, 0, 790, 106, 0, 0, 0, 0, 0, 0
805, 89, 2, 0, 0, 0, 0, 0, 332, 559, 5, 0, 0, 0, 0, 0, 708, 188, 0, 0, 0, 0, 0, 0
870, 26, 0, 0, 0, 0, 0, 0, 581, 313, 2, 0, 0, 0, 0, 0, 795, 101, 0, 0, 0, 0, 0, 0
896, 0, 0, 0, 0, 0, 0, 0, 896, 0, 0, 0, 0, 0, 0, 0, 890, 6, 0, 0, 0, 0, 0, 0
364, 0, 0, 0, 0, 0, 0, 0, 364, 0, 0, 0, 0, 0, 0, 0, 364, 0, 0, 0, 0, 0, 0, 0
