65, 70, 77, 69, 587, 156, 0, 0, 24, 98, 69, 71, 27, 252, 483, 0, 92, 52, 93, 46, 7, 6, 1, 727
60, 38, 120, 139, 307, 354, 6, 0, 45, 43, 52, 127, 119, 73, 552, 13, 77, 25, 82, 70, 90, 70, 56, 554
55, 85, 217, 331, 160, 157, 19, 0, 31, 78, 130, 318, 193, 103, 127, 44, 106, 161, 205, 120, 113, 94, 76, 149
78, 158, 332, 397, 39, 17, 3, 0, 44, 138, 271, 440, 103, 14, 11, 3, 174, 394, 337, 62, 17, 20, 8, 12
179, 208, 189, 153, 207, 86, 2, 0, 125, 233, 178, 229, 240, 19, 0, 0, 310, 234, 182, 270, 28, 0, 0, 0
122, 276, 281, 217, 121, 7, 0, 0, 90, 268, 268, 214, 76, 95, 13, 0, 177, 302, 253, 78, 47, 50, 78, 39
73, 420, 371, 141, 19, 0, 0, 0, 46, 403, 340, 164, 56, 15, 0, 0, 301, 327, 211, 73, 51, 29, 30, 2
125, 85, 118, 88, 27, 5, 0, 0, 93, 119, 120, 89, 27, 0, 0, 0, 154, 111, 115, 65, 3, 0, 0, 0
36, 23, 46, 50, 552, 317, 0, 0, 12, 40, 28, 54, 25, 291, 574, 0, 47, 25, 51, 34, 3, 0, 0, 864
0, 8, 46, 180, 250, 538, 2, 0, 0, 1, 14, 72, 185, 113, 628, 11, 0, 1, 12, 73, 119, 107, 81, 631
5, 89, 255, 460, 126, 52, 36, 1, 4, 60, 167, 451, 218, 47, 56, 21, 44, 280, 341, 139, 81, 44, 37, 58
55, 228, 328, 351, 58, 4, 0, 0, 47, 207, 301, 360, 107, 2, 0, 0, 218, 473, 292, 34, 7, 0, 0, 0
63, 148, 110, 135, 345, 214, 9, 0, 70, 143, 107, 196, 448, 60, 0, 0, 166, 178, 132, 484, 64, 0, 0, 0
20, 273, 320, 268, 142, 1, 0, 0, 11, 223, 387, 326, 77, 0, 0, 0, 182, 349, 318, 163, 9, 3, 0, 0
85, 532, 311, 90, 6, 0, 0, 0, 73, 502, 341, 94, 13, 1, 0, 0, 302, 550, 127, 19, 15, 7, 4, 0
148, 146, 104, 48, 2, 0, 0, 0, 147, 156, 90, 52, 3, 0, 0, 0, 171, 143, 97, 36, 1, 0, 0, 0
31, 31, 44, 54, 764, 100, 0, 0, 20, 36, 26, 66, 12, 220, 644, 0, 54, 13, 61, 30, 2, 0, 0, 864
0, 1, 2, 8, 17, 996, 0, 0, 0, 0, 0, 2, 8, 16, 994, 4, 0, 0, 0, 0, 3, 6, 15, 1000
3, 21, 101, 197, 218, 433, 51, 0, 0, 7, 49, 136, 183, 165, 356, 128, 1, 18, 81, 126, 108, 121, 144, 425
163, 258, 259, 242, 66, 31, 5, 0, 115, 246, 231, 238, 129, 31, 28, 6, 317, 350, 204, 48, 34, 21, 32, 18
115, 164, 111, 136, 305, 193, 0, 0, 89, 164, 144, 200, 389, 38, 0, 0, 230, 149, 156, 439, 50, 0, 0, 0
167, 206, 189, 267, 195, 0, 0, 0, 118, 187, 236, 361, 107, 15, 0, 0, 186, 241, 333, 197, 27, 27, 10, 3
200, 255, 435, 119, 15, 0, 0, 0, 143, 227, 344, 238, 50, 22, 0, 0, 187, 259, 281, 153, 81, 32, 26, 5
252, 99, 45, 46, 6, 0, 0, 0, 190, 154, 27, 61, 15, 1, 0, 0, 165, 188, 59, 33, 3, 0, 0, 0
40, 24, 57, 37, 858, 8, 0, 0, 30, 34, 43, 49, 4, 121, 743, 0, 46, 26, 56, 32, 0, 0, 0, 864
0, 0, 0, 0, 93, 931, 0, 0, 0, 0, 0, 0, 0, 0, 1024, 0, 0, 0, 0, 0, 0, 0, 0, 1024
0, 2, 12, 83, 162, 693, 72, 0, 0, 0, 4, 35, 83, 141, 458, 303, 0, 1, 12, 28, 48, 99, 125, 711
108, 125, 222, 429, 103, 32, 5, 0, 85, 114, 159, 391, 219, 30, 19, 7, 209, 265, 326, 128, 39, 25, 16, 16
132, 77, 81, 111, 397, 225, 1, 0, 123, 79, 78, 193, 508, 43, 0, 0, 197, 110, 122, 532, 63, 0, 0, 0
86, 199, 213, 192, 326, 8, 0, 0, 49, 190, 210, 351, 153, 70, 1, 0, 189, 243, 301, 179, 18, 23, 27, 44
160, 154, 252, 361, 97, 0, 0, 0, 147, 91, 164, 151, 262, 209, 0, 0, 93, 176, 117, 75, 82, 209, 232, 40
304, 47, 29, 54, 13, 1, 0, 0, 235, 108, 28, 50, 25, 2, 0, 0, 179, 174, 56, 36, 3, 0, 0, 0
31, 27, 51, 50, 862, 3, 0, 0, 6, 41, 39, 55, 18, 137, 728, 0, 45, 27, 54, 33, 1, 0, 12, 852
0, 6, 48, 173, 454, 339, 4, 0, 0, 1, 17, 86, 158, 166, 578, 18, 0, 4, 21, 83, 101, 103, 127, 585
3, 71, 174, 335, 195, 196, 50, 0, 0, 31, 120, 285, 255, 119, 136, 78, 10, 80, 239, 200, 135, 111, 75, 174
10, 94, 274, 517, 124, 4, 1, 0, 7, 64, 194, 440, 303, 15, 0, 1, 91, 389, 452, 70, 15, 6, 0, 1
5, 62, 106, 154, 325, 339, 33, 0, 3, 56, 97, 167, 575, 120, 6, 0, 64, 170, 121, 577, 92, 0, 0, 0
10, 151, 437, 73, 302, 51, 0, 0, 4, 88, 434, 292, 172, 30, 4, 0, 206, 394, 244, 160, 7, 5, 5, 3
113, 510, 284, 108, 9, 0, 0, 0, 72, 393, 357, 147, 51, 4, 0, 0, 186, 421, 219, 111, 54, 28, 5, 0
293, 55, 65, 33, 2, 0, 0, 0, 273, 73, 53, 46, 3, 0, 0, 0, 176, 174, 66, 30, 2, 0, 0, 0
31, 29, 48, 50, 866, 0, 0, 0, 13, 42, 22, 64, 19, 163, 701, 0, 48, 18, 62, 30, 2, 0, 0, 864
0, 0, 1, 7, 337, 679, 0, 0, 0, 0, 0, 1, 4, 9, 994, 16, 0, 0, 0, 2, 3, 5, 4, 1010
1, 7, 46, 78, 126, 403, 362, 1, 0, 3, 10, 57, 94, 136, 297, 427, 0, 4, 25, 36, 78, 114, 100, 667
1, 34, 137, 504, 243, 39, 65, 1, 0, 27, 101, 362, 384, 62, 29, 59, 38, 268, 414, 111, 51, 38, 37, 67
25, 29, 44, 87, 179, 573, 86, 1, 19, 33, 57, 106, 433, 355, 21, 0, 43, 60, 138, 636, 145, 2, 0, 0
6, 181, 324, 97, 251, 162, 3, 0, 1, 172, 301, 160, 286, 89, 15, 0, 145, 292, 352, 192, 9, 9, 13, 12
96, 248, 275, 292, 107, 6, 0, 0, 72, 216, 211, 171, 188, 158, 8, 0, 85, 314, 112, 87, 79, 76, 216, 55
165, 145, 79, 54, 5, 0, 0, 0, 115, 190, 70, 62, 10, 1, 0, 0, 124, 190, 92, 40, 2, 0, 0, 0
32, 32, 61, 74, 807, 18, 0, 0, 27, 37, 38, 61, 40, 176, 645, 0, 49, 23, 58, 32, 13, 31, 39, 779
0, 3, 25, 105, 507, 382, 2, 0, 0, 0, 9, 38, 132, 158, 657, 30, 0, 2, 15, 43, 73, 118, 117, 656
1, 35, 99, 302, 267, 264, 54, 2, 0, 13, 51, 184, 293, 190, 201, 92, 14, 68, 150, 166, 137, 122, 145, 222
18, 130, 261, 505, 105, 4, 1, 0, 6, 108, 192, 432, 272, 13, 1, 0, 125, 438, 390, 55, 11, 4, 1, 0
2, 16, 99, 231, 235, 376, 65, 0, 3, 14, 87, 248, 338, 312, 22, 0, 18, 194, 327, 387, 98, 0, 0, 0
17, 191, 458, 132, 153, 69, 4, 0, 14, 127, 475, 186, 152, 70, 0, 0, 321, 444, 202, 54, 3, 0, 0, 0
148, 540, 199, 71, 53, 12, 1, 0, 93, 448, 326, 88, 57, 11, 1, 0, 325, 442, 135, 88, 23, 9, 2, 0
42, 48, 84, 121, 112, 40, 1, 0, 22, 62, 83, 144, 110, 27, 0, 0, 53, 64, 130, 158, 43, 0, 0, 0
34, 30, 96, 161, 686, 17, 0, 0, 18, 40, 48, 119, 128, 243, 428, 0, 48, 24, 70, 89, 82, 69, 52, 590
0, 10, 59, 251, 394, 302, 8, 0, 0, 2, 15, 117, 276, 195, 386, 33, 0, 3, 65, 128, 149, 142, 150, 387
5, 17, 77, 344, 308, 234, 39, 0, 3, 13, 33, 159, 378, 177, 164, 97, 11, 48, 194, 226, 136, 117, 84, 208
19, 61, 182, 556, 192, 10, 3, 1, 13, 40, 119, 359, 469, 18, 4, 2, 51, 351, 523, 67, 17, 8, 4, 3
1, 11, 58, 149, 195, 480, 130, 0, 1, 14, 55, 156, 445, 343, 10, 0, 18, 110, 185, 510, 201, 0, 0, 0
26, 179, 477, 89, 137, 116, 0, 0, 21, 132, 434, 199, 220, 18, 0, 0, 248, 434, 115, 201, 23, 3, 0, 0
93, 398, 352, 121, 57, 3, 0, 0, 66, 308, 433, 142, 62, 13, 0, 0, 167, 495, 202, 97, 30, 20, 10, 3
117, 128, 123, 74, 6, 0, 0, 0, 80, 169, 106, 80, 13, 0, 0, 0, 107, 179, 125, 37, 0, 0, 0, 0
35, 24, 45, 49, 871, 0, 0, 0, 11, 41, 28, 54, 25, 96, 769, 0, 50, 20, 52, 35, 3, 0, 0, 864
0, 0, 0, 0, 408, 615, 1, 0, 0, 0, 0, 0, 1, 9, 1006, 8, 0, 0, 0, 0, 0, 3, 7, 1014
0, 0, 5, 96, 166, 727, 30, 0, 0, 0, 3, 57, 124, 95, 544, 201, 0, 1, 24, 90, 80, 52, 72, 705
1, 34, 155, 565, 251, 14, 4, 0, 0, 25, 128, 481, 359, 25, 5, 1, 33, 153, 493, 285, 44, 13, 2, 1
3, 18, 43, 125, 123, 477, 234, 1, 4, 23, 42, 80, 218, 544, 113, 0, 24, 94, 200, 382, 317, 7, 0, 0
131, 233, 357, 101, 52, 148, 2, 0, 111, 237, 290, 179, 112, 93, 2, 0, 197, 449, 176, 183, 14, 5, 0, 0
55, 177, 332, 243, 99, 109, 8, 1, 53, 157, 278, 260, 183, 91, 1, 1, 58, 254, 250, 224, 167, 50, 20, 1
134, 205, 74, 35, 0, 0, 0, 0, 107, 227, 67, 44, 3, 0, 0, 0, 119, 222, 78, 29, 0, 0, 0, 0
31, 30, 49, 51, 863, 0, 0, 0, 21, 36, 22, 68, 13, 125, 739, 0, 51, 16, 60, 31, 2, 0, 0, 864
0, 0, 0, 0, 193, 831, 0, 0, 0, 0, 0, 0, 0, 0, 1024, 0, 0, 0, 0, 0, 0, 0, 0, 1024
0, 0, 12, 131, 184, 666, 31, 0, 0, 0, 3, 47, 146, 140, 378, 310, 0, 0, 15, 55, 114, 109, 75, 656
0, 5, 205, 590, 164, 32, 28, 0, 0, 0, 103, 526, 301, 50, 27, 17, 24, 280, 433, 160, 50, 31, 21, 25
0, 3, 26, 75, 75, 393, 423, 29, 0, 2, 19, 65, 118, 604, 214, 2, 10, 57, 88, 258, 509, 102, 0, 0
0, 74, 423, 139, 98, 274, 16, 0, 0, 35, 379, 201, 216, 191, 2, 0, 124, 393, 133, 322, 43, 5, 4, 0
0, 34, 209, 198, 184, 359, 40, 0, 0, 7, 156, 139, 276, 437, 9, 0, 4, 86, 106, 246, 363, 85, 104, 30
123, 145, 80, 66, 25, 6, 3, 0, 80, 182, 63, 85, 31, 4, 3, 0, 85, 197, 93, 60, 11, 2, 0, 0
35, 28, 58, 63, 840, 0, 0, 0, 31, 32, 49, 43, 5, 342, 522, 0, 50, 20, 58, 32, 0, 0, 0, 864
0, 0, 0, 1, 519, 504, 0, 0, 0, 0, 0, 0, 0, 13, 1005, 6, 0, 0, 0, 0, 0, 0, 11, 1013
0, 0, 7, 136, 241, 616, 24, 0, 0, 0, 3, 38, 162, 170, 424, 227, 0, 6, 60, 56, 58, 104, 142, 598
4, 51, 209, 602, 127, 24, 7, 0, 3, 37, 144, 477, 301, 34, 21, 7, 44, 279, 530, 81, 35, 21, 20, 14
0, 14, 27, 25, 36, 242, 619, 61, 2, 15, 29, 25, 48, 620, 279, 6, 15, 33, 29, 59, 604, 284, 0, 0
3, 101, 407, 51, 76, 379, 7, 0, 0, 76, 372, 113, 158, 304, 1, 0, 83, 359, 112, 216, 254, 0, 0, 0
1, 62, 213, 77, 277, 367, 27, 0, 0, 26, 231, 78, 360, 318, 11, 0, 34, 213, 56, 334, 276, 33, 30, 48
39, 66, 53, 81, 119, 89, 1, 0, 22, 75, 50, 95, 158, 48, 0, 0, 56, 64, 99, 152, 76, 1, 0, 0
69, 50, 79, 33, 345, 0, 0, 0, 42, 68, 50, 59, 6, 124, 227, 0, 100, 30, 76, 19, 0, 1, 2, 348
67, 25, 41, 27, 176, 240, 0, 0, 43, 46, 12, 41, 17, 1, 410, 6, 81, 17, 39, 23, 0, 0, 1, 415
52, 36, 57, 33, 44, 346, 8, 0, 35, 46, 27, 49, 29, 32, 200, 158, 75, 21, 64, 15, 10, 18, 31, 342
68, 28, 74, 227, 119, 51, 9, 0, 59, 36, 49, 195, 131, 62, 40, 4, 76, 82, 207, 70, 42, 44, 44, 11
70, 32, 39, 45, 20, 112, 241, 17, 46, 52, 31, 56, 31, 250, 109, 1, 88, 21, 74, 50, 229, 110, 4, 0
68, 34, 137, 98, 75, 160, 4, 0, 51, 40, 77, 129, 124, 155, 0, 0, 80, 53, 117, 166, 116, 24, 20, 0
87, 119, 135, 128, 85, 22, 0, 0, 61, 129, 100, 148, 100, 36, 2, 0, 103, 126, 147, 117, 32, 23, 18, 10
48, 25, 26, 53, 74, 24, 2, 0, 37, 34, 22, 71, 71, 16, 1, 0, 54, 22, 66, 84, 25, 1, 0, 0
