0, 0, 0, 0, 398, 626, 0, 0, 0, 0, 0, 2, 916, 106, 0, 0, 0, 0, 0, 432, 592, 0, 0, 0
0, 0, 0, 1, 429, 594, 0, 0, 0, 0, 0, 5, 721, 298, 0, 0, 0, 0, 3, 659, 362, 0, 0, 0
0, 0, 0, 0, 212, 811, 1, 0, 0, 0, 0, 6, 492, 526, 0, 0, 0, 0, 6, 469, 549, 0, 0, 0
0, 0, 0, 0, 189, 652, 183, 0, 0, 0, 0, 8, 276, 740, 0, 0, 0, 0, 43, 375, 603, 3, 0, 0
0, 0, 0, 0, 38, 606, 380, 0, 0, 0, 0, 0, 62, 962, 0, 0, 0, 0, 27, 308, 652, 37, 0, 0
0, 14, 13, 15, 12, 451, 519, 0, 0, 15, 16, 13, 12, 958, 10, 0, 1, 16, 20, 278, 631, 78, 0, 0
0, 44, 195, 50, 43, 241, 451, 0, 0, 61, 167, 79, 22, 640, 55, 0, 0, 45, 213, 239, 407, 120, 0, 0
0, 44, 137, 148, 54, 165, 476, 0, 0, 27, 191, 115, 51, 563, 77, 0, 17, 52, 164, 167, 425, 199, 0, 0
0, 82, 205, 95, 135, 139, 368, 0, 0, 91, 179, 129, 121, 434, 70, 0, 10, 148, 128, 126, 397, 215, 0, 0
0, 120, 127, 145, 61, 196, 375, 0, 0, 142, 121, 154, 41, 488, 78, 0, 15, 154, 116, 221, 323, 195, 0, 0
7, 96, 48, 42, 37, 283, 511, 0, 18, 93, 59, 36, 33, 763, 22, 0, 52, 75, 62, 108, 561, 166, 0, 0
0, 0, 1, 2, 0, 493, 528, 0, 0, 1, 0, 2, 2, 1019, 0, 0, 1, 1, 1, 259, 620, 142, 0, 0
0, 0, 0, 0, 0, 557, 467, 0, 0, 0, 0, 0, 37, 987, 0, 0, 0, 0, 0, 251, 648, 125, 0, 0
0, 0, 0, 0, 3, 614, 407, 0, 0, 0, 0, 0, 160, 864, 0, 0, 0, 0, 0, 265, 619, 140, 0, 0
0, 0, 0, 0, 40, 670, 314, 0, 0, 0, 0, 0, 334, 690, 0, 0, 0, 0, 0, 351, 574, 99, 0, 0
0, 2, 45, 30, 146, 606, 195, 0, 0, 7, 25, 49, 369, 568, 6, 0, 7, 34, 46, 343, 500, 93, 1, 0
7, 286, 299, 93, 83, 245, 11, 0, 3, 19, 328, 310, 225, 139, 0, 0, 83, 452, 153, 198, 134, 4, 0, 0
97, 419, 333, 141, 33, 1, 0, 0, 6, 204, 405, 344, 64, 1, 0, 0, 180, 523, 266, 49, 6, 0, 0, 0
191, 555, 256, 21, 1, 0, 0, 0, 8, 424, 371, 207, 13, 1, 0, 0, 366, 564, 87, 7, 0, 0, 0, 0
27, 299, 414, 170, 76, 30, 7, 1, 0, 48, 393, 364, 148, 57, 10, 4, 178, 457, 145, 117, 66, 39, 20, 2
412, 350, 141, 66, 35, 20, 0, 0, 1, 456, 366, 123, 49, 28, 1, 0, 404, 353, 127, 65, 38, 32, 5, 0
245, 491, 121, 28, 11, 56, 70, 2, 0, 350, 442, 88, 15, 55, 72, 2, 395, 395, 76, 19, 15, 36, 84, 4
2, 150, 122, 16, 10, 73, 139, 0, 0, 6, 207, 70, 13, 68, 148, 0, 67, 187, 28, 11, 8, 42, 169, 0
0, 0, 0, 0, 161, 863, 0, 0, 0, 0, 0, 3, 1021, 0, 0, 0, 0, 0, 0, 513, 511, 0, 0, 0
0, 0, 0, 0, 206, 818, 0, 0, 0, 0, 0, 0, 1024, 0, 0, 0, 0, 0, 0, 1024, 0, 0, 0, 0
0, 0, 0, 0, 114, 910, 0, 0, 0, 0, 0, 5, 1014, 5, 0, 0, 0, 0, 5, 712, 307, 0, 0, 0
0, 0, 0, 0, 323, 701, 0, 0, 0, 0, 0, 0, 1024, 0, 0, 0, 0, 0, 29, 982, 13, 0, 0, 0
0, 0, 0, 0, 774, 250, 0, 0, 0, 0, 0, 4, 1017, 3, 0, 0, 0, 0, 711, 313, 0, 0, 0, 0
0, 0, 182, 334, 373, 135, 0, 0, 0, 6, 402, 194, 348, 74, 0, 0, 3, 385, 455, 181, 0, 0, 0, 0
0, 9, 16, 673, 180, 140, 6, 0, 0, 9, 546, 195, 175, 99, 0, 0, 9, 79, 730, 197, 9, 0, 0, 0
0, 31, 8, 145, 639, 171, 30, 0, 0, 32, 33, 278, 620, 60, 1, 0, 7, 73, 446, 466, 31, 1, 0, 0
0, 56, 41, 186, 542, 199, 0, 0, 10, 64, 42, 306, 574, 28, 0, 0, 37, 80, 462, 403, 41, 1, 0, 0
19, 14, 31, 186, 557, 205, 12, 0, 27, 9, 67, 324, 497, 100, 0, 0, 30, 76, 442, 435, 41, 0, 0, 0
1, 6, 20, 151, 606, 240, 0, 0, 2, 9, 47, 300, 549, 117, 0, 0, 7, 60, 461, 496, 0, 0, 0, 0
16, 68, 137, 293, 331, 179, 0, 0, 283, 136, 64, 196, 278, 67, 0, 0, 368, 109, 275, 272, 0, 0, 0, 0
124, 161, 160, 264, 219, 96, 0, 0, 302, 147, 159, 234, 163, 19, 0, 0, 332, 256, 317, 119, 0, 0, 0, 0
35, 123, 131, 525, 105, 104, 1, 0, 77, 143, 273, 387, 143, 1, 0, 0, 211, 516, 177, 119, 0, 1, 0, 0
0, 34, 93, 169, 696, 28, 1, 3, 14, 83, 138, 568, 211, 6, 3, 1, 87, 300, 553, 77, 2, 2, 2, 1
15, 49, 69, 170, 721, 0, 0, 0, 40, 57, 69, 855, 3, 0, 0, 0, 101, 299, 624, 0, 0, 0, 0, 0
3, 102, 116, 121, 678, 4, 0, 0, 9, 15, 100, 533, 359, 8, 0, 0, 22, 233, 749, 20, 0, 0, 0, 0
22, 179, 274, 277, 272, 0, 0, 0, 10, 8, 303, 622, 81, 0, 0, 0, 30, 637, 350, 7, 0, 0, 0, 0
1, 129, 470, 179, 243, 2, 0, 0, 0, 41, 268, 619, 96, 0, 0, 0, 54, 622, 333, 15, 0, 0, 0, 0
4, 207, 450, 234, 120, 9, 0, 0, 0, 11, 352, 434, 195, 32, 0, 0, 60, 415, 325, 150, 72, 2, 0, 0
123, 514, 284, 74, 14, 4, 6, 5, 1, 215, 518, 219, 52, 8, 2, 9, 137, 604, 177, 69, 21, 5, 4, 7
64, 442, 217, 66, 37, 51, 142, 5, 0, 147, 381, 232, 58, 58, 142, 6, 222, 416, 101, 54, 30, 42, 144, 15
0, 6, 58, 125, 57, 31, 233, 2, 0, 0, 39, 97, 104, 60, 211, 1, 0, 15, 47, 121, 55, 26, 236, 12
0, 0, 0, 0, 16, 1008, 0, 0, 0, 0, 0, 0, 196, 828, 0, 0, 0, 0, 0, 8, 669, 347, 0, 0
0, 0, 0, 0, 4, 1020, 0, 0, 0, 0, 0, 0, 129, 895, 0, 0, 0, 0, 0, 48, 975, 1, 0, 0
0, 0, 0, 0, 3, 1021, 0, 0, 0, 0, 0, 0, 223, 801, 0, 0, 0, 0, 0, 216, 808, 0, 0, 0
0, 0, 0, 0, 0, 1024, 0, 0, 0, 0, 0, 0, 555, 469, 0, 0, 0, 0, 0, 968, 56, 0, 0, 0
0, 0, 0, 0, 3, 1021, 0, 0, 0, 0, 0, 0, 938, 86, 0, 0, 0, 0, 1, 1023, 0, 0, 0, 0
0, 8, 164, 301, 270, 281, 0, 0, 0, 13, 388, 123, 500, 0, 0, 0, 0, 373, 350, 301, 0, 0, 0, 0
0, 0, 4, 835, 148, 37, 0, 0, 0, 0, 772, 100, 151, 1, 0, 0, 0, 282, 651, 91, 0, 0, 0, 0
0, 0, 6, 134, 608, 276, 0, 0, 0, 0, 27, 260, 735, 2, 0, 0, 0, 42, 510, 472, 0, 0, 0, 0
0, 0, 4, 108, 611, 301, 0, 0, 0, 1, 24, 228, 766, 5, 0, 0, 0, 39, 434, 551, 0, 0, 0, 0
0, 0, 6, 126, 623, 269, 0, 0, 0, 1, 25, 264, 729, 5, 0, 0, 0, 53, 474, 497, 0, 0, 0, 0
0, 0, 11, 161, 709, 143, 0, 0, 0, 2, 42, 327, 653, 0, 0, 0, 0, 67, 549, 408, 0, 0, 0, 0
4, 80, 123, 410, 401, 6, 0, 0, 181, 105, 96, 511, 131, 0, 0, 0, 250, 199, 516, 59, 0, 0, 0, 0
37, 87, 164, 217, 255, 264, 0, 0, 569, 196, 75, 139, 45, 0, 0, 0, 726, 280, 18, 0, 0, 0, 0, 0
2, 59, 45, 40, 878, 0, 0, 0, 1000, 24, 0, 0, 0, 0, 0, 0, 1011, 13, 0, 0, 0, 0, 0, 0
74, 137, 132, 124, 542, 15, 0, 0, 549, 137, 56, 201, 81, 0, 0, 0, 635, 136, 228, 25, 0, 0, 0, 0
49, 153, 114, 212, 425, 71, 0, 0, 359, 330, 98, 235, 1, 1, 0, 0, 614, 262, 143, 2, 2, 1, 0, 0
91, 134, 57, 55, 658, 29, 0, 0, 181, 66, 53, 358, 366, 0, 0, 0, 223, 72, 624, 105, 0, 0, 0, 0
35, 94, 27, 76, 791, 1, 0, 0, 88, 49, 35, 792, 60, 0, 0, 0, 123, 66, 788, 47, 0, 0, 0, 0
1, 57, 443, 110, 374, 39, 0, 0, 1, 10, 118, 779, 116, 0, 0, 0, 73, 465, 448, 38, 0, 0, 0, 0
2, 78, 281, 129, 161, 22, 283, 68, 0, 12, 268, 225, 146, 22, 299, 52, 28, 274, 294, 39, 17, 24, 297, 51
143, 294, 225, 129, 55, 37, 106, 35, 0, 163, 344, 226, 100, 38, 97, 56, 204, 315, 202, 72, 50, 40, 71, 70
105, 249, 174, 109, 47, 53, 258, 29, 0, 131, 286, 190, 74, 49, 269, 25, 126, 248, 155, 103, 43, 51, 228, 70
0, 95, 189, 52, 13, 23, 135, 5, 0, 2, 149, 156, 38, 18, 137, 12, 19, 193, 104, 30, 8, 20, 132, 6
0, 0, 0, 0, 0, 969, 55, 0, 0, 0, 0, 0, 0, 1024, 0, 0, 0, 0, 0, 0, 206, 818, 0, 0
0, 0, 0, 0, 2, 1015, 7, 0, 0, 0, 0, 0, 40, 984, 0, 0, 0, 0, 0, 11, 991, 22, 0, 0
0, 0, 0, 0, 0, 1024, 0, 0, 0, 0, 0, 0, 21, 1003, 0, 0, 0, 0, 0, 18, 1006, 0, 0, 0
0, 0, 0, 0, 0, 1024, 0, 0, 0, 0, 0, 0, 53, 971, 0, 0, 0, 0, 0, 721, 303, 0, 0, 0
0, 0, 0, 0, 9, 1015, 0, 0, 0, 0, 0, 0, 389, 635, 0, 0, 0, 0, 2, 1021, 1, 0, 0, 0
0, 5, 177, 238, 140, 461, 3, 0, 0, 31, 327, 117, 363, 186, 0, 0, 3, 369, 212, 440, 0, 0, 0, 0
0, 0, 3, 871, 105, 45, 0, 0, 0, 0, 840, 59, 123, 2, 0, 0, 0, 570, 378, 76, 0, 0, 0, 0
4, 5, 11, 130, 501, 373, 0, 0, 3, 6, 44, 224, 718, 29, 0, 0, 10, 73, 463, 476, 1, 1, 0, 0
14, 53, 12, 129, 497, 318, 1, 0, 28, 41, 30, 222, 671, 31, 1, 0, 44, 64, 432, 444, 23, 17, 0, 0
2, 32, 12, 138, 551, 286, 3, 0, 14, 33, 44, 240, 685, 8, 0, 0, 33, 72, 500, 412, 3, 4, 0, 0
13, 15, 49, 169, 592, 186, 0, 0, 56, 39, 77, 282, 563, 7, 0, 0, 88, 113, 490, 333, 0, 0, 0, 0
11, 181, 113, 168, 470, 81, 0, 0, 470, 172, 95, 257, 30, 0, 0, 0, 598, 384, 41, 1, 0, 0, 0, 0
56, 127, 135, 124, 272, 310, 0, 0, 474, 149, 54, 266, 81, 0, 0, 0, 553, 428, 40, 3, 0, 0, 0, 0
135, 208, 88, 137, 351, 105, 0, 0, 752, 109, 38, 50, 75, 0, 0, 0, 809, 147, 66, 2, 0, 0, 0, 0
140, 148, 87, 108, 429, 112, 0, 0, 532, 96, 52, 208, 136, 0, 0, 0, 554, 179, 276, 15, 0, 0, 0, 0
105, 67, 47, 246, 468, 91, 0, 0, 413, 515, 25, 70, 1, 0, 0, 0, 813, 174, 33, 4, 0, 0, 0, 0
114, 167, 45, 85, 613, 0, 0, 0, 179, 109, 46, 576, 114, 0, 0, 0, 222, 152, 634, 16, 0, 0, 0, 0
8, 66, 56, 443, 451, 0, 0, 0, 8, 57, 69, 890, 0, 0, 0, 0, 15, 74, 933, 2, 0, 0, 0, 0
0, 1, 61, 90, 857, 15, 0, 0, 0, 5, 33, 757, 229, 0, 0, 0, 0, 18, 758, 248, 0, 0, 0, 0
0, 37, 149, 52, 103, 36, 540, 107, 0, 1, 76, 171, 115, 15, 588, 58, 8, 65, 159, 121, 12, 16, 582, 61
44, 365, 120, 33, 17, 14, 289, 142, 0, 97, 388, 71, 21, 19, 314, 114, 77, 315, 122, 40, 18, 11, 247, 194
126, 340, 42, 43, 21, 24, 399, 29, 0, 223, 275, 38, 36, 32, 395, 25, 105, 321, 90, 31, 23, 23, 348, 83
0, 108, 143, 76, 30, 16, 129, 10, 0, 0, 163, 133, 47, 30, 132, 7, 52, 175, 77, 39, 15, 16, 121, 17
0, 0, 0, 0, 0, 553, 471, 0, 0, 0, 0, 0, 0, 1024, 0, 0, 0, 0, 0, 0, 3, 1021, 0, 0
0, 0, 0, 0, 5, 995, 24, 0, 0, 0, 0, 0, 31, 993, 0, 0, 0, 0, 0, 3, 865, 156, 0, 0
0, 0, 0, 0, 0, 1023, 1, 0, 0, 0, 0, 0, 0, 1024, 0, 0, 0, 0, 0, 5, 1019, 0, 0, 0
0, 0, 0, 0, 0, 1017, 7, 0, 0, 0, 0, 0, 94, 930, 0, 0, 0, 0, 0, 429, 595, 0, 0, 0
0, 0, 0, 0, 0, 479, 529, 16, 0, 0, 0, 0, 43, 821, 160, 0, 0, 0, 0, 535, 489, 0, 0, 0
0, 0, 114, 198, 146, 111, 287, 168, 0, 3, 269, 107, 110, 194, 272, 69, 0, 266, 185, 150, 331, 17, 6, 69
0, 0, 2, 898, 82, 42, 0, 0, 0, 0, 826, 90, 106, 2, 0, 0, 0, 485, 478, 61, 0, 0, 0, 0
25, 22, 32, 85, 432, 428, 0, 0, 33, 15, 53, 171, 697, 55, 0, 0, 32, 80, 403, 477, 32, 0, 0, 0
0, 0, 1, 75, 632, 305, 9, 2, 0, 1, 57, 257, 644, 64, 1, 0, 1, 36, 250, 518, 209, 10, 0, 0
4, 56, 40, 135, 537, 251, 1, 0, 29, 153, 54, 210, 559, 19, 0, 0, 34, 186, 375, 390, 38, 1, 0, 0
0, 0, 5, 110, 593, 316, 0, 0, 0, 0, 30, 247, 745, 2, 0, 0, 1, 78, 598, 347, 0, 0, 0, 0
11, 78, 49, 130, 571, 185, 0, 0, 216, 98, 62, 286, 359, 3, 0, 0, 311, 226, 338, 148, 1, 0, 0, 0
27, 210, 72, 81, 411, 222, 1, 0, 419, 185, 43, 124, 253, 0, 0, 0, 514, 317, 155, 38, 0, 0, 0, 0
13, 41, 26, 40, 119, 784, 1, 0, 53, 509, 42, 98, 321, 1, 0, 0, 135, 520, 355, 13, 1, 0, 0, 0
40, 133, 112, 77, 91, 569, 2, 0, 628, 170, 59, 49, 117, 1, 0, 0, 636, 216, 169, 3, 0, 0, 0, 0
0, 81, 61, 47, 48, 787, 0, 0, 996, 28, 0, 0, 0, 0, 0, 0, 1012, 12, 0, 0, 0, 0, 0, 0
60, 200, 134, 176, 380, 72, 2, 0, 383, 339, 119, 136, 47, 0, 0, 0, 575, 247, 162, 40, 0, 0, 0, 0
152, 209, 152, 385, 126, 0, 0, 0, 220, 279, 178, 343, 4, 0, 0, 0, 324, 273, 414, 13, 0, 0, 0, 0
0, 2, 39, 65, 887, 31, 0, 0, 0, 6, 42, 565, 411, 0, 0, 0, 0, 15, 628, 381, 0, 0, 0, 0
0, 0, 0, 0, 111, 32, 496, 385, 0, 0, 0, 11, 124, 11, 735, 143, 0, 0, 4, 125, 11, 9, 745, 130
0, 0, 0, 0, 0, 0, 891, 133, 0, 0, 0, 0, 0, 0, 912, 112, 0, 0, 0, 0, 0, 0, 827, 197
0, 0, 0, 0, 0, 0, 1024, 0, 0, 0, 0, 0, 0, 0, 1024, 0, 0, 0, 0, 0, 0, 0, 1018, 6
0, 0, 0, 0, 0, 3, 509, 0, 0, 0, 0, 0, 0, 8, 504, 0, 0, 0, 0, 0, 0, 0, 510, 2
0, 0, 0, 0, 0, 74, 950, 0, 0, 0, 0, 0, 0, 1024, 0, 0, 0, 0, 0, 0, 0, 1024, 0, 0
0, 0, 0, 0, 0, 797, 227, 0, 0, 0, 0, 0, 3, 1021, 0, 0, 0, 0, 0, 0, 644, 380, 0, 0
0, 0, 0, 0, 0, 670, 354, 0, 0, 0, 0, 0, 17, 1007, 0, 0, 0, 0, 0, 40, 983, 1, 0, 0
0, 0, 0, 0, 0, 291, 722, 11, 0, 0, 0, 0, 0, 896, 128, 0, 0, 0, 0, 9, 1010, 5, 0, 0
0, 0, 0, 3, 77, 102, 423, 419, 0, 0, 0, 8, 117, 176, 624, 99, 0, 2, 38, 135, 614, 129, 9, 97
0, 0, 51, 265, 139, 114, 174, 281, 0, 0, 183, 173, 127, 134, 134, 273, 0, 241, 194, 128, 147, 30, 32, 252
0, 0, 13, 909, 73, 29, 0, 0, 0, 0, 653, 295, 76, 0, 0, 0, 0, 565, 424, 35, 0, 0, 0, 0
2, 5, 5, 105, 493, 414, 0, 0, 5, 4, 30, 224, 721, 40, 0, 0, 7, 66, 487, 461, 3, 0, 0, 0
31, 16, 38, 91, 460, 388, 0, 0, 30, 28, 27, 217, 654, 68, 0, 0, 42, 69, 437, 439, 36, 1, 0, 0
4, 21, 25, 139, 485, 350, 0, 0, 24, 27, 34, 238, 678, 23, 0, 0, 33, 110, 501, 371, 9, 0, 0, 0
0, 0, 10, 112, 523, 379, 0, 0, 0, 3, 36, 234, 742, 9, 0, 0, 3, 84, 573, 364, 0, 0, 0, 0
0, 0, 7, 128, 601, 288, 0, 0, 0, 0, 24, 274, 720, 6, 0, 0, 2, 86, 621, 315, 0, 0, 0, 0
100, 146, 33, 210, 429, 106, 0, 0, 150, 112, 55, 338, 363, 6, 0, 0, 201, 319, 349, 155, 0, 0, 0, 0
0, 13, 35, 30, 237, 707, 2, 0, 28, 164, 13, 28, 791, 0, 0, 0, 85, 126, 788, 25, 0, 0, 0, 0
70, 155, 86, 61, 74, 570, 8, 0, 660, 136, 58, 27, 128, 15, 0, 0, 691, 143, 139, 48, 3, 0, 0, 0
3, 33, 19, 20, 68, 880, 1, 0, 998, 24, 2, 0, 0, 0, 0, 0, 1011, 13, 0, 0, 0, 0, 0, 0
212, 143, 60, 59, 263, 287, 0, 0, 537, 176, 43, 118, 136, 14, 0, 0, 569, 164, 209, 79, 3, 0, 0, 0
172, 327, 176, 160, 187, 1, 1, 0, 344, 300, 145, 229, 5, 1, 0, 0, 462, 280, 275, 6, 0, 1, 0, 0
17, 249, 95, 89, 406, 150, 11, 7, 228, 274, 177, 173, 155, 7, 4, 6, 259, 347, 240, 148, 12, 5, 6, 7
0, 6, 0, 3, 20, 10, 201, 784, 4, 2, 1, 7, 18, 6, 731, 255, 0, 6, 1, 18, 9, 5, 738, 247
0, 0, 0, 0, 0, 0, 990, 34, 0, 0, 0, 0, 0, 0, 1012, 12, 0, 0, 0, 0, 0, 0, 922, 102
0, 0, 0, 0, 0, 0, 1024, 0, 0, 0, 0, 0, 0, 0, 1024, 0, 0, 0, 0, 0, 0, 0, 984, 40
0, 0, 0, 0, 0, 0, 512, 0, 0, 0, 0, 0, 0, 0, 512, 0, 0, 0, 0, 0, 0, 0, 512, 0
0, 0, 0, 0, 0, 208, 816, 0, 0, 0, 0, 0, 0, 659, 365, 0, 0, 0, 0, 0, 162, 862, 0, 0
0, 0, 0, 0, 0, 181, 843, 0, 0, 0, 0, 0, 0, 951, 73, 0, 0, 0, 0, 0, 178, 846, 0, 0
0, 0, 0, 0, 0, 27, 990, 7, 0, 0, 0, 0, 0, 579, 445, 0, 0, 0, 0, 0, 453, 571, 0, 0
0, 0, 0, 5, 33, 178, 657, 151, 0, 0, 1, 5, 116, 219, 657, 26, 0, 0, 5, 132, 505, 352, 5, 25
0, 0, 3, 12, 29, 141, 342, 497, 0, 0, 5, 13, 85, 248, 240, 433, 0, 3, 9, 170, 324, 83, 39, 396
0, 0, 8, 261, 167, 420, 166, 2, 0, 0, 110, 220, 235, 407, 51, 1, 0, 140, 336, 437, 108, 2, 1, 0
0, 1, 162, 600, 157, 52, 5, 47, 0, 13, 318, 527, 103, 12, 7, 44, 19, 381, 483, 67, 18, 8, 4, 44
0, 0, 2, 93, 520, 409, 0, 0, 0, 1, 18, 209, 774, 22, 0, 0, 0, 55, 544, 425, 0, 0, 0, 0
0, 0, 2, 75, 453, 494, 0, 0, 0, 0, 22, 192, 760, 50, 0, 0, 0, 52, 437, 535, 0, 0, 0, 0
0, 0, 3, 102, 465, 454, 0, 0, 0, 1, 18, 210, 768, 27, 0, 0, 0, 68, 529, 427, 0, 0, 0, 0
0, 0, 3, 86, 466, 469, 0, 0, 0, 0, 22, 197, 773, 32, 0, 0, 0, 62, 485, 477, 0, 0, 0, 0
0, 3, 7, 102, 492, 419, 1, 0, 0, 9, 16, 229, 740, 30, 0, 0, 12, 76, 521, 414, 1, 0, 0, 0
98, 141, 32, 153, 390, 210, 0, 0, 207, 37, 58, 279, 426, 17, 0, 0, 232, 240, 347, 201, 4, 0, 0, 0
15, 13, 10, 11, 134, 841, 0, 0, 21, 10, 11, 20, 935, 27, 0, 0, 31, 45, 888, 59, 1, 0, 0, 0
0, 35, 51, 16, 64, 855, 3, 0, 31, 45, 21, 17, 899, 11, 0, 0, 42, 84, 880, 18, 0, 0, 0, 0
1, 53, 31, 18, 50, 871, 0, 0, 67, 25, 12, 11, 908, 1, 0, 0, 83, 17, 869, 55, 0, 0, 0, 0
31, 108, 102, 46, 86, 602, 49, 0, 80, 139, 61, 32, 672, 40, 0, 0, 166, 110, 500, 245, 3, 0, 0, 0
64, 76, 107, 95, 153, 527, 2, 0, 78, 93, 103, 118, 626, 6, 0, 0, 113, 101, 241, 569, 0, 0, 0, 0
0, 0, 12, 23, 507, 400, 26, 56, 0, 12, 586, 57, 281, 12, 41, 35, 0, 559, 108, 252, 19, 12, 47, 27
0, 0, 0, 0, 0, 0, 146, 878, 0, 0, 0, 0, 0, 0, 790, 234, 0, 0, 0, 0, 0, 0, 757, 267
0, 0, 0, 0, 0, 0, 957, 67, 0, 0, 0, 0, 0, 0, 1024, 0, 0, 0, 0, 0, 0, 0, 653, 371
0, 0, 0, 0, 0, 0, 994, 30, 0, 0, 0, 0, 0, 0, 1024, 0, 0, 0, 0, 0, 0, 0, 884, 140
0, 0, 0, 0, 0, 0, 512, 0, 0, 0, 0, 0, 0, 3, 509, 0, 0, 0, 0, 0, 0, 0, 511, 1
0, 0, 0, 0, 0, 9, 1015, 0, 0, 0, 0, 0, 0, 28, 996, 0, 0, 0, 0, 0, 2, 1022, 0, 0
0, 0, 0, 0, 0, 0, 1024, 0, 0, 0, 0, 0, 0, 130, 894, 0, 0, 0, 0, 0, 1, 1023, 0, 0
0, 0, 2, 2, 16, 142, 799, 63, 0, 0, 2, 4, 49, 186, 782, 1, 0, 2, 1, 14, 229, 775, 2, 1
0, 0, 0, 0, 3, 173, 314, 534, 0, 0, 0, 0, 83, 261, 157, 523, 0, 0, 0, 44, 350, 97, 22, 511
0, 0, 0, 0, 0, 261, 632, 131, 0, 0, 0, 0, 20, 490, 442, 72, 0, 0, 0, 279, 653, 25, 9, 58
0, 0, 0, 124, 364, 536, 0, 0, 0, 0, 3, 272, 628, 121, 0, 0, 0, 21, 488, 515, 0, 0, 0, 0
0, 36, 193, 628, 102, 11, 10, 44, 0, 47, 425, 460, 35, 7, 6, 44, 60, 636, 229, 38, 6, 5, 8, 42
0, 0, 39, 511, 299, 175, 0, 0, 0, 4, 119, 506, 388, 7, 0, 0, 3, 211, 610, 200, 0, 0, 0, 0
0, 0, 159, 396, 253, 216, 0, 0, 0, 0, 292, 321, 380, 31, 0, 0, 1, 188, 563, 269, 3, 0, 0, 0
0, 0, 482, 93, 272, 177, 0, 0, 0, 0, 527, 119, 361, 17, 0, 0, 1, 390, 435, 198, 0, 0, 0, 0
0, 0, 514, 50, 245, 215, 0, 0, 0, 0, 528, 97, 382, 17, 0, 0, 0, 516, 275, 233, 0, 0, 0, 0
33, 108, 246, 88, 356, 188, 5, 0, 296, 149, 202, 200, 153, 24, 0, 0, 468, 335, 126, 89, 6, 0, 0, 0
30, 130, 161, 300, 343, 60, 0, 0, 764, 98, 52, 71, 33, 6, 0, 0, 854, 106, 43, 17, 4, 0, 0, 0
243, 201, 95, 108, 172, 204, 1, 0, 348, 131, 108, 87, 310, 40, 0, 0, 459, 142, 262, 139, 22, 0, 0, 0
6, 21, 21, 33, 294, 649, 0, 0, 10, 27, 24, 74, 889, 0, 0, 0, 41, 65, 915, 3, 0, 0, 0, 0
0, 0, 0, 0, 586, 438, 0, 0, 0, 0, 0, 3, 1021, 0, 0, 0, 0, 0, 1024, 0, 0, 0, 0, 0
0, 0, 0, 0, 47, 966, 11, 0, 0, 0, 0, 0, 1022, 2, 0, 0, 0, 0, 1022, 2, 0, 0, 0, 0
0, 29, 98, 43, 52, 664, 138, 0, 20, 97, 53, 36, 766, 52, 0, 0, 60, 91, 566, 303, 4, 0, 0, 0
0, 0, 66, 43, 535, 144, 91, 145, 9, 115, 498, 22, 160, 28, 143, 49, 66, 542, 40, 168, 9, 8, 155, 36
0, 0, 0, 0, 0, 0, 223, 801, 0, 0, 0, 0, 0, 0, 769, 255, 0, 0, 0, 0, 0, 0, 637, 387
0, 0, 0, 0, 0, 0, 997, 27, 0, 0, 0, 0, 0, 0, 1024, 0, 0, 0, 0, 0, 0, 0, 845, 179
0, 0, 0, 0, 0, 0, 1013, 11, 0, 0, 0, 0, 0, 1, 1023, 0, 0, 0, 0, 0, 0, 0, 959, 65
0, 0, 0, 0, 0, 0, 511, 1, 0, 0, 0, 0, 0, 1, 511, 0, 0, 0, 0, 0, 0, 0, 506, 6
0, 0, 0, 0, 0, 0, 935, 89, 0, 0, 0, 0, 0, 0, 1024, 0, 0, 0, 0, 0, 0, 854, 170, 0
0, 0, 0, 0, 1, 152, 656, 215, 0, 0, 0, 0, 2, 220, 802, 0, 0, 0, 0, 0, 131, 885, 8, 0
0, 0, 9, 9, 21, 301, 279, 405, 0, 0, 13, 10, 52, 427, 131, 391, 0, 4, 6, 15, 406, 175, 33, 385
0, 0, 0, 0, 0, 82, 684, 258, 0, 0, 0, 0, 0, 356, 442, 226, 0, 0, 0, 0, 574, 223, 17, 210
0, 0, 0, 0, 0, 754, 270, 0, 0, 0, 0, 0, 124, 899, 1, 0, 0, 0, 0, 624, 400, 0, 0, 0
0, 0, 0, 5, 557, 462, 0, 0, 0, 0, 0, 168, 848, 8, 0, 0, 0, 2, 544, 478, 0, 0, 0, 0
0, 6, 566, 431, 21, 0, 0, 0, 0, 68, 676, 280, 0, 0, 0, 0, 18, 901, 105, 0, 0, 0, 0, 0
0, 24, 229, 771, 0, 0, 0, 0, 0, 47, 278, 699, 0, 0, 0, 0, 9, 332, 683, 0, 0, 0, 0, 0
0, 0, 429, 595, 0, 0, 0, 0, 0, 0, 567, 457, 0, 0, 0, 0, 0, 325, 699, 0, 0, 0, 0, 0
0, 0, 1022, 2, 0, 0, 0, 0, 0, 0, 1024, 0, 0, 0, 0, 0, 0, 809, 215, 0, 0, 0, 0, 0
0, 0, 1024, 0, 0, 0, 0, 0, 0, 0, 1024, 0, 0, 0, 0, 0, 0, 913, 111, 0, 0, 0, 0, 0
32, 138, 613, 21, 168, 52, 0, 0, 188, 225, 507, 103, 1, 0, 0, 0, 338, 586, 100, 0, 0, 0, 0, 0
0, 72, 60, 109, 424, 359, 0, 0, 409, 275, 65, 271, 4, 0, 0, 0, 613, 411, 0, 0, 0, 0, 0, 0
103, 212, 106, 180, 365, 58, 0, 0, 614, 219, 31, 64, 93, 3, 0, 0, 682, 191, 112, 34, 5, 0, 0, 0
186, 181, 114, 121, 230, 190, 2, 0, 473, 124, 60, 85, 224, 58, 0, 0, 593, 68, 222, 128, 13, 0, 0, 0
206, 190, 81, 72, 366, 109, 0, 0, 289, 139, 71, 182, 343, 0, 0, 0, 400, 140, 443, 41, 0, 0, 0, 0
3, 8, 4, 1, 33, 975, 0, 0, 5, 10, 0, 8, 1001, 0, 0, 0, 15, 0, 1002, 7, 0, 0, 0, 0
0, 7, 45, 27, 20, 858, 67, 0, 6, 46, 26, 24, 896, 26, 0, 0, 6, 71, 888, 59, 0, 0, 0, 0
0, 1, 28, 10, 9, 266, 416, 294, 0, 35, 7, 8, 561, 103, 247, 63, 10, 30, 171, 479, 15, 13, 282, 24
0, 0, 0, 0, 0, 0, 275, 749, 0, 0, 0, 0, 0, 0, 774, 250, 0, 0, 0, 0, 0, 0, 563, 461
10, 83, 27, 31, 21, 13, 700, 139, 15, 84, 24, 40, 12, 12, 805, 32, 0, 80, 29, 35, 27, 13, 572, 268
20, 151, 53, 55, 30, 33, 376, 306, 133, 257, 139, 72, 32, 15, 351, 25, 81, 168, 218, 112, 39, 20, 262, 124
30, 66, 17, 31, 13, 19, 126, 210, 131, 226, 27, 15, 8, 9, 96, 0, 97, 169, 114, 16, 10, 7, 94, 5
0, 0, 0, 0, 0, 59, 243, 722, 0, 0, 0, 0, 0, 76, 948, 0, 0, 0, 0, 0, 0, 271, 753, 0
0, 0, 0, 10, 10, 220, 402, 382, 0, 0, 2, 8, 12, 313, 359, 330, 0, 0, 5, 9, 74, 582, 28, 326
0, 0, 12, 9, 11, 18, 525, 449, 0, 4, 8, 10, 11, 29, 564, 398, 1, 8, 12, 15, 91, 491, 29, 377
0, 0, 0, 0, 0, 424, 600, 0, 0, 0, 0, 0, 27, 839, 158, 0, 0, 0, 0, 78, 882, 64, 0, 0
0, 0, 0, 0, 5, 1019, 0, 0, 0, 0, 0, 0, 230, 794, 0, 0, 0, 0, 2, 905, 117, 0, 0, 0
0, 0, 0, 0, 598, 426, 0, 0, 0, 0, 0, 185, 838, 1, 0, 0, 0, 0, 533, 491, 0, 0, 0, 0
79, 168, 342, 281, 154, 0, 0, 0, 95, 273, 290, 341, 25, 0, 0, 0, 235, 597, 192, 0, 0, 0, 0, 0
53, 173, 103, 609, 24, 62, 0, 0, 132, 132, 359, 329, 51, 21, 0, 0, 169, 656, 127, 72, 0, 0, 0, 0
0, 150, 266, 392, 120, 96, 0, 0, 3, 164, 409, 337, 97, 14, 0, 0, 117, 473, 203, 231, 0, 0, 0, 0
12, 154, 313, 379, 70, 96, 0, 0, 31, 137, 427, 301, 119, 9, 0, 0, 125, 483, 211, 205, 0, 0, 0, 0
7, 153, 272, 443, 134, 15, 0, 0, 41, 119, 421, 320, 123, 0, 0, 0, 160, 413, 326, 124, 1, 0, 0, 0
19, 174, 344, 351, 135, 1, 0, 0, 60, 180, 390, 298, 96, 0, 0, 0, 211, 395, 291, 127, 0, 0, 0, 0
34, 90, 127, 247, 285, 241, 0, 0, 211, 227, 204, 328, 54, 0, 0, 0, 375, 552, 97, 0, 0, 0, 0, 0
2, 13, 14, 18, 41, 936, 0, 0, 1024, 0, 0, 0, 0, 0, 0, 0, 1024, 0, 0, 0, 0, 0, 0, 0
66, 99, 47, 47, 211, 545, 9, 0, 465, 101, 36, 53, 300, 69, 0, 0, 554, 58, 282, 119, 11, 0, 0, 0
161, 120, 75, 79, 479, 110, 0, 0, 216, 86, 97, 213, 405, 7, 0, 0, 277, 185, 518, 41, 3, 0, 0, 0
0, 0, 0, 0, 64, 960, 0, 0, 0, 0, 0, 0, 1024, 0, 0, 0, 0, 1, 1023, 0, 0, 0, 0, 0
0, 3, 33, 16, 19, 928, 25, 0, 13, 26, 16, 19, 946, 4, 0, 0, 22, 28, 915, 59, 0, 0, 0, 0
0, 0, 0, 0, 0, 367, 242, 415, 0, 0, 0, 0, 551, 40, 382, 51, 0, 0, 308, 267, 11, 9, 419, 10
0, 0, 0, 0, 0, 0, 435, 589, 0, 0, 0, 0, 0, 0, 773, 251, 0, 0, 0, 0, 0, 0, 600, 424
20, 162, 31, 21, 26, 24, 523, 217, 36, 160, 24, 22, 28, 25, 676, 53, 5, 180, 28, 21, 29, 22, 398, 341
0, 0, 0, 0, 0, 16, 217, 791, 0, 708, 96, 8, 6, 8, 187, 11, 0, 445, 347, 10, 10, 7, 147, 58
0, 0, 0, 0, 0, 0, 0, 512, 0, 512, 0, 0, 0, 0, 0, 0, 0, 511, 1, 0, 0, 0, 0, 0
0, 0, 0, 0, 0, 163, 558, 303, 0, 0, 0, 0, 0, 292, 555, 177, 0, 0, 0, 0, 0, 617, 238, 169
0, 0, 0, 0, 0, 3, 283, 738, 0, 0, 0, 0, 0, 15, 310, 699, 0, 0, 0, 0, 14, 298, 29, 683
0, 0, 0, 0, 0, 9, 1007, 8, 0, 0, 0, 0, 0, 511, 507, 6, 0, 0, 0, 0, 372, 645, 2, 5
0, 0, 0, 0, 0, 825, 199, 0, 0, 0, 0, 0, 39, 985, 0, 0, 0, 0, 0, 121, 903, 0, 0, 0
0, 0, 0, 0, 0, 1024, 0, 0, 0, 0, 0, 0, 331, 693, 0, 0, 0, 0, 0, 910, 114, 0, 0, 0
0, 0, 29, 37, 547, 411, 0, 0, 0, 1, 51, 144, 820, 8, 0, 0, 1, 54, 541, 428, 0, 0, 0, 0
9, 381, 111, 72, 289, 84, 24, 54, 37, 407, 72, 185, 199, 53, 20, 51, 247, 318, 319, 36, 25, 18, 11, 50
0, 203, 48, 18, 18, 719, 18, 0, 61, 179, 26, 14, 112, 632, 0, 0, 226, 43, 11, 731, 13, 0, 0, 0
0, 0, 0, 0, 0, 1024, 0, 0, 0, 0, 0, 0, 261, 763, 0, 0, 0, 0, 0, 1024, 0, 0, 0, 0
0, 0, 0, 3, 50, 950, 12, 9, 0, 0, 1, 12, 926, 70, 9, 6, 0, 5, 70, 935, 7, 3, 2, 2
12, 35, 98, 173, 589, 91, 20, 6, 16, 64, 108, 327, 447, 42, 17, 3, 57, 148, 639, 150, 21, 7, 2, 0
52, 6, 15, 13, 912, 26, 0, 0, 54, 14, 11, 23, 921, 1, 0, 0, 65, 16, 511, 432, 0, 0, 0, 0
59, 55, 49, 165, 658, 38, 0, 0, 115, 37, 116, 216, 540, 0, 0, 0, 167, 206, 639, 12, 0, 0, 0, 0
32, 119, 47, 61, 454, 299, 12, 0, 481, 56, 29, 202, 245, 11, 0, 0, 506, 67, 412, 30, 9, 0, 0, 0
10, 89, 108, 47, 82, 663, 25, 0, 198, 163, 55, 120, 414, 74, 0, 0, 317, 366, 256, 74, 10, 1, 0, 0
23, 76, 76, 106, 315, 409, 19, 0, 395, 167, 37, 30, 341, 54, 0, 0, 498, 89, 334, 98, 5, 0, 0, 0
28, 26, 9, 18, 13, 906, 24, 0, 58, 13, 10, 11, 897, 33, 2, 0, 70, 17, 881, 47, 9, 0, 0, 0
0, 0, 6, 21, 26, 891, 80, 0, 0, 9, 21, 25, 967, 2, 0, 0, 6, 31, 955, 32, 0, 0, 0, 0
0, 0, 0, 0, 0, 359, 129, 536, 0, 0, 0, 0, 450, 21, 469, 84, 0, 0, 288, 170, 7, 11, 531, 17
0, 0, 0, 0, 0, 0, 554, 470, 0, 0, 0, 0, 0, 0, 768, 256, 0, 0, 0, 0, 0, 0, 515, 509
4, 136, 75, 17, 16, 27, 625, 124, 28, 177, 24, 18, 23, 23, 691, 40, 1, 174, 44, 20, 16, 27, 601, 141
0, 0, 0, 0, 0, 14, 63, 947, 1, 921, 47, 5, 6, 7, 33, 4, 0, 722, 240, 8, 5, 8, 25, 16
0, 0, 0, 0, 0, 0, 0, 512, 0, 512, 0, 0, 0, 0, 0, 0, 0, 512, 0, 0, 0, 0, 0, 0
0, 0, 0, 0, 0, 0, 166, 858, 0, 0, 0, 0, 0, 1, 214, 809, 0, 0, 0, 0, 1, 133, 91, 799
0, 0, 0, 0, 0, 5, 801, 218, 0, 0, 0, 0, 0, 61, 851, 112, 0, 0, 0, 0, 26, 885, 12, 101
0, 0, 0, 0, 0, 306, 718, 0, 0, 0, 0, 0, 1, 967, 56, 0, 0, 0, 0, 0, 635, 389, 0, 0
0, 0, 0, 0, 0, 1012, 12, 0, 0, 0, 0, 0, 8, 1016, 0, 0, 0, 0, 0, 27, 997, 0, 0, 0
0, 0, 0, 2, 8, 1014, 0, 0, 0, 0, 0, 4, 417, 603, 0, 0, 0, 2, 8, 959, 55, 0, 0, 0
0, 0, 27, 55, 477, 465, 0, 0, 0, 0, 42, 108, 869, 5, 0, 0, 0, 72, 550, 402, 0, 0, 0, 0
2, 279, 127, 51, 61, 253, 105, 146, 10, 325, 92, 37, 192, 162, 76, 130, 141, 302, 127, 195, 78, 24, 27, 130
25, 186, 71, 16, 13, 233, 473, 7, 42, 192, 53, 15, 12, 640, 70, 0, 132, 134, 36, 505, 214, 1, 2, 0
0, 0, 1, 9, 18, 934, 62, 0, 0, 0, 2, 17, 16, 989, 0, 0, 0, 6, 20, 997, 1, 0, 0, 0
0, 14, 30, 62, 454, 385, 68, 11, 83, 65, 45, 132, 493, 148, 49, 9, 119, 82, 300, 429, 65, 19, 6, 4
0, 2, 227, 449, 292, 32, 13, 9, 0, 77, 236, 554, 120, 21, 9, 7, 142, 521, 306, 30, 12, 5, 6, 2
0, 0, 36, 181, 611, 196, 0, 0, 0, 6, 160, 67, 788, 3, 0, 0, 12, 94, 752, 166, 0, 0, 0, 0
0, 0, 0, 3, 883, 138, 0, 0, 0, 0, 0, 8, 1016, 0, 0, 0, 0, 4, 999, 21, 0, 0, 0, 0
34, 54, 24, 48, 564, 299, 1, 0, 301, 67, 30, 138, 487, 1, 0, 0, 342, 72, 577, 32, 1, 0, 0, 0
19, 121, 29, 26, 38, 641, 150, 0, 264, 38, 25, 40, 527, 130, 0, 0, 295, 175, 529, 25, 0, 0, 0, 0
264, 82, 35, 180, 274, 160, 29, 0, 845, 40, 13, 17, 25, 81, 3, 0, 859, 44, 27, 89, 5, 0, 0, 0
51, 99, 43, 100, 355, 343, 30, 3, 674, 31, 9, 14, 239, 50, 7, 0, 704, 12, 233, 68, 7, 0, 0, 0
5, 9, 4, 4, 12, 812, 178, 0, 12, 5, 4, 15, 975, 13, 0, 0, 16, 11, 907, 89, 1, 0, 0, 0
0, 0, 0, 0, 0, 213, 164, 647, 0, 0, 0, 0, 330, 22, 591, 81, 0, 0, 139, 198, 10, 12, 641, 24
0, 0, 0, 0, 0, 0, 713, 311, 0, 0, 0, 0, 0, 0, 792, 232, 0, 0, 0, 0, 0, 0, 684, 340
0, 55, 100, 71, 16, 20, 635, 127, 49, 137, 80, 13, 11, 18, 678, 38, 24, 109, 114, 24, 14, 12, 566, 161
0, 110, 110, 24, 24, 33, 160, 563, 181, 676, 9, 6, 7, 7, 129, 9, 84, 675, 102, 6, 6, 7, 112, 32
0, 91, 23, 14, 9, 15, 31, 329, 159, 344, 2, 2, 1, 1, 2, 1, 61, 440, 2, 2, 2, 1, 2, 2
0, 0, 0, 0, 0, 0, 463, 561, 0, 0, 0, 0, 0, 0, 662, 362, 0, 0, 0, 0, 1, 439, 252, 332
0, 0, 0, 0, 0, 33, 991, 0, 0, 0, 0, 0, 0, 215, 809, 0, 0, 0, 0, 0, 33, 991, 0, 0
0, 0, 0, 0, 0, 660, 364, 0, 0, 0, 0, 0, 1, 1023, 0, 0, 0, 0, 0, 0, 714, 310, 0, 0
0, 0, 0, 0, 0, 1024, 0, 0, 0, 0, 0, 0, 50, 974, 0, 0, 0, 0, 0, 101, 923, 0, 0, 0
0, 0, 0, 37, 48, 939, 0, 0, 0, 0, 9, 47, 436, 532, 0, 0, 0, 25, 60, 900, 39, 0, 0, 0
0, 0, 78, 62, 206, 645, 24, 9, 0, 0, 114, 44, 782, 70, 14, 0, 0, 133, 576, 305, 10, 0, 0, 0
4, 72, 307, 123, 74, 114, 120, 210, 5, 82, 352, 97, 97, 117, 81, 193, 27, 449, 110, 95, 96, 30, 27, 190
0, 90, 214, 17, 11, 22, 652, 18, 3, 114, 193, 14, 14, 533, 151, 2, 72, 230, 17, 305, 393, 7, 0, 0
0, 1, 3, 69, 24, 738, 189, 0, 1, 0, 15, 69, 25, 910, 4, 0, 2, 65, 28, 918, 11, 0, 0, 0
0, 2, 53, 290, 633, 43, 3, 0, 0, 16, 79, 457, 446, 25, 1, 0, 34, 156, 667, 157, 9, 1, 0, 0
0, 11, 84, 229, 497, 164, 26, 13, 0, 23, 110, 330, 442, 89, 18, 12, 53, 243, 525, 157, 21, 11, 11, 3
0, 23, 173, 269, 116, 443, 0, 0, 0, 111, 288, 109, 482, 34, 0, 0, 145, 286, 206, 384, 3, 0, 0, 0
0, 0, 0, 0, 134, 890, 0, 0, 0, 0, 0, 0, 1024, 0, 0, 0, 0, 0, 299, 725, 0, 0, 0, 0
0, 0, 0, 0, 459, 565, 0, 0, 0, 0, 0, 32, 992, 0, 0, 0, 0, 2, 469, 553, 0, 0, 0, 0
18, 139, 41, 27, 80, 229, 490, 0, 217, 57, 21, 14, 176, 538, 1, 0, 252, 45, 595, 125, 7, 0, 0, 0
51, 184, 92, 68, 162, 433, 33, 1, 639, 121, 102, 56, 69, 37, 0, 0, 742, 141, 55, 77, 9, 0, 0, 0
1, 101, 49, 48, 225, 549, 51, 0, 825, 150, 48, 1, 0, 0, 0, 0, 930, 73, 21, 0, 0, 0, 0, 0
33, 52, 27, 24, 211, 505, 172, 0, 385, 57, 22, 14, 521, 25, 0, 0, 404, 51, 483, 85, 1, 0, 0, 0
0, 0, 0, 0, 0, 94, 151, 779, 0, 0, 0, 0, 198, 29, 604, 193, 0, 0, 35, 176, 11, 12, 668, 122
0, 0, 0, 0, 0, 0, 655, 369, 0, 0, 0, 0, 0, 0, 910, 114, 0, 0, 0, 0, 0, 0, 624, 400
0, 0, 0, 0, 0, 0, 915, 109, 0, 0, 0, 0, 0, 0, 1024, 0, 0, 0, 0, 0, 0, 0, 898, 126
0, 0, 0, 0, 0, 3, 1014, 7, 0, 0, 0, 0, 0, 16, 1008, 0, 0, 0, 0, 0, 0, 1, 1014, 9
0, 3, 1, 1, 2, 4, 478, 23, 2, 1, 2, 2, 2, 18, 482, 3, 0, 3, 1, 1, 2, 4, 481, 20
0, 0, 0, 0, 0, 0, 920, 104, 0, 0, 0, 0, 0, 0, 1023, 1, 0, 0, 0, 0, 0, 609, 415, 0
0, 0, 0, 0, 0, 99, 925, 0, 0, 0, 0, 0, 0, 502, 522, 0, 0, 0, 0, 0, 82, 942, 0, 0
0, 0, 0, 0, 0, 854, 170, 0, 0, 0, 0, 0, 0, 1024, 0, 0, 0, 0, 0, 0, 775, 249, 0, 0
0, 0, 0, 0, 0, 1024, 0, 0, 0, 0, 0, 0, 65, 959, 0, 0, 0, 0, 0, 82, 942, 0, 0, 0
0, 0, 0, 37, 19, 968, 0, 0, 0, 0, 6, 41, 512, 465, 0, 0, 0, 1, 50, 915, 58, 0, 0, 0
0, 0, 51, 66, 108, 712, 77, 10, 0, 10, 73, 69, 607, 219, 42, 4, 16, 89, 302, 578, 38, 1, 0, 0
0, 0, 8, 252, 487, 96, 38, 143, 0, 0, 45, 415, 346, 53, 27, 138, 0, 204, 544, 58, 43, 19, 20, 136
0, 5, 15, 87, 237, 610, 70, 0, 0, 8, 27, 111, 246, 625, 7, 0, 9, 62, 298, 642, 13, 0, 0, 0
0, 0, 32, 126, 135, 730, 1, 0, 0, 0, 82, 113, 176, 653, 0, 0, 15, 98, 150, 752, 9, 0, 0, 0
0, 2, 74, 293, 535, 97, 23, 0, 0, 4, 112, 404, 456, 43, 5, 0, 8, 137, 644, 206, 19, 10, 0, 0
0, 4, 128, 149, 471, 231, 31, 10, 0, 15, 152, 293, 383, 156, 15, 10, 25, 235, 523, 200, 23, 7, 11, 0
0, 0, 42, 492, 211, 263, 13, 3, 0, 12, 293, 321, 287, 103, 7, 1, 28, 361, 279, 330, 21, 5, 0, 0
0, 0, 0, 0, 0, 1024, 0, 0, 0, 0, 0, 0, 703, 321, 0, 0, 0, 0, 0, 1020, 4, 0, 0, 0
0, 0, 0, 0, 4, 1020, 0, 0, 0, 0, 0, 0, 925, 99, 0, 0, 0, 0, 1, 1023, 0, 0, 0, 0
42, 99, 50, 43, 123, 528, 139, 0, 386, 81, 22, 44, 377, 113, 1, 0, 442, 54, 224, 302, 2, 0, 0, 0
0, 12, 59, 28, 67, 856, 2, 0, 989, 18, 11, 5, 1, 0, 0, 0, 1000, 17, 6, 1, 0, 0, 0, 0
67, 169, 105, 76, 99, 444, 64, 0, 715, 111, 36, 21, 30, 100, 11, 0, 782, 76, 31, 107, 26, 2, 0, 0
59, 55, 29, 42, 63, 310, 423, 43, 332, 60, 17, 15, 59, 364, 174, 3, 382, 23, 30, 326, 237, 25, 1, 0
0, 0, 3, 3, 15, 60, 79, 864, 12, 8, 2, 5, 48, 30, 609, 310, 2, 17, 27, 36, 17, 10, 674, 241
0, 0, 0, 0, 0, 0, 957, 67, 0, 0, 0, 0, 0, 0, 1018, 6, 0, 0, 0, 0, 0, 0, 845, 179
0, 0, 0, 0, 0, 0, 977, 47, 0, 0, 0, 0, 0, 1, 1023, 0, 0, 0, 0, 0, 0, 0, 959, 65
0, 0, 0, 0, 0, 0, 1024, 0, 0, 0, 0, 0, 0, 0, 1024, 0, 0, 0, 0, 0, 0, 0, 1022, 2
0, 0, 0, 0, 0, 0, 512, 0, 0, 0, 0, 0, 0, 4, 508, 0, 0, 0, 0, 0, 0, 0, 512, 0
0, 0, 0, 0, 0, 0, 1021, 3, 0, 0, 0, 0, 0, 7, 1017, 0, 0, 0, 0, 0, 0, 800, 224, 0
0, 0, 0, 0, 0, 227, 797, 0, 0, 0, 0, 0, 0, 741, 283, 0, 0, 0, 0, 0, 97, 927, 0, 0
0, 0, 0, 0, 0, 939, 85, 0, 0, 0, 0, 0, 11, 1013, 0, 0, 0, 0, 0, 0, 768, 256, 0, 0
0, 0, 0, 0, 0, 1024, 0, 0, 0, 0, 0, 0, 80, 944, 0, 0, 0, 0, 0, 57, 967, 0, 0, 0
0, 0, 0, 0, 6, 1018, 0, 0, 0, 0, 0, 2, 602, 420, 0, 0, 0, 0, 4, 954, 66, 0, 0, 0
0, 0, 3, 32, 91, 639, 157, 102, 0, 0, 15, 49, 485, 319, 76, 80, 0, 41, 118, 636, 131, 23, 14, 61
0, 0, 0, 11, 367, 556, 9, 81, 0, 0, 1, 66, 762, 107, 9, 79, 0, 60, 625, 238, 10, 8, 8, 75
0, 0, 1, 13, 207, 803, 0, 0, 0, 0, 5, 73, 627, 319, 0, 0, 5, 58, 453, 508, 0, 0, 0, 0
0, 0, 6, 43, 285, 690, 0, 0, 0, 0, 15, 131, 714, 164, 0, 0, 6, 79, 450, 489, 0, 0, 0, 0
0, 0, 9, 167, 464, 383, 1, 0, 0, 1, 15, 247, 652, 109, 0, 0, 4, 97, 626, 297, 0, 0, 0, 0
0, 0, 43, 265, 336, 321, 35, 24, 0, 1, 111, 256, 424, 194, 17, 21, 0, 268, 425, 260, 37, 9, 17, 8
0, 0, 17, 425, 352, 174, 49, 7, 0, 3, 282, 229, 369, 97, 44, 0, 35, 317, 318, 290, 59, 5, 0, 0
0, 0, 23, 87, 52, 859, 3, 0, 2, 11, 61, 71, 117, 762, 0, 0, 11, 49, 59, 869, 36, 0, 0, 0
0, 0, 0, 0, 0, 1024, 0, 0, 0, 0, 0, 0, 174, 850, 0, 0, 0, 0, 0, 1024, 0, 0, 0, 0
2, 31, 8, 31, 83, 869, 0, 0, 31, 10, 6, 46, 719, 212, 0, 0, 40, 23, 128, 822, 11, 0, 0, 0
6, 66, 13, 10, 93, 836, 0, 0, 67, 14, 11, 5, 911, 16, 0, 0, 76, 14, 254, 669, 11, 0, 0, 0
32, 161, 35, 31, 40, 644, 81, 0, 130, 137, 47, 41, 432, 237, 0, 0, 242, 77, 79, 612, 14, 0, 0, 0
0, 0, 4, 3, 15, 639, 340, 23, 706, 150, 49, 17, 23, 54, 7, 18, 744, 127, 31, 85, 4, 6, 15, 12
0, 0, 0, 0, 2, 3, 185, 834, 0, 2, 1, 1, 2, 3, 752, 263, 0, 0, 2, 2, 1, 3, 766, 250
0, 0, 0, 0, 0, 0, 990, 34, 0, 0, 0, 0, 0, 0, 1024, 0, 0, 0, 0, 0, 0, 0, 916, 108
0, 0, 0, 0, 0, 0, 1022, 2, 0, 0, 0, 0, 0, 0, 1024, 0, 0, 0, 0, 0, 0, 0, 994, 30
0, 0, 0, 0, 0, 0, 1024, 0, 0, 0, 0, 0, 0, 7, 1017, 0, 0, 0, 0, 0, 0, 1, 1023, 0
0, 0, 0, 0, 0, 1, 511, 0, 0, 0, 0, 0, 0, 15, 497, 0, 0, 0, 0, 0, 0, 4, 508, 0
0, 0, 0, 0, 0, 61, 963, 0, 0, 0, 0, 0, 0, 145, 879, 0, 0, 0, 0, 0, 8, 786, 230, 0
0, 0, 0, 0, 0, 204, 820, 0, 0, 0, 0, 0, 0, 895, 129, 0, 0, 0, 0, 0, 24, 1000, 0, 0
0, 0, 0, 0, 0, 1001, 23, 0, 0, 0, 0, 0, 14, 1010, 0, 0, 0, 0, 0, 0, 768, 256, 0, 0
0, 0, 0, 0, 0, 1024, 0, 0, 0, 0, 0, 0, 73, 951, 0, 0, 0, 0, 0, 90, 934, 0, 0, 0
0, 0, 0, 0, 0, 1024, 0, 0, 0, 0, 0, 0, 308, 716, 0, 0, 0, 0, 0, 930, 94, 0, 0, 0
0, 0, 3, 41, 69, 399, 327, 185, 0, 0, 6, 62, 143, 534, 106, 173, 0, 20, 76, 537, 183, 25, 23, 160
0, 0, 0, 14, 375, 630, 4, 1, 0, 0, 2, 64, 708, 247, 2, 1, 0, 60, 694, 264, 2, 2, 2, 0
0, 0, 0, 21, 292, 700, 11, 0, 0, 0, 3, 73, 542, 406, 0, 0, 4, 75, 576, 369, 0, 0, 0, 0
0, 2, 13, 42, 356, 603, 8, 0, 0, 2, 17, 132, 635, 238, 0, 0, 13, 117, 642, 252, 0, 0, 0, 0
0, 21, 121, 241, 348, 274, 15, 4, 5, 57, 182, 267, 402, 102, 8, 1, 123, 260, 464, 159, 13, 4, 1, 0
0, 0, 86, 321, 389, 196, 19, 13, 0, 10, 239, 358, 266, 126, 17, 8, 106, 337, 344, 187, 28, 14, 7, 1
0, 0, 15, 196, 475, 310, 25, 3, 0, 1, 136, 254, 442, 177, 14, 0, 47, 170, 461, 313, 27, 6, 0, 0
0, 0, 41, 253, 376, 342, 12, 0, 0, 44, 143, 172, 339, 326, 0, 0, 48, 222, 170, 417, 167, 0, 0, 0
0, 0, 9, 29, 422, 560, 3, 1, 0, 2, 28, 64, 390, 540, 0, 0, 14, 59, 103, 521, 321, 6, 0, 0
0, 0, 0, 0, 27, 997, 0, 0, 0, 0, 0, 0, 413, 611, 0, 0, 0, 0, 0, 843, 181, 0, 0, 0
0, 0, 1, 22, 367, 634, 0, 0, 0, 0, 3, 33, 935, 53, 0, 0, 0, 2, 213, 755, 51, 3, 0, 0
1, 31, 18, 6, 13, 947, 8, 0, 17, 24, 13, 11, 874, 85, 0, 0, 36, 14, 26, 943, 5, 0, 0, 0
49, 99, 23, 22, 14, 621, 88, 108, 148, 28, 15, 16, 277, 386, 116, 38, 158, 22, 25, 607, 55, 11, 140, 6
0, 0, 0, 0, 0, 2, 303, 719, 0, 0, 0, 0, 0, 6, 808, 210, 0, 0, 0, 0, 0, 2, 802, 220
0, 0, 0, 0, 0, 0, 996, 28, 0, 0, 0, 0, 0, 0, 1023, 1, 0, 0, 0, 0, 0, 0, 963, 61
0, 0, 0, 0, 0, 0, 1021, 3, 0, 0, 0, 0, 0, 3, 1021, 0, 0, 0, 0, 0, 0, 0, 1006, 18
0, 0, 0, 0, 0, 0, 1024, 0, 0, 0, 0, 0, 0, 3, 1021, 0, 0, 0, 0, 0, 0, 1, 1023, 0
0, 0, 0, 0, 0, 1, 511, 0, 0, 0, 0, 0, 0, 14, 498, 0, 0, 0, 0, 0, 0, 5, 507, 0
0, 0, 0, 0, 0, 109, 915, 0, 0, 0, 0, 0, 0, 238, 786, 0, 0, 0, 0, 0, 5, 872, 147, 0
0, 0, 0, 0, 0, 274, 750, 0, 0, 0, 0, 0, 0, 931, 93, 0, 0, 0, 0, 0, 0, 1024, 0, 0
0, 0, 0, 0, 0, 980, 44, 0, 0, 0, 0, 0, 8, 1016, 0, 0, 0, 0, 0, 0, 731, 293, 0, 0
0, 0, 0, 0, 0, 1024, 0, 0, 0, 0, 0, 0, 145, 879, 0, 0, 0, 0, 0, 156, 868, 0, 0, 0
0, 0, 0, 0, 0, 1021, 3, 0, 0, 0, 0, 0, 139, 885, 0, 0, 0, 0, 0, 920, 104, 0, 0, 0
0, 0, 0, 20, 128, 244, 349, 283, 0, 0, 0, 62, 184, 351, 239, 188, 0, 8, 151, 260, 368, 39, 21, 177
0, 0, 4, 52, 381, 582, 5, 0, 0, 0, 20, 114, 620, 270, 0, 0, 6, 81, 592, 344, 1, 0, 0, 0
0, 0, 0, 60, 275, 675, 14, 0, 0, 0, 16, 104, 458, 446, 0, 0, 3, 90, 460, 471, 0, 0, 0, 0
9, 54, 76, 114, 282, 480, 9, 0, 18, 70, 82, 171, 424, 259, 0, 0, 97, 191, 434, 299, 3, 0, 0, 0
18, 54, 330, 330, 226, 53, 13, 0, 41, 154, 402, 297, 106, 24, 0, 0, 292, 496, 201, 31, 4, 0, 0, 0
11, 32, 197, 405, 131, 57, 174, 17, 22, 67, 431, 194, 93, 163, 53, 1, 101, 526, 130, 98, 159, 9, 1, 0
0, 0, 25, 186, 564, 240, 9, 0, 0, 1, 50, 404, 500, 69, 0, 0, 2, 199, 641, 177, 5, 0, 0, 0
0, 12, 30, 161, 514, 167, 125, 15, 0, 14, 36, 310, 428, 186, 50, 0, 2, 130, 202, 287, 379, 24, 0, 0
5, 25, 64, 101, 471, 329, 29, 0, 5, 33, 122, 168, 438, 256, 2, 0, 9, 54, 168, 237, 521, 34, 1, 0
1, 30, 43, 33, 145, 772, 0, 0, 2, 28, 44, 29, 244, 677, 0, 0, 1, 23, 51, 681, 254, 14, 0, 0
0, 0, 0, 0, 277, 747, 0, 0, 0, 0, 0, 14, 734, 276, 0, 0, 0, 0, 74, 859, 91, 0, 0, 0
0, 0, 0, 0, 104, 920, 0, 0, 0, 0, 0, 3, 1005, 16, 0, 0, 0, 0, 37, 987, 0, 0, 0, 0
0, 0, 0, 0, 0, 738, 40, 246, 0, 0, 0, 0, 494, 249, 245, 36, 0, 0, 0, 718, 19, 15, 272, 0
0, 0, 0, 0, 0, 0, 453, 571, 0, 0, 0, 0, 0, 0, 811, 213, 0, 0, 0, 0, 0, 0, 811, 213
0, 0, 0, 0, 0, 1, 1022, 1, 0, 0, 0, 0, 0, 1, 1023, 0, 0, 0, 0, 0, 0, 1, 1014, 9
0, 0, 0, 0, 0, 0, 1024, 0, 0, 0, 0, 0, 0, 0, 1024, 0, 0, 0, 0, 0, 0, 0, 1024, 0
0, 0, 0, 0, 0, 0, 1024, 0, 0, 0, 0, 0, 0, 15, 1009, 0, 0, 0, 0, 0, 0, 0, 1024, 0
0, 0, 0, 0, 0, 17, 495, 0, 0, 0, 0, 0, 0, 106, 406, 0, 0, 0, 0, 0, 0, 20, 492, 0
0, 0, 0, 0, 0, 71, 953, 0, 0, 0, 0, 0, 0, 344, 680, 0, 0, 0, 0, 0, 1, 928, 95, 0
0, 0, 0, 0, 0, 368, 656, 0, 0, 0, 0, 0, 0, 1018, 6, 0, 0, 0, 0, 0, 61, 963, 0, 0
0, 0, 0, 0, 0, 942, 82, 0, 0, 0, 0, 0, 0, 1024, 0, 0, 0, 0, 0, 0, 657, 367, 0, 0
0, 0, 0, 0, 0, 1024, 0, 0, 0, 0, 0, 0, 506, 518, 0, 0, 0, 0, 0, 482, 542, 0, 0, 0
0, 0, 0, 0, 0, 927, 97, 0, 0, 0, 0, 0, 266, 756, 2, 0, 0, 0, 0, 902, 122, 0, 0, 0
0, 0, 3, 19, 138, 341, 244, 279, 0, 0, 7, 61, 287, 244, 213, 212, 0, 21, 160, 316, 225, 73, 24, 205
0, 0, 0, 19, 270, 715, 20, 0, 0, 0, 3, 74, 563, 384, 0, 0, 1, 49, 483, 491, 0, 0, 0, 0
0, 0, 0, 37, 200, 722, 65, 0, 0, 0, 13, 71, 424, 515, 1, 0, 7, 60, 411, 544, 2, 0, 0, 0
23, 106, 51, 255, 301, 281, 7, 0, 52, 89, 90, 320, 352, 121, 0, 0, 172, 307, 368, 173, 3, 1, 0, 0
10, 112, 235, 472, 147, 14, 23, 11, 80, 100, 465, 256, 89, 14, 18, 2, 249, 507, 227, 7, 20, 13, 1, 0
1, 266, 167, 218, 87, 103, 175, 7, 93, 325, 154, 167, 58, 188, 39, 0, 456, 243, 73, 35, 199, 18, 0, 0
0, 0, 0, 181, 613, 189, 38, 3, 0, 0, 8, 352, 591, 57, 14, 2, 0, 161, 533, 273, 45, 10, 2, 0
0, 0, 1, 55, 432, 208, 275, 53, 0, 0, 1, 129, 341, 378, 175, 0, 0, 13, 149, 194, 518, 150, 0, 0
0, 0, 7, 75, 462, 480, 0, 0, 0, 13, 53, 123, 338, 497, 0, 0, 40, 100, 166, 163, 385, 170, 0, 0
0, 0, 0, 2, 298, 724, 0, 0, 0, 0, 0, 0, 303, 721, 0, 0, 0, 13, 61, 107, 590, 253, 0, 0
0, 0, 0, 0, 71, 953, 0, 0, 0, 0, 0, 2, 191, 831, 0, 0, 0, 0, 5, 156, 572, 291, 0, 0
0, 0, 0, 11, 227, 785, 1, 0, 0, 0, 0, 23, 928, 73, 0, 0, 0, 0, 40, 899, 74, 11, 0, 0
0, 0, 0, 0, 0, 605, 47, 372, 0, 0, 0, 0, 249, 363, 378, 34, 0, 0, 0, 581, 25, 14, 404, 0
0, 0, 0, 0, 0, 0, 598, 426, 0, 0, 0, 0, 0, 0, 847, 177, 0, 0, 0, 0, 0, 0, 841, 183
0, 0, 0, 0, 0, 0, 1024, 0, 0, 0, 0, 0, 0, 0, 1024, 0, 0, 0, 0, 0, 0, 0, 1023, 1
0, 0, 0, 0, 0, 3, 1021, 0, 0, 0, 0, 0, 0, 38, 986, 0, 0, 0, 0, 0, 0, 10, 1014, 0
0, 0, 0, 0, 0, 43, 981, 0, 0, 0, 0, 0, 0, 106, 918, 0, 0, 0, 0, 0, 0, 46, 978, 0
0, 0, 0, 0, 0, 9, 503, 0, 0, 0, 0, 0, 0, 35, 477, 0, 0, 0, 0, 0, 0, 11, 501, 0
0, 0, 0, 0, 0, 61, 963, 0, 0, 0, 0, 0, 0, 395, 629, 0, 0, 0, 0, 0, 10, 918, 96, 0
0, 0, 0, 0, 0, 520, 504, 0, 0, 0, 0, 0, 0, 1024, 0, 0, 0, 0, 0, 0, 74, 950, 0, 0
0, 0, 0, 0, 0, 991, 33, 0, 0, 0, 0, 0, 37, 987, 0, 0, 0, 0, 0, 11, 596, 417, 0, 0
0, 0, 0, 0, 0, 1024, 0, 0, 0, 0, 0, 0, 919, 105, 0, 0, 0, 0, 0, 803, 221, 0, 0, 0
0, 0, 0, 1, 23, 493, 475, 32, 0, 0, 0, 15, 241, 696, 65, 7, 0, 0, 17, 755, 234, 18, 0, 0
0, 0, 0, 14, 97, 452, 222, 239, 0, 0, 1, 43, 263, 347, 159, 211, 0, 7, 163, 381, 171, 66, 30, 206
0, 0, 0, 15, 239, 703, 67, 0, 0, 0, 8, 66, 442, 507, 1, 0, 0, 41, 388, 590, 5, 0, 0, 0
0, 0, 0, 12, 162, 694, 156, 0, 0, 0, 1, 43, 351, 599, 30, 0, 0, 34, 317, 619, 54, 0, 0, 0
65, 147, 40, 88, 221, 365, 98, 0, 75, 141, 55, 145, 301, 290, 17, 0, 171, 128, 304, 337, 76, 8, 0, 0
105, 123, 66, 252, 282, 111, 55, 30, 139, 113, 98, 308, 197, 104, 53, 12, 229, 147, 197, 236, 82, 81, 44, 8
60, 76, 226, 252, 131, 248, 30, 1, 80, 84, 362, 153, 293, 31, 21, 0, 252, 328, 168, 236, 18, 22, 0, 0
2, 12, 57, 153, 539, 155, 36, 70, 3, 25, 213, 358, 267, 71, 32, 55, 70, 227, 414, 178, 60, 36, 15, 24
0, 0, 0, 57, 152, 657, 108, 50, 0, 0, 12, 141, 465, 265, 140, 1, 0, 51, 234, 410, 298, 31, 0, 0
0, 0, 0, 0, 90, 934, 0, 0, 0, 0, 0, 17, 758, 249, 0, 0, 0, 0, 468, 292, 264, 0, 0, 0
0, 0, 0, 0, 18, 1006, 0, 0, 0, 0, 0, 0, 883, 141, 0, 0, 0, 0, 486, 291, 245, 2, 0, 0
0, 0, 0, 0, 124, 900, 0, 0, 0, 0, 0, 0, 949, 75, 0, 0, 0, 0, 384, 424, 215, 1, 0, 0
0, 0, 0, 21, 318, 685, 0, 0, 0, 0, 0, 53, 954, 17, 0, 0, 0, 11, 480, 510, 20, 3, 0, 0
0, 0, 0, 0, 0, 476, 55, 493, 0, 0, 0, 0, 342, 140, 513, 29, 0, 0, 0, 461, 17, 12, 534, 0
0, 0, 0, 0, 0, 0, 752, 272, 0, 0, 0, 0, 0, 1, 874, 149, 0, 0, 0, 0, 0, 0, 855, 169
0, 0, 0, 0, 0, 7, 1017, 0, 0, 0, 0, 0, 0, 14, 1010, 0, 0, 0, 0, 0, 0, 6, 1018, 0
0, 0, 0, 0, 0, 2, 1022, 0, 0, 0, 0, 0, 0, 26, 998, 0, 0, 0, 0, 0, 0, 2, 1022, 0
0, 0, 0, 0, 0, 15, 1009, 0, 0, 0, 0, 0, 0, 103, 921, 0, 0, 0, 0, 0, 0, 25, 999, 0
0, 0, 0, 0, 0, 3, 509, 0, 0, 0, 0, 0, 0, 131, 381, 0, 0, 0, 0, 0, 0, 16, 496, 0
0, 0, 0, 0, 0, 141, 883, 0, 0, 0, 0, 0, 0, 681, 343, 0, 0, 0, 0, 0, 24, 973, 27, 0
0, 0, 0, 0, 0, 766, 258, 0, 0, 0, 0, 0, 0, 1024, 0, 0, 0, 0, 0, 0, 60, 964, 0, 0
0, 0, 0, 0, 0, 1024, 0, 0, 0, 0, 0, 0, 163, 861, 0, 0, 0, 0, 0, 9, 636, 379, 0, 0
0, 0, 0, 0, 0, 1023, 1, 0, 0, 0, 0, 0, 687, 337, 0, 0, 0, 0, 0, 597, 427, 0, 0, 0
0, 0, 0, 0, 87, 335, 518, 84, 0, 0, 0, 44, 153, 709, 118, 0, 0, 0, 68, 604, 352, 0, 0, 0
0, 0, 3, 5, 11, 394, 427, 184, 0, 2, 4, 7, 40, 747, 48, 176, 0, 2, 5, 588, 202, 40, 15, 172
0, 0, 0, 1, 15, 25, 982, 1, 0, 0, 0, 5, 19, 953, 47, 0, 0, 0, 9, 222, 788, 5, 0, 0
0, 0, 0, 12, 104, 438, 444, 26, 0, 0, 2, 95, 273, 462, 187, 5, 0, 2, 105, 367, 493, 54, 3, 0
0, 0, 0, 1, 90, 309, 597, 27, 0, 0, 0, 74, 204, 620, 123, 3, 0, 2, 89, 237, 664, 32, 0, 0
49, 124, 41, 37, 94, 291, 388, 0, 84, 86, 41, 40, 112, 638, 23, 0, 121, 56, 47, 162, 596, 31, 11, 0
4, 36, 86, 273, 376, 249, 0, 0, 10, 39, 161, 340, 376, 98, 0, 0, 81, 245, 209, 489, 0, 0, 0, 0
11, 62, 122, 377, 356, 77, 18, 1, 90, 76, 236, 402, 176, 38, 5, 1, 218, 245, 207, 314, 28, 12, 0, 0
0, 0, 17, 58, 260, 675, 14, 0, 0, 1, 46, 228, 644, 105, 0, 0, 0, 34, 273, 700, 17, 0, 0, 0
0, 1, 11, 16, 61, 884, 51, 0, 0, 5, 10, 30, 807, 172, 0, 0, 4, 12, 231, 772, 5, 0, 0, 0
0, 0, 0, 0, 0, 1024, 0, 0, 0, 0, 0, 0, 1024, 0, 0, 0, 0, 0, 56, 968, 0, 0, 0, 0
0, 0, 0, 0, 1, 1023, 0, 0, 0, 0, 0, 0, 1024, 0, 0, 0, 0, 0, 66, 958, 0, 0, 0, 0
0, 0, 0, 0, 54, 970, 0, 0, 0, 0, 0, 11, 994, 19, 0, 0, 0, 0, 123, 901, 0, 0, 0, 0
0, 0, 0, 0, 0, 342, 105, 577, 0, 0, 0, 0, 219, 130, 643, 32, 0, 0, 0, 329, 17, 14, 641, 23
0, 0, 0, 0, 0, 19, 876, 129, 0, 0, 0, 0, 0, 23, 933, 68, 0, 0, 0, 0, 0, 9, 899, 116
0, 0, 0, 0, 0, 2, 1022, 0, 0, 0, 0, 0, 0, 2, 1022, 0, 0, 0, 0, 0, 0, 1, 1023, 0
0, 0, 0, 0, 0, 31, 993, 0, 0, 0, 0, 0, 0, 161, 863, 0, 0, 0, 0, 0, 0, 48, 976, 0
0, 0, 0, 0, 0, 155, 869, 0, 0, 0, 0, 0, 0, 436, 588, 0, 0, 0, 0, 0, 0, 223, 801, 0
0, 0, 0, 0, 0, 54, 458, 0, 0, 0, 0, 0, 0, 294, 218, 0, 0, 0, 0, 0, 0, 99, 413, 0
0, 0, 0, 0, 0, 325, 699, 0, 0, 0, 0, 0, 0, 963, 61, 0, 0, 0, 0, 0, 57, 966, 1, 0
0, 0, 0, 0, 1, 964, 59, 0, 0, 0, 0, 0, 5, 1019, 0, 0, 0, 0, 0, 0, 45, 979, 0, 0
0, 0, 0, 0, 0, 1024, 0, 0, 0, 0, 0, 0, 68, 956, 0, 0, 0, 0, 0, 0, 737, 287, 0, 0
0, 0, 0, 0, 0, 999, 25, 0, 0, 0, 0, 0, 402, 622, 0, 0, 0, 0, 0, 314, 710, 0, 0, 0
0, 0, 0, 0, 61, 294, 465, 204, 0, 0, 0, 30, 221, 543, 195, 35, 0, 0, 118, 448, 371, 54, 9, 24
0, 0, 0, 0, 9, 338, 521, 156, 0, 0, 0, 0, 120, 727, 32, 145, 0, 0, 54, 529, 277, 13, 13, 138
0, 0, 2, 14, 17, 239, 727, 25, 3, 13, 6, 11, 137, 779, 75, 0, 17, 5, 55, 292, 653, 2, 0, 0
0, 0, 8, 37, 78, 280, 575, 46, 8, 12, 25, 46, 189, 393, 351, 0, 24, 22, 111, 264, 573, 30, 0, 0
0, 0, 8, 41, 83, 303, 531, 58, 12, 16, 17, 60, 247, 409, 263, 0, 27, 21, 114, 281, 535, 46, 0, 0
0, 0, 6, 26, 73, 322, 519, 78, 11, 23, 17, 25, 310, 455, 183, 0, 37, 17, 110, 325, 478, 57, 0, 0
0, 0, 0, 7, 114, 417, 453, 33, 0, 0, 0, 26, 363, 407, 228, 0, 0, 13, 139, 382, 425, 65, 0, 0
41, 111, 33, 187, 280, 281, 81, 10, 121, 63, 68, 260, 359, 103, 49, 1, 175, 99, 203, 437, 97, 13, 0, 0
0, 0, 23, 64, 250, 660, 27, 0, 47, 5, 27, 235, 660, 49, 1, 0, 49, 21, 64, 878, 12, 0, 0, 0
0, 3, 9, 21, 80, 843, 68, 0, 0, 4, 22, 28, 858, 112, 0, 0, 1, 22, 42, 951, 8, 0, 0, 0
0, 0, 0, 0, 88, 936, 0, 0, 0, 0, 0, 20, 1004, 0, 0, 0, 0, 0, 0, 1024, 0, 0, 0, 0
0, 0, 0, 0, 192, 832, 0, 0, 0, 0, 0, 30, 994, 0, 0, 0, 0, 0, 0, 987, 37, 0, 0, 0
0, 13, 15, 32, 213, 751, 0, 0, 1, 13, 20, 71, 914, 5, 0, 0, 3, 17, 92, 873, 39, 0, 0, 0
0, 0, 0, 0, 0, 209, 528, 287, 0, 0, 0, 0, 150, 67, 782, 25, 0, 0, 0, 197, 18, 12, 738, 59
0, 0, 0, 0, 0, 24, 989, 11, 0, 0, 0, 0, 0, 51, 970, 3, 0, 0, 0, 0, 0, 8, 1008, 8
0, 0, 0, 0, 0, 9, 1015, 0, 0, 0, 0, 0, 0, 28, 996, 0, 0, 0, 0, 0, 0, 5, 1019, 0
0, 0, 0, 0, 0, 112, 912, 0, 0, 0, 0, 0, 0, 335, 689, 0, 0, 0, 0, 0, 0, 220, 804, 0
0, 0, 0, 0, 0, 358, 666, 0, 0, 0, 0, 0, 0, 620, 404, 0, 0, 0, 0, 0, 0, 442, 582, 0
0, 0, 0, 0, 0, 262, 250, 0, 0, 0, 0, 0, 0, 447, 65, 0, 0, 0, 0, 0, 0, 343, 169, 0
0, 0, 0, 0, 0, 620, 404, 0, 0, 0, 0, 0, 0, 1024, 0, 0, 0, 0, 0, 0, 39, 985, 0, 0
0, 0, 0, 0, 0, 1014, 10, 0, 0, 0, 0, 0, 0, 1024, 0, 0, 0, 0, 0, 0, 57, 967, 0, 0
0, 0, 0, 0, 0, 1024, 0, 0, 0, 0, 0, 0, 9, 1015, 0, 0, 0, 0, 0, 0, 966, 58, 0, 0
0, 0, 0, 0, 0, 861, 163, 0, 0, 0, 0, 0, 110, 914, 0, 0, 0, 0, 0, 88, 936, 0, 0, 0
0, 0, 0, 0, 44, 81, 331, 568, 0, 0, 0, 19, 87, 293, 411, 214, 0, 0, 43, 99, 595, 58, 20, 209
0, 0, 0, 0, 0, 163, 806, 55, 0, 0, 0, 0, 0, 944, 30, 50, 0, 0, 0, 239, 724, 9, 8, 44
0, 0, 6, 40, 45, 59, 777, 97, 23, 41, 20, 34, 40, 515, 351, 0, 56, 31, 35, 46, 776, 80, 0, 0
0, 0, 8, 55, 101, 121, 679, 60, 0, 2, 17, 58, 109, 148, 684, 6, 2, 7, 57, 129, 694, 130, 5, 0
0, 0, 3, 76, 134, 148, 622, 41, 0, 1, 7, 112, 142, 184, 577, 1, 0, 2, 77, 191, 635, 118, 1, 0
0, 0, 7, 39, 75, 204, 662, 37, 39, 36, 28, 51, 137, 341, 391, 1, 61, 39, 44, 174, 676, 30, 0, 0
1, 41, 61, 211, 143, 276, 291, 0, 4, 54, 115, 191, 168, 463, 29, 0, 55, 178, 154, 333, 301, 3, 0, 0
11, 46, 94, 263, 188, 323, 93, 6, 87, 83, 195, 229, 299, 105, 26, 0, 175, 279, 183, 309, 73, 5, 0, 0
7, 20, 27, 224, 199, 397, 144, 6, 229, 58, 144, 173, 169, 194, 57, 0, 279, 244, 133, 183, 132, 53, 0, 0
5, 27, 17, 25, 225, 655, 49, 21, 10, 28, 23, 66, 394, 478, 8, 17, 38, 33, 67, 237, 621, 10, 6, 12
2, 0, 1, 22, 337, 614, 31, 17, 36, 1, 1, 31, 395, 558, 2, 0, 35, 2, 10, 94, 850, 33, 0, 0
2, 4, 7, 4, 250, 743, 10, 4, 15, 4, 1, 7, 327, 668, 2, 0, 12, 7, 1, 21, 915, 68, 0, 0
0, 19, 37, 65, 176, 711, 16, 0, 0, 29, 41, 80, 371, 503, 0, 0, 2, 41, 101, 270, 512, 98, 0, 0
0, 0, 0, 0, 0, 95, 818, 111, 0, 0, 0, 0, 51, 56, 914, 3, 0, 0, 0, 71, 24, 28, 875, 26
0, 0, 0, 0, 0, 66, 958, 0, 0, 0, 0, 0, 0, 118, 906, 0, 0, 0, 0, 0, 0, 65, 958, 1
0, 0, 0, 0, 0, 40, 984, 0, 0, 0, 0, 0, 0, 112, 912, 0, 0, 0, 0, 0, 0, 49, 975, 0
0, 0, 0, 0, 0, 189, 835, 0, 0, 0, 0, 0, 0, 441, 583, 0, 0, 0, 0, 0, 0, 261, 763, 0
0, 0, 0, 0, 0, 259, 765, 0, 0, 0, 0, 0, 0, 795, 229, 0, 0, 0, 0, 0, 0, 413, 611, 0
0, 0, 0, 0, 0, 283, 229, 0, 0, 0, 0, 0, 0, 504, 8, 0, 0, 0, 0, 0, 0, 330, 182, 0
0, 0, 0, 0, 0, 890, 134, 0, 0, 0, 0, 0, 0, 1024, 0, 0, 0, 0, 0, 0, 26, 998, 0, 0
0, 0, 0, 0, 0, 1024, 0, 0, 0, 0, 0, 0, 4, 1020, 0, 0, 0, 0, 0, 0, 222, 802, 0, 0
0, 0, 0, 0, 0, 1024, 0, 0, 0, 0, 0, 0, 13, 1011, 0, 0, 0, 0, 0, 0, 998, 26, 0, 0
0, 0, 0, 0, 0, 708, 316, 0, 0, 0, 0, 0, 0, 1024, 0, 0, 0, 0, 0, 0, 1024, 0, 0, 0
0, 0, 0, 0, 45, 64, 313, 602, 0, 0, 0, 12, 87, 256, 379, 290, 0, 0, 13, 128, 479, 113, 23, 268
0, 0, 0, 0, 0, 94, 930, 0, 0, 0, 0, 0, 0, 1014, 10, 0, 0, 0, 0, 226, 798, 0, 0, 0
0, 0, 12, 64, 82, 140, 501, 225, 42, 102, 49, 57, 68, 223, 464, 19, 134, 61, 60, 71, 545, 149, 4, 0
0, 0, 24, 89, 155, 123, 466, 167, 0, 0, 25, 109, 169, 125, 578, 18, 0, 4, 74, 200, 515, 228, 3, 0
0, 0, 1, 59, 123, 101, 639, 101, 0, 0, 4, 101, 99, 135, 684, 1, 0, 3, 56, 154, 679, 129, 3, 0
0, 0, 9, 59, 114, 288, 454, 100, 40, 39, 36, 86, 208, 202, 413, 0, 75, 31, 80, 249, 478, 110, 1, 0
9, 17, 5, 8, 27, 48, 897, 13, 1, 10, 29, 33, 39, 880, 31, 1, 1, 11, 41, 61, 903, 6, 1, 0
23, 75, 73, 42, 82, 571, 152, 6, 53, 67, 72, 67, 396, 357, 11, 1, 93, 86, 76, 413, 346, 10, 0, 0
0, 18, 37, 63, 227, 486, 170, 23, 76, 47, 35, 221, 138, 431, 69, 7, 99, 73, 239, 342, 182, 84, 5, 0
0, 0, 0, 24, 217, 453, 134, 196, 0, 0, 1, 97, 427, 258, 69, 172, 0, 0, 114, 590, 97, 97, 46, 80
24, 64, 61, 177, 298, 269, 97, 34, 320, 98, 131, 150, 221, 85, 19, 0, 305, 132, 206, 113, 209, 58, 1, 0
34, 83, 65, 91, 70, 652, 28, 1, 240, 30, 15, 36, 37, 666, 0, 0, 230, 50, 39, 34, 321, 350, 0, 0
0, 18, 38, 31, 54, 819, 64, 0, 1, 36, 29, 35, 162, 745, 16, 0, 0, 36, 73, 269, 93, 553, 0, 0
0, 0, 0, 0, 1, 533, 446, 44, 0, 0, 0, 0, 106, 540, 376, 2, 0, 0, 0, 517, 57, 96, 352, 2
0, 0, 0, 0, 3, 527, 494, 0, 0, 0, 0, 0, 242, 388, 394, 0, 0, 0, 0, 493, 19, 113, 399, 0
0, 0, 0, 0, 14, 654, 356, 0, 0, 0, 0, 0, 196, 583, 245, 0, 0, 0, 3, 545, 32, 163, 281, 0
0, 0, 0, 0, 10, 816, 198, 0, 0, 0, 0, 0, 117, 844, 63, 0, 0, 0, 0, 421, 231, 264, 108, 0
0, 0, 0, 0, 13, 702, 309, 0, 0, 0, 0, 0, 107, 843, 74, 0, 0, 0, 0, 161, 562, 177, 124, 0
0, 0, 0, 0, 3, 374, 135, 0, 0, 0, 0, 0, 44, 468, 0, 0, 0, 0, 0, 22, 360, 124, 6, 0
0, 0, 0, 0, 0, 1014, 10, 0, 0, 0, 0, 0, 0, 1024, 0, 0, 0, 0, 0, 0, 0, 1024, 0, 0
0, 0, 0, 0, 0, 1024, 0, 0, 0, 0, 0, 0, 8, 1016, 0, 0, 0, 0, 0, 0, 221, 803, 0, 0
0, 0, 0, 0, 0, 1024, 0, 0, 0, 0, 0, 0, 8, 1016, 0, 0, 0, 0, 0, 0, 1017, 7, 0, 0
0, 0, 0, 0, 0, 503, 481, 40, 0, 0, 0, 0, 0, 978, 46, 0, 0, 0, 0, 1, 1023, 0, 0, 0
0, 0, 0, 0, 43, 93, 283, 605, 0, 0, 0, 17, 90, 247, 358, 312, 0, 0, 27, 173, 394, 122, 29, 279
0, 0, 0, 0, 0, 102, 912, 10, 0, 0, 0, 0, 37, 913, 74, 0, 0, 0, 0, 180, 840, 4, 0, 0
0, 0, 0, 47, 65, 125, 582, 205, 19, 55, 28, 56, 64, 264, 533, 5, 60, 46, 54, 92, 644, 128, 0, 0
0, 0, 12, 39, 97, 86, 529, 261, 0, 0, 20, 58, 108, 91, 733, 14, 0, 4, 58, 111, 677, 166, 8, 0
0, 0, 1, 64, 127, 137, 445, 250, 0, 0, 5, 98, 138, 152, 607, 24, 0, 1, 65, 182, 580, 188, 8, 0
0, 0, 2, 37, 113, 275, 449, 148, 34, 52, 28, 66, 196, 150, 496, 2, 76, 29, 49, 239, 509, 122, 0, 0
2, 20, 23, 29, 57, 59, 834, 0, 0, 12, 64, 38, 51, 839, 20, 0, 0, 9, 66, 81, 862, 6, 0, 0
5, 85, 52, 149, 246, 303, 159, 25, 21, 80, 161, 252, 197, 264, 48, 1, 230, 220, 138, 221, 205, 10, 0, 0
0, 11, 24, 66, 212, 396, 201, 114, 2, 20, 31, 176, 250, 360, 167, 18, 15, 50, 341, 243, 313, 47, 6, 9
4, 4, 4, 37, 439, 223, 130, 183, 6, 4, 11, 228, 397, 157, 61, 160, 8, 8, 176, 538, 94, 90, 35, 75
19, 61, 110, 163, 353, 223, 68, 27, 267, 184, 92, 87, 235, 154, 5, 0, 210, 219, 101, 100, 237, 155, 2, 0
30, 88, 34, 26, 8, 808, 30, 0, 125, 39, 6, 7, 7, 838, 2, 0, 122, 43, 7, 8, 449, 395, 0, 0
0, 30, 29, 33, 66, 831, 35, 0, 0, 42, 28, 36, 336, 571, 11, 0, 0, 50, 102, 350, 364, 158, 0, 0
0, 0, 0, 0, 0, 829, 195, 0, 0, 0, 0, 0, 122, 902, 0, 0, 0, 0, 0, 1024, 0, 0, 0, 0
0, 0, 0, 0, 0, 992, 32, 0, 0, 0, 0, 0, 360, 664, 0, 0, 0, 0, 0, 1024, 0, 0, 0, 0
0, 0, 0, 0, 0, 992, 32, 0, 0, 0, 0, 0, 239, 785, 0, 0, 0, 0, 1, 1013, 10, 0, 0, 0
0, 0, 0, 0, 0, 842, 182, 0, 0, 0, 0, 0, 37, 987, 0, 0, 0, 0, 0, 637, 387, 0, 0, 0
0, 0, 0, 0, 0, 563, 461, 0, 0, 0, 0, 0, 28, 996, 0, 0, 0, 0, 0, 177, 847, 0, 0, 0
0, 0, 0, 0, 1, 338, 173, 0, 0, 0, 0, 0, 27, 485, 0, 0, 0, 0, 0, 31, 481, 0, 0, 0
0, 0, 0, 0, 0, 1024, 0, 0, 0, 0, 0, 0, 0, 1024, 0, 0, 0, 0, 0, 0, 0, 1024, 0, 0
0, 0, 0, 0, 0, 1024, 0, 0, 0, 0, 0, 0, 15, 1009, 0, 0, 0, 0, 0, 0, 242, 782, 0, 0
0, 0, 0, 0, 0, 1024, 0, 0, 0, 0, 0, 0, 9, 1015, 0, 0, 0, 0, 0, 0, 1005, 19, 0, 0
0, 0, 0, 0, 29, 411, 503, 81, 0, 0, 0, 2, 48, 883, 88, 3, 0, 0, 7, 60, 952, 5, 0, 0
0, 0, 0, 0, 22, 119, 407, 476, 0, 0, 0, 5, 83, 362, 271, 303, 0, 0, 8, 236, 357, 105, 28, 290
0, 0, 1, 223, 67, 258, 465, 10, 0, 0, 165, 81, 154, 558, 60, 6, 18, 210, 68, 324, 398, 1, 4, 1
0, 0, 0, 22, 32, 139, 517, 314, 7, 56, 46, 35, 65, 267, 547, 1, 54, 64, 36, 96, 698, 76, 0, 0
0, 0, 5, 39, 82, 84, 225, 589, 0, 1, 11, 57, 87, 93, 761, 14, 0, 3, 39, 96, 690, 188, 8, 0
0, 0, 1, 42, 83, 91, 302, 505, 0, 0, 4, 66, 93, 125, 716, 20, 0, 0, 38, 119, 669, 194, 4, 0
0, 0, 2, 41, 98, 195, 424, 264, 41, 45, 27, 73, 118, 112, 601, 7, 78, 26, 55, 132, 544, 181, 8, 0
0, 0, 0, 0, 0, 87, 933, 4, 0, 0, 0, 0, 68, 822, 134, 0, 0, 0, 0, 74, 947, 3, 0, 0
0, 0, 5, 53, 324, 271, 316, 55, 1, 29, 81, 335, 186, 333, 59, 0, 88, 254, 232, 125, 322, 3, 0, 0
0, 8, 18, 67, 346, 193, 195, 197, 0, 13, 32, 201, 332, 211, 200, 35, 14, 77, 379, 169, 323, 37, 10, 15
19, 30, 99, 179, 267, 186, 137, 107, 33, 63, 139, 241, 259, 122, 97, 70, 62, 151, 238, 375, 94, 93, 7, 4
1, 51, 129, 138, 212, 419, 62, 12, 265, 143, 61, 71, 310, 164, 10, 0, 230, 176, 102, 130, 293, 87, 6, 0
24, 38, 9, 6, 8, 939, 0, 0, 37, 26, 7, 5, 13, 935, 1, 0, 48, 16, 8, 8, 916, 28, 0, 0
0, 13, 40, 35, 61, 844, 31, 0, 0, 35, 28, 40, 496, 423, 2, 0, 0, 48, 111, 469, 363, 33, 0, 0
0, 0, 0, 0, 0, 910, 114, 0, 0, 0, 0, 0, 480, 544, 0, 0, 0, 0, 0, 1024, 0, 0, 0, 0
0, 0, 0, 0, 0, 1015, 9, 0, 0, 0, 0, 0, 727, 297, 0, 0, 0, 0, 0, 1024, 0, 0, 0, 0
0, 0, 0, 0, 0, 980, 44, 0, 0, 0, 0, 0, 273, 751, 0, 0, 0, 0, 0, 1011, 13, 0, 0, 0
0, 0, 0, 0, 0, 1006, 18, 0, 0, 0, 0, 0, 155, 869, 0, 0, 0, 0, 0, 969, 55, 0, 0, 0
0, 0, 0, 0, 1, 878, 145, 0, 0, 0, 0, 0, 128, 896, 0, 0, 0, 0, 0, 517, 507, 0, 0, 0
0, 0, 0, 0, 1, 324, 187, 0, 0, 0, 0, 0, 12, 500, 0, 0, 0, 0, 0, 37, 475, 0, 0, 0
0, 0, 0, 0, 0, 1024, 0, 0, 0, 0, 0, 0, 14, 1010, 0, 0, 0, 0, 0, 0, 49, 975, 0, 0
0, 0, 0, 0, 0, 1024, 0, 0, 0, 0, 0, 0, 20, 1004, 0, 0, 0, 0, 0, 0, 441, 583, 0, 0
0, 0, 0, 0, 0, 1024, 0, 0, 0, 0, 0, 0, 12, 1012, 0, 0, 0, 0, 0, 0, 1009, 15, 0, 0
0, 0, 0, 0, 66, 419, 421, 118, 0, 0, 0, 3, 134, 702, 185, 0, 0, 0, 0, 139, 872, 13, 0, 0
0, 0, 9, 15, 13, 84, 683, 220, 0, 1, 20, 11, 23, 668, 113, 188, 1, 8, 13, 215, 526, 53, 33, 175
0, 0, 0, 0, 0, 46, 974, 4, 0, 0, 0, 0, 13, 527, 484, 0, 0, 0, 0, 58, 966, 0, 0, 0
0, 0, 0, 0, 24, 89, 525, 386, 0, 22, 38, 29, 55, 142, 738, 0, 14, 48, 29, 62, 835, 36, 0, 0
0, 0, 0, 2, 52, 70, 257, 643, 0, 64, 24, 17, 48, 149, 722, 0, 36, 47, 21, 67, 801, 52, 0, 0
0, 2, 4, 2, 74, 69, 451, 422, 2, 77, 23, 32, 49, 188, 653, 0, 47, 44, 41, 62, 777, 53, 0, 0
1, 203, 130, 41, 93, 229, 293, 34, 21, 378, 49, 35, 102, 372, 67, 0, 219, 222, 31, 114, 415, 23, 0, 0
0, 0, 0, 0, 30, 39, 891, 64, 0, 0, 0, 15, 40, 625, 344, 0, 0, 0, 17, 43, 934, 30, 0, 0
0, 0, 0, 0, 25, 33, 949, 17, 0, 0, 0, 3, 37, 921, 63, 0, 0, 0, 24, 96, 889, 15, 0, 0
0, 14, 18, 52, 406, 166, 242, 126, 0, 24, 13, 177, 360, 236, 149, 65, 16, 30, 363, 233, 290, 33, 19, 40
12, 31, 21, 126, 443, 212, 92, 87, 29, 22, 37, 184, 507, 105, 80, 60, 37, 36, 221, 495, 163, 57, 15, 0
25, 97, 83, 173, 237, 342, 60, 7, 245, 174, 133, 116, 210, 146, 0, 0, 226, 239, 119, 124, 254, 61, 1, 0
37, 52, 41, 44, 54, 767, 29, 0, 66, 45, 42, 48, 80, 737, 6, 0, 71, 45, 40, 52, 771, 45, 0, 0
1, 29, 44, 48, 137, 745, 20, 0, 5, 45, 47, 65, 677, 184, 1, 0, 8, 63, 293, 449, 188, 23, 0, 0
0, 0, 0, 0, 0, 1006, 18, 0, 0, 0, 0, 0, 830, 194, 0, 0, 0, 0, 71, 953, 0, 0, 0, 0
0, 0, 0, 0, 0, 1005, 19, 0, 0, 0, 0, 0, 741, 283, 0, 0, 0, 0, 1, 1023, 0, 0, 0, 0
0, 0, 0, 0, 0, 1020, 4, 0, 0, 0, 0, 0, 465, 559, 0, 0, 0, 0, 0, 1024, 0, 0, 0, 0
0, 0, 0, 0, 0, 990, 34, 0, 0, 0, 0, 0, 130, 894, 0, 0, 0, 0, 0, 1000, 24, 0, 0, 0
0, 0, 0, 0, 1, 965, 58, 0, 0, 0, 0, 0, 117, 907, 0, 0, 0, 0, 0, 536, 488, 0, 0, 0
0, 0, 0, 0, 0, 446, 66, 0, 0, 0, 0, 0, 72, 440, 0, 0, 0, 0, 0, 143, 369, 0, 0, 0
0, 0, 0, 0, 0, 1024, 0, 0, 0, 0, 0, 0, 15, 1009, 0, 0, 0, 0, 0, 0, 72, 952, 0, 0
0, 0, 0, 0, 0, 1024, 0, 0, 0, 0, 0, 0, 3, 1021, 0, 0, 0, 0, 0, 0, 689, 335, 0, 0
0, 0, 0, 0, 0, 980, 44, 0, 0, 0, 0, 0, 21, 1003, 0, 0, 0, 0, 0, 2, 1022, 0, 0, 0
0, 0, 0, 12, 71, 227, 435, 279, 0, 0, 1, 49, 64, 474, 402, 34, 0, 0, 37, 82, 740, 122, 13, 30
0, 0, 0, 0, 1, 61, 653, 309, 0, 0, 0, 0, 17, 586, 145, 276, 0, 0, 1, 139, 576, 23, 18, 267
0, 0, 0, 0, 0, 0, 1015, 9, 0, 0, 0, 0, 0, 371, 653, 0, 0, 0, 0, 0, 1024, 0, 0, 0
0, 0, 0, 0, 0, 0, 380, 644, 0, 0, 0, 0, 0, 0, 1024, 0, 0, 0, 0, 0, 1024, 0, 0, 0
0, 0, 0, 0, 0, 0, 6, 1018, 0, 0, 0, 0, 0, 0, 1024, 0, 0, 0, 0, 0, 1024, 0, 0, 0
0, 0, 0, 0, 0, 0, 141, 883, 0, 0, 0, 0, 0, 22, 1002, 0, 0, 0, 0, 1, 1020, 3, 0, 0
0, 0, 0, 0, 2, 54, 749, 219, 0, 0, 0, 0, 9, 410, 605, 0, 0, 0, 1, 72, 948, 3, 0, 0
0, 0, 0, 0, 0, 68, 805, 151, 0, 0, 0, 0, 2, 349, 673, 0, 0, 0, 0, 5, 999, 20, 0, 0
0, 0, 0, 0, 0, 0, 1024, 0, 0, 0, 0, 0, 0, 958, 66, 0, 0, 0, 0, 6, 1018, 0, 0, 0
0, 12, 17, 81, 388, 234, 285, 7, 0, 16, 41, 141, 383, 400, 43, 0, 12, 39, 328, 309, 321, 15, 0, 0
10, 30, 23, 48, 237, 375, 295, 6, 26, 21, 19, 66, 374, 289, 224, 5, 30, 22, 102, 323, 538, 8, 1, 0
26, 96, 75, 194, 309, 288, 32, 4, 327, 152, 143, 127, 180, 95, 0, 0, 286, 184, 155, 149, 199, 51, 0, 0
127, 194, 131, 128, 222, 212, 10, 0, 212, 161, 128, 153, 227, 139, 4, 0, 255, 149, 128, 165, 286, 40, 1, 0
3, 14, 56, 50, 159, 725, 17, 0, 3, 43, 43, 73, 805, 57, 0, 0, 8, 61, 571, 298, 66, 20, 0, 0
0, 0, 0, 0, 0, 1024, 0, 0, 0, 0, 0, 0, 1018, 6, 0, 0, 0, 0, 280, 744, 0, 0, 0, 0
0, 0, 0, 0, 0, 1021, 3, 0, 0, 0, 0, 0, 751, 273, 0, 0, 0, 0, 28, 996, 0, 0, 0, 0
0, 0, 0, 0, 1, 1005, 18, 0, 0, 0, 0, 0, 307, 717, 0, 0, 0, 0, 5, 1019, 0, 0, 0, 0
0, 0, 0, 0, 1, 1002, 21, 0, 0, 0, 0, 0, 198, 826, 0, 0, 0, 0, 1, 1016, 7, 0, 0, 0
0, 0, 0, 0, 2, 1009, 13, 0, 0, 0, 0, 0, 304, 720, 0, 0, 0, 0, 0, 891, 133, 0, 0, 0
0, 0, 0, 0, 4, 498, 10, 0, 0, 0, 0, 0, 171, 341, 0, 0, 0, 0, 1, 344, 167, 0, 0, 0
0, 0, 0, 0, 0, 1024, 0, 0, 0, 0, 0, 0, 16, 1008, 0, 0, 0, 0, 0, 0, 121, 903, 0, 0
0, 0, 0, 0, 0, 1024, 0, 0, 0, 0, 0, 0, 50, 974, 0, 0, 0, 0, 0, 0, 918, 106, 0, 0
0, 0, 0, 0, 0, 951, 73, 0, 0, 0, 0, 0, 14, 1010, 0, 0, 0, 0, 0, 5, 1019, 0, 0, 0
0, 0, 0, 0, 55, 107, 348, 514, 0, 0, 0, 28, 88, 269, 452, 187, 0, 0, 33, 79, 580, 124, 24, 184
0, 0, 0, 0, 0, 79, 797, 148, 0, 0, 0, 0, 0, 795, 99, 130, 0, 0, 0, 100, 776, 13, 11, 124
0, 0, 0, 0, 0, 0, 1018, 6, 0, 0, 0, 0, 0, 405, 619, 0, 0, 0, 0, 0, 1024, 0, 0, 0
0, 0, 0, 0, 0, 0, 391, 633, 0, 0, 0, 0, 0, 0, 1024, 0, 0, 0, 0, 0, 1024, 0, 0, 0
0, 25, 53, 28, 10, 23, 244, 641, 0, 72, 24, 15, 18, 75, 820, 0, 79, 77, 60, 19, 769, 20, 0, 0
0, 22, 43, 44, 105, 208, 387, 215, 0, 48, 33, 114, 213, 287, 329, 0, 61, 233, 235, 200, 226, 69, 0, 0
0, 30, 38, 27, 84, 186, 544, 115, 7, 47, 32, 52, 157, 451, 278, 0, 97, 301, 222, 150, 193, 61, 0, 0
0, 62, 25, 16, 16, 43, 844, 18, 5, 73, 16, 14, 24, 100, 792, 0, 64, 91, 21, 7, 833, 8, 0, 0
0, 0, 0, 0, 0, 0, 1024, 0, 0, 0, 0, 0, 0, 584, 440, 0, 0, 0, 0, 0, 1024, 0, 0, 0
0, 0, 7, 35, 87, 93, 802, 0, 0, 1, 14, 65, 98, 834, 12, 0, 1, 17, 78, 113, 810, 5, 0, 0
3, 27, 49, 85, 128, 429, 303, 0, 15, 27, 60, 47, 276, 513, 86, 0, 25, 56, 78, 175, 666, 24, 0, 0
17, 66, 41, 110, 151, 500, 136, 3, 81, 96, 81, 104, 295, 358, 9, 0, 85, 96, 83, 134, 551, 74, 1, 0
76, 66, 11, 57, 63, 746, 5, 0, 127, 18, 18, 83, 284, 494, 0, 0, 135, 44, 58, 24, 621, 142, 0, 0
0, 3, 14, 20, 144, 840, 3, 0, 0, 9, 13, 89, 886, 27, 0, 0, 2, 14, 172, 814, 17, 5, 0, 0
0, 0, 0, 0, 0, 1011, 13, 0, 0, 0, 0, 0, 813, 211, 0, 0, 0, 0, 2, 1022, 0, 0, 0, 0
0, 0, 0, 0, 0, 971, 53, 0, 0, 0, 0, 0, 475, 549, 0, 0, 0, 0, 1, 1023, 0, 0, 0, 0
0, 0, 0, 0, 0, 982, 42, 0, 0, 0, 0, 0, 179, 845, 0, 0, 0, 0, 0, 1024, 0, 0, 0, 0
0, 0, 0, 0, 0, 1016, 8, 0, 0, 0, 0, 0, 346, 678, 0, 0, 0, 0, 0, 1018, 6, 0, 0, 0
0, 0, 0, 0, 7, 1015, 2, 0, 0, 0, 0, 1, 629, 394, 0, 0, 0, 0, 5, 1006, 13, 0, 0, 0
0, 0, 0, 0, 8, 503, 1, 0, 0, 0, 0, 0, 324, 188, 0, 0, 0, 0, 0, 471, 41, 0, 0, 0
0, 0, 0, 0, 9, 1015, 0, 0, 0, 0, 0, 0, 54, 970, 0, 0, 0, 0, 0, 0, 424, 600, 0, 0
0, 0, 0, 0, 0, 1024, 0, 0, 0, 0, 0, 0, 123, 901, 0, 0, 0, 0, 0, 0, 1022, 2, 0, 0
0, 0, 0, 0, 4, 755, 249, 16, 0, 0, 0, 0, 61, 948, 15, 0, 0, 0, 0, 22, 1000, 2, 0, 0
0, 0, 0, 0, 60, 83, 243, 638, 0, 0, 0, 32, 94, 118, 452, 328, 0, 0, 34, 67, 430, 143, 30, 320
0, 0, 0, 0, 0, 88, 922, 14, 0, 0, 0, 0, 0, 982, 34, 8, 0, 0, 0, 83, 926, 6, 4, 5
0, 0, 0, 0, 0, 0, 1021, 3, 0, 0, 0, 0, 0, 520, 504, 0, 0, 0, 0, 0, 1024, 0, 0, 0
0, 0, 0, 0, 0, 0, 844, 180, 0, 0, 0, 0, 0, 2, 1022, 0, 0, 0, 0, 0, 1024, 0, 0, 0
0, 37, 50, 15, 10, 13, 419, 480, 0, 68, 30, 14, 1, 63, 848, 0, 76, 89, 38, 9, 804, 8, 0, 0
0, 32, 36, 52, 45, 142, 564, 153, 0, 42, 70, 83, 171, 233, 425, 0, 50, 158, 213, 203, 385, 15, 0, 0
0, 38, 45, 37, 54, 120, 646, 84, 3, 44, 69, 48, 107, 342, 411, 0, 94, 254, 241, 85, 338, 12, 0, 0
0, 47, 27, 15, 19, 47, 852, 17, 2, 61, 18, 21, 16, 136, 770, 0, 61, 58, 36, 12, 856, 1, 0, 0
0, 0, 0, 0, 0, 0, 1024, 0, 0, 0, 0, 0, 0, 735, 289, 0, 0, 0, 0, 0, 1024, 0, 0, 0
0, 0, 0, 0, 0, 30, 994, 0, 0, 0, 0, 0, 0, 1024, 0, 0, 0, 0, 0, 0, 1024, 0, 0, 0
0, 0, 0, 0, 0, 141, 883, 0, 0, 0, 0, 0, 7, 1017, 0, 0, 0, 0, 0, 7, 1017, 0, 0, 0
0, 0, 0, 0, 1, 957, 66, 0, 0, 0, 0, 0, 74, 950, 0, 0, 0, 0, 0, 32, 992, 0, 0, 0
231, 113, 15, 22, 18, 619, 6, 0, 322, 27, 14, 31, 193, 437, 0, 0, 341, 28, 23, 23, 609, 0, 0, 0
9, 36, 9, 26, 254, 690, 0, 0, 36, 13, 6, 216, 753, 0, 0, 0, 46, 38, 308, 632, 0, 0, 0, 0
0, 0, 0, 0, 0, 1018, 6, 0, 0, 0, 0, 0, 818, 206, 0, 0, 0, 0, 1, 1023, 0, 0, 0, 0
0, 0, 0, 0, 0, 994, 30, 0, 0, 0, 0, 0, 555, 469, 0, 0, 0, 0, 0, 1024, 0, 0, 0, 0
0, 0, 0, 0, 0, 1008, 16, 0, 0, 0, 0, 0, 292, 732, 0, 0, 0, 0, 0, 1024, 0, 0, 0, 0
0, 0, 0, 0, 0, 1024, 0, 0, 0, 0, 0, 0, 538, 486, 0, 0, 0, 0, 1, 1022, 1, 0, 0, 0
0, 0, 0, 0, 12, 1012, 0, 0, 0, 0, 0, 2, 764, 258, 0, 0, 0, 0, 5, 986, 33, 0, 0, 0
0, 0, 0, 0, 5, 507, 0, 0, 0, 0, 0, 3, 403, 106, 0, 0, 0, 0, 2, 479, 31, 0, 0, 0
0, 0, 0, 0, 36, 988, 0, 0, 0, 0, 0, 0, 477, 547, 0, 0, 0, 0, 0, 0, 891, 133, 0, 0
0, 0, 0, 0, 2, 1022, 0, 0, 0, 0, 0, 0, 709, 315, 0, 0, 0, 0, 0, 0, 1022, 2, 0, 0
0, 0, 0, 0, 3, 556, 295, 170, 0, 0, 0, 0, 103, 728, 193, 0, 0, 0, 0, 13, 993, 18, 0, 0
0, 0, 0, 0, 67, 82, 338, 537, 0, 0, 0, 20, 115, 161, 370, 358, 0, 0, 14, 94, 343, 190, 35, 348
0, 0, 0, 0, 0, 195, 827, 2, 0, 0, 0, 0, 15, 991, 18, 0, 0, 0, 0, 154, 869, 1, 0, 0
0, 0, 0, 0, 0, 25, 986, 13, 0, 0, 0, 0, 0, 734, 290, 0, 0, 0, 0, 4, 1006, 14, 0, 0
0, 0, 0, 0, 0, 9, 947, 68, 0, 0, 0, 0, 0, 149, 875, 0, 0, 0, 0, 7, 987, 30, 0, 0
0, 0, 0, 0, 0, 2, 813, 209, 0, 0, 0, 0, 0, 70, 954, 0, 0, 0, 0, 4, 989, 31, 0, 0
0, 0, 0, 0, 0, 0, 878, 146, 0, 0, 0, 0, 0, 73, 951, 0, 0, 0, 0, 0, 991, 33, 0, 0
0, 0, 0, 0, 0, 20, 949, 55, 0, 0, 0, 0, 5, 104, 915, 0, 0, 0, 0, 9, 965, 50, 0, 0
0, 0, 0, 0, 0, 14, 993, 17, 0, 0, 0, 0, 0, 371, 653, 0, 0, 0, 0, 1, 986, 37, 0, 0
0, 0, 0, 0, 0, 36, 988, 0, 0, 0, 0, 0, 1, 940, 83, 0, 0, 0, 0, 3, 988, 33, 0, 0
0, 0, 0, 0, 0, 15, 1009, 0, 0, 0, 0, 0, 0, 995, 29, 0, 0, 0, 0, 0, 994, 30, 0, 0
0, 0, 0, 0, 0, 5, 1019, 0, 0, 0, 0, 0, 0, 1008, 16, 0, 0, 0, 0, 0, 1000, 24, 0, 0
0, 0, 0, 0, 0, 306, 718, 0, 0, 0, 0, 0, 2, 1022, 0, 0, 0, 0, 0, 0, 1009, 15, 0, 0
22, 71, 7, 4, 8, 769, 143, 0, 78, 17, 5, 7, 9, 908, 0, 0, 85, 13, 7, 8, 906, 5, 0, 0
59, 249, 16, 14, 197, 487, 2, 0, 277, 39, 16, 124, 561, 7, 0, 0, 304, 32, 333, 353, 1, 1, 0, 0
0, 0, 0, 0, 0, 1004, 20, 0, 0, 0, 0, 0, 923, 101, 0, 0, 0, 0, 0, 1024, 0, 0, 0, 0
0, 0, 0, 0, 0, 982, 42, 0, 0, 0, 0, 0, 711, 313, 0, 0, 0, 0, 0, 1024, 0, 0, 0, 0
0, 0, 0, 0, 0, 996, 28, 0, 0, 0, 0, 0, 671, 353, 0, 0, 0, 0, 1, 1023, 0, 0, 0, 0
0, 0, 0, 0, 0, 1015, 9, 0, 0, 0, 0, 0, 813, 211, 0, 0, 0, 0, 0, 1020, 4, 0, 0, 0
0, 0, 0, 0, 7, 1016, 1, 0, 0, 0, 0, 0, 952, 72, 0, 0, 0, 0, 1, 1006, 17, 0, 0, 0
0, 0, 0, 0, 10, 502, 0, 0, 0, 0, 0, 0, 496, 16, 0, 0, 0, 0, 0, 502, 10, 0, 0, 0
