0, 0, 0, 0, 0, 951, 73, 0, 0, 0, 0, 0, 752, 272, 0, 0, 0, 0, 0, 50, 969, 5, 0, 0
0, 0, 0, 0, 0, 30, 994, 0, 0, 0, 0, 0, 0, 1024, 0, 0, 0, 0, 0, 0, 954, 70, 0, 0
0, 0, 0, 0, 0, 0, 1024, 0, 0, 0, 0, 0, 0, 1024, 0, 0, 0, 0, 0, 0, 992, 32, 0, 0
0, 0, 0, 0, 0, 11, 1013, 0, 0, 0, 0, 0, 0, 1024, 0, 0, 0, 0, 0, 0, 1023, 1, 0, 0
0, 0, 0, 0, 0, 303, 721, 0, 0, 0, 0, 0, 61, 963, 0, 0, 0, 0, 0, 1, 1023, 0, 0, 0
0, 0, 0, 220, 338, 324, 142, 0, 0, 0, 22, 531, 127, 344, 0, 0, 0, 0, 207, 369, 448, 0, 0, 0
0, 0, 0, 2, 952, 70, 0, 0, 0, 13, 79, 929, 3, 0, 0, 0, 0, 0, 69, 955, 0, 0, 0, 0
0, 0, 0, 0, 615, 248, 161, 0, 0, 55, 247, 719, 3, 0, 0, 0, 0, 0, 51, 904, 69, 0, 0, 0
0, 0, 0, 0, 604, 246, 174, 0, 0, 80, 338, 603, 3, 0, 0, 0, 0, 0, 100, 865, 59, 0, 0, 0
0, 0, 0, 0, 753, 248, 23, 0, 0, 40, 208, 776, 0, 0, 0, 0, 0, 0, 33, 991, 0, 0, 0, 0
0, 0, 0, 0, 544, 461, 19, 0, 0, 16, 362, 645, 1, 0, 0, 0, 0, 0, 0, 1024, 0, 0, 0, 0
0, 0, 112, 39, 532, 336, 5, 0, 14, 178, 286, 546, 0, 0, 0, 0, 92, 39, 67, 826, 0, 0, 0, 0
47, 158, 771, 48, 0, 0, 0, 0, 301, 723, 0, 0, 0, 0, 0, 0, 1023, 1, 0, 0, 0, 0, 0, 0
88, 196, 736, 4, 0, 0, 0, 0, 325, 699, 0, 0, 0, 0, 0, 0, 1024, 0, 0, 0, 0, 0, 0, 0
18, 166, 175, 12, 217, 436, 0, 0, 115, 242, 13, 18, 636, 0, 0, 0, 351, 14, 13, 115, 531, 0, 0, 0
35, 28, 21, 34, 114, 792, 0, 0, 48, 24, 17, 41, 797, 97, 0, 0, 43, 26, 21, 66, 836, 32, 0, 0
40, 35, 26, 144, 637, 142, 0, 0, 57, 27, 19, 187, 602, 130, 2, 0, 33, 33, 34, 215, 573, 136, 0, 0
644, 35, 17, 68, 160, 100, 0, 0, 659, 28, 15, 89, 112, 121, 0, 0, 620, 47, 30, 91, 115, 121, 0, 0
875, 149, 0, 0, 0, 0, 0, 0, 943, 81, 0, 0, 0, 0, 0, 0, 991, 33, 0, 0, 0, 0, 0, 0
1013, 11, 0, 0, 0, 0, 0, 0, 1015, 9, 0, 0, 0, 0, 0, 0, 1016, 8, 0, 0, 0, 0, 0, 0
256, 0, 0, 0, 0, 0, 0, 0, 256, 0, 0, 0, 0, 0, 0, 0, 256, 0, 0, 0, 0, 0, 0, 0
0, 0, 0, 0, 0, 1024, 0, 0, 0, 0, 0, 0, 862, 162, 0, 0, 0, 0, 0, 178, 846, 0, 0, 0
0, 0, 0, 0, 0, 312, 712, 0, 0, 0, 0, 0, 5, 1019, 0, 0, 0, 0, 0, 0, 959, 65, 0, 0
0, 0, 0, 0, 0, 0, 1024, 0, 0, 0, 0, 0, 0, 1024, 0, 0, 0, 0, 0, 0, 1012, 12, 0, 0
0, 0, 0, 0, 0, 0, 1024, 0, 0, 0, 0, 0, 0, 1024, 0, 0, 0, 0, 0, 0, 1024, 0, 0, 0
0, 0, 0, 0, 0, 35, 989, 0, 0, 0, 0, 0, 1, 1023, 0, 0, 0, 0, 0, 0, 1024, 0, 0, 0
0, 0, 0, 0, 0, 542, 482, 0, 0, 0, 0, 0, 51, 973, 0, 0, 0, 0, 0, 0, 1024, 0, 0, 0
0, 0, 0, 0, 170, 370, 484, 0, 0, 0, 0, 166, 64, 794, 0, 0, 0, 0, 1, 187, 836, 0, 0, 0
0, 0, 17, 59, 324, 289, 335, 0, 0, 5, 59, 317, 147, 496, 0, 0, 12, 49, 19, 373, 571, 0, 0, 0
0, 0, 50, 146, 440, 360, 28, 0, 0, 19, 155, 415, 237, 198, 0, 0, 66, 86, 45, 474, 353, 0, 0, 0
7, 26, 10, 27, 495, 440, 19, 0, 18, 19, 19, 457, 257, 254, 0, 0, 16, 28, 23, 530, 415, 12, 0, 0
49, 39, 36, 21, 588, 290, 1, 0, 62, 36, 25, 535, 215, 151, 0, 0, 56, 43, 42, 582, 278, 23, 0, 0
3, 3, 7, 28, 612, 356, 15, 0, 4, 4, 46, 575, 196, 199, 0, 0, 5, 39, 35, 596, 349, 0, 0, 0
4, 78, 582, 269, 91, 0, 0, 0, 117, 725, 175, 7, 0, 0, 0, 0, 940, 84, 0, 0, 0, 0, 0, 0
27, 95, 615, 220, 32, 35, 0, 0, 133, 728, 97, 11, 55, 0, 0, 0, 947, 12, 10, 18, 37, 0, 0, 0
5, 6, 9, 5, 222, 777, 0, 0, 9, 11, 5, 4, 918, 77, 0, 0, 19, 5, 2, 78, 920, 0, 0, 0
3, 50, 42, 28, 57, 844, 0, 0, 20, 56, 28, 26, 272, 622, 0, 0, 10, 43, 47, 74, 439, 411, 0, 0
62, 57, 30, 41, 306, 525, 3, 0, 77, 45, 27, 53, 266, 554, 2, 0, 48, 58, 51, 60, 258, 532, 17, 0
349, 148, 32, 32, 203, 256, 4, 0, 422, 92, 26, 21, 187, 272, 4, 0, 394, 82, 29, 39, 201, 252, 27, 0
952, 67, 5, 0, 0, 0, 0, 0, 999, 25, 0, 0, 0, 0, 0, 0, 998, 26, 0, 0, 0, 0, 0, 0
1023, 1, 0, 0, 0, 0, 0, 0, 1023, 1, 0, 0, 0, 0, 0, 0, 1022, 2, 0, 0, 0, 0, 0, 0
255, 1, 0, 0, 0, 0, 0, 0, 255, 1, 0, 0, 0, 0, 0, 0, 255, 1, 0, 0, 0, 0, 0, 0
0, 0, 0, 0, 15, 997, 3, 9, 0, 0, 0, 0, 1002, 10, 4, 8, 0, 0, 0, 452, 561, 3, 8, 0
0, 0, 0, 0, 0, 765, 259, 0, 0, 0, 0, 0, 445, 579, 0, 0, 0, 0, 0, 0, 1024, 0, 0, 0
0, 0, 0, 0, 0, 0, 1024, 0, 0, 0, 0, 0, 0, 1024, 0, 0, 0, 0, 0, 0, 1024, 0, 0, 0
0, 0, 0, 0, 0, 0, 1024, 0, 0, 0, 0, 0, 0, 1024, 0, 0, 0, 0, 0, 0, 1024, 0, 0, 0
0, 0, 0, 0, 0, 43, 981, 0, 0, 0, 0, 0, 2, 1022, 0, 0, 0, 0, 0, 0, 1024, 0, 0, 0
0, 0, 0, 0, 0, 532, 492, 0, 0, 0, 0, 0, 9, 1015, 0, 0, 0, 0, 0, 0, 1024, 0, 0, 0
0, 0, 0, 0, 0, 437, 587, 0, 0, 0, 0, 0, 4, 1020, 0, 0, 0, 0, 0, 0, 1024, 0, 0, 0
0, 0, 26, 55, 26, 282, 635, 0, 0, 12, 60, 25, 48, 879, 0, 0, 12, 47, 23, 33, 909, 0, 0, 0
0, 1, 48, 153, 149, 482, 191, 0, 0, 17, 148, 81, 246, 532, 0, 0, 7, 132, 39, 99, 746, 1, 0, 0
1, 20, 25, 38, 97, 825, 18, 0, 3, 20, 33, 41, 513, 414, 0, 0, 1, 40, 38, 76, 838, 31, 0, 0
50, 32, 85, 139, 225, 489, 4, 0, 56, 33, 121, 138, 308, 368, 0, 0, 55, 47, 163, 138, 508, 113, 0, 0
6, 9, 9, 136, 249, 573, 42, 0, 12, 19, 277, 97, 271, 348, 0, 0, 178, 162, 57, 49, 567, 11, 0, 0
0, 0, 3, 324, 671, 19, 7, 0, 1, 55, 920, 19, 10, 17, 2, 0, 702, 276, 8, 10, 16, 10, 2, 0
0, 36, 21, 520, 142, 305, 0, 0, 11, 133, 553, 16, 282, 29, 0, 0, 633, 68, 14, 22, 287, 0, 0, 0
0, 0, 0, 0, 1, 1023, 0, 0, 0, 0, 0, 0, 645, 379, 0, 0, 0, 0, 0, 0, 887, 137, 0, 0
23, 37, 25, 16, 21, 900, 2, 0, 20, 48, 17, 17, 63, 859, 0, 0, 22, 40, 27, 22, 104, 809, 0, 0
125, 69, 45, 35, 54, 632, 64, 0, 129, 73, 43, 33, 59, 617, 70, 0, 107, 76, 55, 52, 48, 564, 122, 0
254, 124, 44, 6, 41, 520, 35, 0, 314, 104, 5, 5, 43, 435, 118, 0, 366, 29, 16, 13, 23, 295, 282, 0
950, 72, 2, 0, 0, 0, 0, 0, 961, 63, 0, 0, 0, 0, 0, 0, 972, 52, 0, 0, 0, 0, 0, 0
1005, 19, 0, 0, 0, 0, 0, 0, 1005, 19, 0, 0, 0, 0, 0, 0, 1008, 16, 0, 0, 0, 0, 0, 0
256, 0, 0, 0, 0, 0, 0, 0, 256, 0, 0, 0, 0, 0, 0, 0, 256, 0, 0, 0, 0, 0, 0, 0
0, 0, 0, 0, 372, 646, 6, 0, 0, 0, 0, 5, 1011, 2, 6, 0, 0, 0, 1, 358, 662, 3, 0, 0
0, 0, 0, 0, 0, 1022, 2, 0, 0, 0, 0, 0, 906, 118, 0, 0, 0, 0, 0, 0, 1024, 0, 0, 0
0, 0, 0, 0, 0, 130, 894, 0, 0, 0, 0, 0, 9, 828, 187, 0, 0, 0, 0, 0, 738, 282, 4, 0
16, 11, 4, 4, 7, 9, 973, 0, 15, 10, 5, 6, 7, 981, 0, 0, 24, 7, 8, 6, 977, 2, 0, 0
590, 68, 59, 29, 31, 167, 80, 0, 613, 50, 65, 20, 124, 152, 0, 0, 643, 56, 48, 62, 213, 2, 0, 0
442, 32, 34, 20, 29, 423, 44, 0, 446, 32, 37, 25, 215, 269, 0, 0, 449, 45, 33, 61, 436, 0, 0, 0
16, 158, 46, 70, 98, 404, 232, 0, 91, 100, 44, 110, 245, 434, 0, 0, 166, 50, 87, 199, 522, 0, 0, 0
0, 134, 282, 257, 157, 174, 20, 0, 97, 68, 323, 241, 238, 57, 0, 0, 119, 152, 359, 276, 118, 0, 0, 0
9, 192, 412, 61, 94, 254, 2, 0, 109, 210, 321, 79, 222, 83, 0, 0, 160, 358, 172, 204, 130, 0, 0, 0
1, 43, 86, 39, 51, 778, 26, 0, 5, 93, 49, 51, 572, 254, 0, 0, 40, 80, 48, 158, 670, 28, 0, 0
0, 0, 2, 34, 101, 885, 2, 0, 0, 0, 2, 56, 422, 544, 0, 0, 0, 1, 19, 91, 840, 73, 0, 0
0, 0, 14, 305, 478, 198, 29, 0, 0, 15, 647, 124, 119, 119, 0, 0, 405, 306, 64, 37, 197, 15, 0, 0
2, 0, 18, 673, 248, 58, 25, 0, 2, 91, 811, 24, 44, 38, 14, 0, 673, 221, 27, 26, 39, 31, 7, 0
6, 135, 136, 251, 99, 390, 7, 0, 5, 245, 259, 66, 157, 292, 0, 0, 331, 152, 68, 65, 365, 41, 2, 0
0, 0, 0, 0, 81, 943, 0, 0, 0, 0, 0, 3, 488, 533, 0, 0, 0, 0, 0, 6, 672, 346, 0, 0
1, 27, 52, 21, 24, 848, 51, 0, 0, 35, 48, 21, 38, 876, 6, 0, 0, 20, 43, 51, 79, 826, 5, 0
13, 37, 19, 18, 61, 517, 359, 0, 17, 38, 14, 19, 46, 570, 319, 1, 3, 26, 29, 27, 49, 549, 291, 50
496, 28, 21, 23, 137, 232, 87, 0, 503, 24, 19, 21, 110, 259, 88, 0, 462, 43, 25, 29, 90, 262, 106, 7
1024, 0, 0, 0, 0, 0, 0, 0, 1024, 0, 0, 0, 0, 0, 0, 0, 1024, 0, 0, 0, 0, 0, 0, 0
988, 36, 0, 0, 0, 0, 0, 0, 976, 48, 0, 0, 0, 0, 0, 0, 977, 47, 0, 0, 0, 0, 0, 0
246, 10, 0, 0, 0, 0, 0, 0, 246, 10, 0, 0, 0, 0, 0, 0, 244, 12, 0, 0, 0, 0, 0, 0
0, 0, 0, 0, 8, 1016, 0, 0, 0, 0, 0, 0, 1024, 0, 0, 0, 0, 0, 0, 0, 1024, 0, 0, 0
0, 0, 0, 0, 0, 1024, 0, 0, 0, 0, 0, 0, 984, 40, 0, 0, 0, 0, 0, 0, 1024, 0, 0, 0
0, 0, 0, 0, 8, 315, 701, 0, 0, 0, 0, 0, 88, 346, 590, 0, 0, 0, 0, 11, 263, 722, 28, 0
0, 0, 0, 0, 0, 144, 880, 0, 0, 0, 0, 0, 90, 934, 0, 0, 0, 0, 0, 11, 964, 49, 0, 0
246, 50, 6, 8, 10, 13, 691, 0, 266, 35, 5, 13, 11, 694, 0, 0, 269, 29, 13, 12, 699, 2, 0, 0
159, 21, 27, 18, 21, 464, 314, 0, 174, 24, 23, 19, 188, 596, 0, 0, 179, 32, 20, 43, 747, 3, 0, 0
10, 133, 163, 79, 128, 418, 93, 0, 59, 192, 110, 77, 310, 274, 2, 0, 166, 161, 73, 151, 447, 26, 0, 0
0, 73, 306, 171, 208, 264, 2, 0, 50, 231, 213, 119, 388, 23, 0, 0, 101, 333, 106, 264, 220, 0, 0, 0
0, 128, 369, 42, 59, 254, 172, 0, 23, 435, 60, 60, 136, 293, 17, 0, 200, 298, 84, 60, 355, 27, 0, 0
0, 2, 30, 5, 8, 769, 210, 0, 0, 31, 6, 6, 58, 923, 0, 0, 2, 32, 5, 18, 967, 0, 0, 0
0, 0, 0, 27, 95, 810, 92, 0, 0, 0, 66, 55, 108, 795, 0, 0, 30, 49, 39, 20, 886, 0, 0, 0
15, 42, 48, 393, 519, 7, 0, 0, 37, 83, 834, 63, 4, 3, 0, 0, 565, 434, 17, 3, 5, 0, 0, 0
58, 197, 226, 355, 86, 52, 37, 13, 75, 508, 290, 72, 33, 28, 18, 0, 416, 218, 188, 108, 56, 33, 5, 0
24, 241, 165, 64, 65, 323, 78, 64, 4, 255, 175, 77, 81, 304, 66, 62, 87, 159, 136, 144, 136, 243, 64, 55
0, 0, 0, 1, 8, 444, 452, 119, 0, 0, 0, 2, 15, 592, 296, 119, 0, 0, 0, 1, 13, 611, 278, 121
0, 5, 7, 5, 4, 432, 571, 0, 0, 8, 6, 4, 4, 952, 50, 0, 0, 3, 5, 8, 4, 980, 24, 0
23, 47, 21, 32, 14, 148, 708, 31, 39, 39, 19, 21, 21, 112, 702, 71, 14, 31, 34, 31, 41, 108, 588, 177
544, 30, 11, 22, 9, 131, 276, 1, 548, 26, 11, 23, 7, 97, 309, 3, 512, 41, 24, 11, 23, 68, 252, 93
1024, 0, 0, 0, 0, 0, 0, 0, 1024, 0, 0, 0, 0, 0, 0, 0, 1024, 0, 0, 0, 0, 0, 0, 0
969, 51, 4, 0, 0, 0, 0, 0, 955, 63, 6, 0, 0, 0, 0, 0, 951, 66, 7, 0, 0, 0, 0, 0
241, 15, 0, 0, 0, 0, 0, 0, 240, 16, 0, 0, 0, 0, 0, 0, 241, 15, 0, 0, 0, 0, 0, 0
0, 0, 0, 0, 144, 880, 0, 0, 0, 0, 0, 0, 1024, 0, 0, 0, 0, 0, 0, 0, 1024, 0, 0, 0
0, 0, 0, 0, 0, 1024, 0, 0, 0, 0, 0, 0, 988, 36, 0, 0, 0, 0, 0, 0, 1024, 0, 0, 0
0, 0, 0, 0, 55, 248, 721, 0, 0, 0, 0, 0, 109, 292, 623, 0, 0, 0, 0, 43, 181, 570, 230, 0
0, 0, 0, 0, 5, 176, 843, 0, 0, 0, 0, 0, 119, 899, 6, 0, 0, 0, 0, 31, 929, 64, 0, 0
0, 0, 0, 0, 0, 366, 658, 0, 0, 0, 0, 0, 100, 924, 0, 0, 0, 0, 0, 0, 1024, 0, 0, 0
1, 37, 33, 56, 102, 660, 135, 0, 21, 22, 57, 111, 476, 337, 0, 0, 32, 34, 112, 298, 548, 0, 0, 0
24, 190, 258, 163, 200, 142, 47, 0, 87, 287, 234, 62, 265, 89, 0, 0, 277, 257, 116, 166, 199, 9, 0, 0
8, 48, 209, 217, 404, 138, 0, 0, 16, 188, 159, 241, 420, 0, 0, 0, 136, 175, 160, 415, 138, 0, 0, 0
42, 18, 138, 58, 34, 706, 28, 0, 37, 154, 46, 38, 485, 264, 0, 0, 97, 127, 46, 151, 603, 0, 0, 0
9, 1, 9, 1, 2, 990, 12, 0, 9, 1, 10, 1, 537, 466, 0, 0, 10, 9, 1, 28, 976, 0, 0, 0
0, 0, 0, 206, 287, 527, 4, 0, 0, 3, 415, 74, 350, 182, 0, 0, 187, 247, 52, 22, 516, 0, 0, 0
0, 10, 14, 758, 242, 0, 0, 0, 2, 98, 924, 0, 0, 0, 0, 0, 818, 206, 0, 0, 0, 0, 0, 0
31, 145, 526, 296, 9, 11, 3, 3, 80, 789, 127, 10, 10, 5, 3, 0, 892, 88, 22, 8, 9, 4, 1, 0
15, 37, 204, 30, 27, 688, 21, 2, 32, 233, 28, 28, 23, 678, 2, 0, 247, 39, 30, 12, 89, 605, 2, 0
0, 0, 0, 0, 0, 627, 397, 0, 0, 0, 0, 0, 0, 1013, 11, 0, 0, 0, 0, 0, 0, 1024, 0, 0
0, 0, 0, 0, 0, 96, 903, 25, 0, 0, 0, 0, 0, 601, 398, 25, 0, 0, 0, 0, 0, 747, 257, 20
0, 0, 0, 0, 0, 51, 928, 45, 0, 0, 0, 0, 0, 25, 882, 117, 0, 0, 0, 0, 0, 1, 769, 254
544, 221, 10, 5, 10, 40, 188, 6, 712, 58, 4, 5, 8, 32, 177, 28, 697, 46, 13, 16, 6, 20, 92, 134
935, 79, 10, 0, 0, 0, 0, 0, 995, 29, 0, 0, 0, 0, 0, 0, 1007, 17, 0, 0, 0, 0, 0, 0
983, 38, 3, 0, 0, 0, 0, 0, 954, 66, 4, 0, 0, 0, 0, 0, 946, 72, 6, 0, 0, 0, 0, 0
247, 9, 0, 0, 0, 0, 0, 0, 247, 9, 0, 0, 0, 0, 0, 0, 249, 7, 0, 0, 0, 0, 0, 0
0, 0, 0, 0, 639, 385, 0, 0, 0, 0, 0, 0, 1024, 0, 0, 0, 0, 0, 0, 0, 1024, 0, 0, 0
0, 0, 0, 0, 86, 938, 0, 0, 0, 0, 0, 0, 716, 308, 0, 0, 0, 0, 0, 0, 1024, 0, 0, 0
0, 0, 0, 0, 67, 185, 772, 0, 0, 0, 0, 0, 94, 238, 692, 0, 0, 0, 0, 61, 157, 220, 586, 0
0, 0, 0, 0, 56, 418, 550, 0, 0, 0, 0, 0, 417, 569, 38, 0, 0, 0, 0, 275, 685, 63, 1, 0
0, 0, 0, 0, 0, 943, 81, 0, 0, 0, 0, 0, 707, 317, 0, 0, 0, 0, 0, 88, 936, 0, 0, 0
0, 24, 356, 80, 57, 503, 3, 1, 0, 249, 197, 67, 507, 3, 1, 0, 139, 325, 47, 476, 37, 0, 0, 0
24, 240, 515, 215, 26, 2, 2, 0, 54, 456, 472, 35, 4, 2, 1, 0, 342, 654, 19, 6, 2, 1, 0, 0
4, 102, 233, 241, 200, 244, 0, 0, 6, 275, 288, 128, 327, 0, 0, 0, 52, 508, 45, 416, 3, 0, 0, 0
43, 113, 271, 196, 45, 356, 0, 0, 69, 107, 312, 172, 364, 0, 0, 0, 59, 221, 293, 398, 53, 0, 0, 0
11, 33, 26, 25, 55, 874, 0, 0, 13, 38, 26, 25, 917, 5, 0, 0, 15, 38, 30, 117, 821, 3, 0, 0
6, 24, 46, 667, 130, 151, 0, 0, 18, 118, 684, 50, 148, 6, 0, 0, 563, 256, 43, 19, 143, 0, 0, 0
3, 52, 132, 816, 21, 0, 0, 0, 32, 543, 426, 16, 7, 0, 0, 0, 948, 48, 11, 14, 3, 0, 0, 0
6, 85, 709, 174, 50, 0, 0, 0, 33, 835, 74, 53, 29, 0, 0, 0, 848, 78, 44, 27, 27, 0, 0, 0
0, 94, 203, 17, 8, 662, 40, 0, 25, 268, 16, 12, 5, 698, 0, 0, 297, 13, 11, 9, 42, 652, 0, 0
0, 0, 0, 0, 0, 263, 761, 0, 0, 0, 0, 0, 0, 846, 178, 0, 0, 0, 0, 0, 0, 988, 36, 0
15, 1, 6, 2, 3, 21, 884, 92, 12, 5, 3, 4, 4, 165, 715, 116, 9, 7, 5, 3, 3, 395, 454, 148
72, 19, 13, 13, 12, 25, 816, 54, 72, 19, 12, 9, 16, 20, 764, 112, 48, 23, 21, 20, 13, 12, 405, 482
100, 693, 157, 9, 7, 8, 45, 5, 681, 254, 15, 7, 9, 6, 44, 8, 868, 53, 21, 9, 6, 9, 42, 16
588, 194, 242, 0, 0, 0, 0, 0, 811, 212, 1, 0, 0, 0, 0, 0, 1006, 17, 1, 0, 0, 0, 0, 0
967, 56, 1, 0, 0, 0, 0, 0, 961, 62, 1, 0, 0, 0, 0, 0, 966, 57, 1, 0, 0, 0, 0, 0
256, 0, 0, 0, 0, 0, 0, 0, 256, 0, 0, 0, 0, 0, 0, 0, 256, 0, 0, 0, 0, 0, 0, 0
0, 0, 0, 0, 99, 925, 0, 0, 0, 0, 0, 0, 1024, 0, 0, 0, 0, 0, 0, 0, 1024, 0, 0, 0
0, 0, 0, 0, 53, 971, 0, 0, 0, 0, 0, 0, 557, 467, 0, 0, 0, 0, 0, 0, 1024, 0, 0, 0
0, 0, 0, 0, 51, 194, 779, 0, 0, 0, 0, 0, 95, 166, 763, 0, 0, 0, 0, 48, 136, 128, 712, 0
0, 0, 0, 0, 197, 677, 150, 0, 0, 0, 0, 0, 844, 116, 64, 0, 0, 0, 0, 764, 178, 56, 26, 0
0, 0, 0, 0, 0, 699, 325, 0, 0, 0, 0, 0, 498, 526, 0, 0, 0, 0, 0, 91, 933, 0, 0, 0
0, 14, 180, 61, 20, 749, 0, 0, 0, 137, 109, 24, 754, 0, 0, 0, 63, 147, 60, 660, 94, 0, 0, 0
25, 180, 451, 185, 57, 126, 0, 0, 60, 379, 397, 33, 155, 0, 0, 0, 280, 511, 87, 146, 0, 0, 0, 0
8, 97, 206, 427, 229, 44, 13, 0, 24, 204, 220, 444, 113, 19, 0, 0, 108, 321, 278, 289, 18, 10, 0, 0
0, 27, 221, 117, 298, 360, 1, 0, 26, 152, 145, 157, 533, 11, 0, 0, 74, 210, 93, 625, 17, 5, 0, 0
0, 0, 0, 177, 183, 664, 0, 0, 0, 39, 148, 64, 773, 0, 0, 0, 121, 62, 36, 732, 73, 0, 0, 0
10, 157, 265, 581, 11, 0, 0, 0, 70, 628, 325, 1, 0, 0, 0, 0, 868, 151, 5, 0, 0, 0, 0, 0
19, 127, 285, 67, 76, 450, 0, 0, 74, 374, 21, 69, 325, 161, 0, 0, 430, 33, 47, 78, 418, 18, 0, 0
242, 192, 100, 50, 136, 230, 74, 0, 324, 205, 10, 111, 113, 192, 69, 0, 487, 35, 65, 74, 156, 139, 67, 1
135, 143, 110, 10, 7, 369, 250, 0, 206, 177, 8, 9, 6, 601, 17, 0, 380, 10, 10, 6, 28, 590, 0, 0
0, 0, 0, 0, 1, 118, 905, 0, 0, 0, 0, 0, 3, 615, 406, 0, 0, 0, 0, 0, 2, 803, 219, 0
30, 36, 48, 41, 46, 87, 591, 145, 24, 39, 51, 39, 50, 111, 550, 160, 18, 37, 46, 52, 48, 168, 412, 243
317, 43, 22, 20, 19, 39, 533, 31, 310, 44, 25, 16, 20, 26, 507, 76, 269, 44, 40, 26, 27, 27, 413, 178
97, 239, 686, 2, 0, 0, 0, 0, 217, 798, 7, 2, 0, 0, 0, 0, 1001, 16, 5, 2, 0, 0, 0, 0
594, 119, 308, 2, 1, 0, 0, 0, 696, 316, 8, 3, 1, 0, 0, 0, 956, 58, 7, 2, 1, 0, 0, 0
959, 47, 8, 3, 3, 2, 1, 1, 949, 54, 10, 2, 4, 3, 1, 1, 961, 42, 9, 3, 2, 5, 1, 1
235, 17, 4, 0, 0, 0, 0, 0, 233, 19, 4, 0, 0, 0, 0, 0, 233, 19, 4, 0, 0, 0, 0, 0
0, 0, 0, 0, 0, 1024, 0, 0, 0, 0, 0, 0, 883, 141, 0, 0, 0, 0, 0, 0, 1024, 0, 0, 0
0, 0, 0, 0, 0, 882, 142, 0, 0, 0, 0, 0, 351, 673, 0, 0, 0, 0, 0, 0, 996, 28, 0, 0
0, 0, 0, 0, 14, 159, 848, 3, 0, 0, 0, 0, 56, 176, 792, 0, 0, 0, 0, 18, 127, 116, 763, 0
0, 0, 0, 0, 696, 198, 91, 39, 0, 0, 0, 8, 881, 71, 64, 0, 0, 0, 0, 876, 61, 79, 8, 0
0, 0, 0, 0, 51, 884, 89, 0, 0, 0, 0, 0, 597, 427, 0, 0, 0, 0, 0, 466, 444, 114, 0, 0
0, 0, 0, 0, 5, 1010, 9, 0, 0, 0, 0, 1, 998, 25, 0, 0, 0, 0, 0, 896, 128, 0, 0, 0
0, 0, 61, 22, 328, 613, 0, 0, 0, 55, 24, 237, 708, 0, 0, 0, 36, 43, 132, 812, 1, 0, 0, 0
4, 60, 208, 272, 300, 180, 0, 0, 32, 162, 292, 226, 312, 0, 0, 0, 147, 247, 266, 359, 5, 0, 0, 0
0, 14, 89, 100, 601, 220, 0, 0, 5, 62, 100, 414, 443, 0, 0, 0, 33, 101, 153, 694, 43, 0, 0, 0
13, 63, 235, 468, 244, 1, 0, 0, 29, 501, 190, 287, 17, 0, 0, 0, 510, 173, 220, 120, 1, 0, 0, 0
7, 81, 235, 528, 126, 29, 18, 0, 102, 563, 189, 120, 37, 13, 0, 0, 624, 149, 152, 65, 25, 9, 0, 0
21, 38, 58, 73, 193, 622, 19, 0, 66, 91, 63, 64, 340, 400, 0, 0, 104, 52, 77, 96, 426, 269, 0, 0
311, 66, 21, 9, 166, 329, 122, 0, 295, 81, 22, 15, 179, 313, 119, 0, 294, 69, 34, 25, 165, 320, 117, 0
426, 169, 14, 5, 8, 62, 340, 0, 409, 187, 13, 4, 10, 258, 143, 0, 522, 81, 10, 6, 12, 360, 33, 0
0, 0, 2, 3, 5, 18, 965, 31, 0, 0, 0, 4, 6, 216, 763, 35, 0, 0, 0, 1, 4, 306, 681, 32
113, 79, 54, 47, 38, 53, 512, 128, 89, 87, 58, 55, 36, 54, 370, 275, 54, 76, 76, 57, 55, 78, 138, 490
703, 94, 17, 10, 10, 11, 158, 21, 688, 106, 17, 9, 12, 9, 134, 49, 672, 97, 27, 14, 15, 10, 49, 140
476, 161, 387, 0, 0, 0, 0, 0, 617, 405, 2, 0, 0, 0, 0, 0, 990, 32, 2, 0, 0, 0, 0, 0
899, 78, 42, 5, 0, 0, 0, 0, 929, 83, 9, 3, 0, 0, 0, 0, 966, 47, 11, 0, 0, 0, 0, 0
1002, 22, 0, 0, 0, 0, 0, 0, 992, 32, 0, 0, 0, 0, 0, 0, 1009, 15, 0, 0, 0, 0, 0, 0
251, 5, 0, 0, 0, 0, 0, 0, 251, 5, 0, 0, 0, 0, 0, 0, 254, 2, 0, 0, 0, 0, 0, 0
0, 0, 0, 0, 0, 377, 151, 496, 0, 0, 0, 0, 36, 492, 159, 337, 0, 0, 0, 0, 540, 275, 209, 0
0, 0, 0, 0, 0, 317, 559, 148, 0, 0, 0, 0, 45, 816, 102, 61, 0, 0, 0, 0, 570, 413, 41, 0
0, 0, 0, 0, 24, 79, 846, 75, 0, 0, 0, 1, 46, 133, 835, 9, 0, 0, 2, 9, 89, 129, 795, 0
0, 0, 35, 43, 474, 86, 50, 336, 0, 23, 67, 142, 401, 72, 70, 249, 34, 66, 53, 478, 83, 65, 23, 222
1, 17, 10, 10, 173, 733, 13, 67, 2, 22, 9, 19, 518, 380, 9, 65, 21, 10, 8, 435, 392, 90, 13, 55
0, 0, 18, 57, 438, 511, 0, 0, 0, 14, 43, 213, 754, 0, 0, 0, 5, 33, 173, 807, 6, 0, 0, 0
0, 17, 84, 151, 681, 91, 0, 0, 1, 74, 117, 448, 384, 0, 0, 0, 54, 106, 317, 536, 11, 0, 0, 0
0, 80, 311, 379, 240, 14, 0, 0, 22, 335, 344, 283, 37, 3, 0, 0, 335, 284, 264, 136, 5, 0, 0, 0
0, 49, 181, 449, 325, 15, 4, 1, 7, 144, 265, 581, 15, 8, 3, 1, 85, 192, 576, 151, 10, 8, 2, 0
0, 28, 297, 587, 90, 21, 0, 1, 2, 442, 367, 175, 30, 7, 0, 1, 426, 234, 256, 86, 20, 1, 0, 1
1, 23, 90, 321, 310, 271, 8, 0, 61, 324, 152, 93, 265, 124, 5, 0, 398, 119, 44, 182, 172, 104, 5, 0
2, 19, 120, 49, 22, 635, 176, 1, 10, 121, 59, 8, 52, 627, 146, 1, 113, 58, 23, 20, 123, 576, 110, 1
386, 52, 22, 17, 7, 196, 344, 0, 377, 54, 24, 18, 14, 144, 392, 1, 364, 60, 19, 21, 21, 107, 415, 17
896, 94, 3, 2, 3, 5, 21, 0, 883, 108, 2, 2, 3, 10, 16, 0, 938, 54, 2, 3, 2, 22, 3, 0
378, 62, 64, 27, 28, 27, 323, 115, 370, 58, 69, 26, 31, 44, 259, 167, 372, 55, 54, 39, 30, 58, 219, 197
201, 447, 39, 29, 20, 21, 110, 157, 193, 447, 45, 27, 15, 24, 46, 227, 275, 330, 63, 35, 14, 29, 30, 248
891, 117, 9, 5, 2, 0, 0, 0, 894, 111, 11, 5, 1, 2, 0, 0, 910, 92, 14, 5, 2, 1, 0, 0
969, 55, 0, 0, 0, 0, 0, 0, 972, 52, 0, 0, 0, 0, 0, 0, 1011, 13, 0, 0, 0, 0, 0, 0
973, 50, 1, 0, 0, 0, 0, 0, 978, 45, 1, 0, 0, 0, 0, 0, 1008, 15, 1, 0, 0, 0, 0, 0
978, 46, 0, 0, 0, 0, 0, 0, 967, 57, 0, 0, 0, 0, 0, 0, 1000, 24, 0, 0, 0, 0, 0, 0
232, 24, 0, 0, 0, 0, 0, 0, 231, 25, 0, 0, 0, 0, 0, 0, 245, 11, 0, 0, 0, 0, 0, 0
0, 0, 0, 0, 0, 659, 175, 190, 0, 0, 0, 0, 0, 811, 162, 51, 0, 0, 0, 0, 542, 476, 6, 0
0, 0, 0, 0, 0, 449, 532, 43, 0, 0, 0, 0, 0, 967, 48, 9, 0, 0, 0, 0, 312, 712, 0, 0
0, 0, 0, 0, 26, 74, 718, 206, 0, 0, 0, 3, 32, 143, 830, 16, 0, 0, 0, 5, 76, 133, 810, 0
0, 0, 7, 20, 695, 25, 37, 240, 0, 6, 16, 365, 355, 10, 96, 176, 3, 25, 25, 688, 7, 89, 87, 100
1, 14, 21, 10, 318, 604, 15, 41, 1, 31, 8, 26, 524, 388, 5, 41, 22, 16, 3, 311, 426, 205, 8, 33
0, 46, 218, 265, 463, 32, 0, 0, 2, 113, 215, 381, 313, 0, 0, 0, 16, 186, 271, 460, 91, 0, 0, 0
0, 29, 103, 257, 544, 67, 24, 0, 11, 88, 223, 190, 478, 22, 12, 0, 74, 219, 151, 415, 143, 21, 1, 0
3, 58, 134, 294, 526, 6, 3, 0, 30, 142, 270, 221, 354, 6, 1, 0, 117, 264, 135, 494, 11, 3, 0, 0
1, 3, 189, 463, 367, 1, 0, 0, 1, 90, 280, 544, 109, 0, 0, 0, 65, 147, 375, 437, 0, 0, 0, 0
14, 77, 273, 472, 168, 17, 3, 0, 37, 209, 340, 319, 113, 6, 0, 0, 181, 165, 416, 198, 60, 4, 0, 0
1, 33, 103, 75, 258, 436, 118, 0, 7, 108, 63, 67, 391, 279, 109, 0, 83, 55, 62, 87, 393, 215, 129, 0
10, 55, 59, 73, 81, 438, 289, 19, 14, 69, 50, 60, 91, 460, 249, 31, 40, 47, 50, 65, 100, 437, 212, 73
389, 124, 41, 45, 21, 88, 310, 6, 374, 129, 43, 51, 13, 62, 332, 20, 376, 115, 40, 54, 17, 30, 272, 120
815, 143, 22, 16, 9, 8, 8, 3, 782, 178, 21, 17, 7, 7, 7, 5, 812, 151, 23, 16, 6, 5, 9, 2
977, 44, 3, 0, 0, 0, 0, 0, 962, 58, 4, 0, 0, 0, 0, 0, 977, 41, 6, 0, 0, 0, 0, 0
657, 352, 13, 1, 1, 0, 0, 0, 661, 346, 15, 1, 1, 0, 0, 0, 749, 256, 15, 3, 1, 0, 0, 0
942, 77, 3, 0, 2, 0, 0, 0, 931, 88, 3, 0, 0, 2, 0, 0, 963, 55, 2, 2, 1, 1, 0, 0
821, 200, 1, 2, 0, 0, 0, 0, 803, 219, 1, 1, 0, 0, 0, 0, 901, 121, 2, 0, 0, 0, 0, 0
914, 110, 0, 0, 0, 0, 0, 0, 896, 128, 0, 0, 0, 0, 0, 0, 955, 69, 0, 0, 0, 0, 0, 0
780, 225, 19, 0, 0, 0, 0, 0, 762, 241, 19, 2, 0, 0, 0, 0, 848, 162, 14, 0, 0, 0, 0, 0
222, 30, 1, 3, 0, 0, 0, 0, 220, 31, 2, 2, 1, 0, 0, 0, 229, 20, 5, 2, 0, 0, 0, 0
0, 0, 0, 0, 0, 1024, 0, 0, 0, 0, 0, 0, 0, 1024, 0, 0, 0, 0, 0, 0, 250, 774, 0, 0
0, 0, 0, 0, 0, 776, 248, 0, 0, 0, 0, 0, 0, 1024, 0, 0, 0, 0, 0, 0, 122, 902, 0, 0
0, 0, 0, 0, 28, 128, 509, 359, 0, 0, 0, 15, 20, 191, 786, 12, 0, 0, 0, 25, 58, 144, 781, 16
0, 0, 0, 0, 518, 102, 209, 195, 0, 0, 0, 182, 414, 212, 197, 19, 0, 0, 0, 610, 231, 138, 45, 0
0, 0, 11, 22, 216, 469, 298, 8, 0, 7, 23, 11, 496, 479, 8, 0, 8, 21, 9, 225, 443, 318, 0, 0
0, 4, 29, 112, 587, 163, 9, 120, 0, 12, 39, 286, 553, 11, 11, 112, 5, 31, 129, 505, 229, 8, 23, 94
0, 40, 49, 95, 764, 76, 0, 0, 8, 71, 74, 71, 800, 0, 0, 0, 56, 64, 48, 185, 671, 0, 0, 0
2, 59, 66, 135, 761, 1, 0, 0, 27, 80, 102, 79, 736, 0, 0, 0, 80, 84, 73, 523, 264, 0, 0, 0
1, 30, 362, 433, 175, 23, 0, 0, 1, 64, 606, 206, 129, 18, 0, 0, 45, 205, 531, 181, 48, 14, 0, 0
0, 19, 352, 369, 239, 45, 0, 0, 0, 24, 534, 205, 223, 38, 0, 0, 0, 81, 539, 147, 224, 33, 0, 0
0, 7, 5, 12, 657, 213, 130, 0, 0, 5, 7, 10, 721, 107, 174, 0, 0, 5, 7, 12, 748, 35, 217, 0
18, 61, 82, 426, 246, 90, 96, 5, 10, 52, 92, 422, 253, 41, 136, 18, 12, 51, 88, 412, 259, 30, 144, 28
114, 343, 207, 309, 16, 11, 18, 6, 92, 350, 203, 311, 32, 11, 14, 11, 96, 342, 203, 307, 40, 6, 10, 20
545, 434, 32, 5, 2, 4, 1, 1, 514, 467, 27, 7, 3, 4, 1, 1, 565, 417, 25, 9, 3, 3, 1, 1
407, 617, 0, 0, 0, 0, 0, 0, 363, 661, 0, 0, 0, 0, 0, 0, 569, 455, 0, 0, 0, 0, 0, 0
578, 446, 0, 0, 0, 0, 0, 0, 502, 522, 0, 0, 0, 0, 0, 0, 767, 257, 0, 0, 0, 0, 0, 0
876, 148, 0, 0, 0, 0, 0, 0, 855, 169, 0, 0, 0, 0, 0, 0, 955, 69, 0, 0, 0, 0, 0, 0
650, 370, 4, 0, 0, 0, 0, 0, 701, 320, 3, 0, 0, 0, 0, 0, 944, 80, 0, 0, 0, 0, 0, 0
336, 678, 10, 0, 0, 0, 0, 0, 435, 583, 6, 0, 0, 0, 0, 0, 921, 103, 0, 0, 0, 0, 0, 0
203, 758, 63, 0, 0, 0, 0, 0, 284, 728, 12, 0, 0, 0, 0, 0, 835, 187, 2, 0, 0, 0, 0, 0
79, 177, 0, 0, 0, 0, 0, 0, 116, 140, 0, 0, 0, 0, 0, 0, 239, 17, 0, 0, 0, 0, 0, 0
0, 0, 0, 0, 0, 1024, 0, 0, 0, 0, 0, 0, 0, 1024, 0, 0, 0, 0, 0, 0, 0, 1024, 0, 0
0, 0, 0, 0, 0, 959, 65, 0, 0, 0, 0, 0, 0, 1024, 0, 0, 0, 0, 0, 0, 0, 1024, 0, 0
0, 0, 0, 15, 41, 162, 307, 499, 0, 0, 0, 21, 40, 175, 617, 171, 0, 0, 0, 26, 40, 158, 765, 35
0, 0, 0, 0, 700, 142, 154, 28, 0, 0, 0, 0, 778, 149, 97, 0, 0, 0, 0, 775, 104, 77, 68, 0
0, 0, 0, 3, 208, 537, 273, 3, 0, 0, 0, 5, 541, 470, 8, 0, 0, 0, 3, 141, 488, 392, 0, 0
0, 4, 17, 148, 408, 417, 8, 22, 0, 10, 76, 253, 597, 60, 8, 20, 17, 64, 163, 242, 510, 10, 12, 6
0, 0, 40, 178, 661, 130, 8, 7, 0, 5, 124, 631, 206, 46, 6, 6, 0, 130, 553, 211, 118, 5, 3, 4
4, 107, 187, 266, 410, 35, 14, 1, 7, 180, 259, 506, 45, 16, 11, 0, 87, 368, 467, 57, 29, 10, 6, 0
2, 8, 317, 420, 102, 88, 78, 9, 0, 31, 393, 357, 79, 83, 76, 5, 5, 55, 610, 138, 74, 68, 72, 2
0, 9, 245, 259, 431, 58, 10, 12, 0, 14, 306, 322, 330, 40, 5, 7, 0, 51, 446, 202, 287, 36, 2, 0
5, 47, 45, 54, 873, 0, 0, 0, 2, 44, 47, 57, 874, 0, 0, 0, 2, 42, 50, 61, 868, 1, 0, 0
24, 110, 79, 204, 607, 0, 0, 0, 17, 96, 94, 204, 613, 0, 0, 0, 16, 104, 86, 215, 603, 0, 0, 0
49, 456, 62, 217, 240, 0, 0, 0, 39, 458, 66, 217, 244, 0, 0, 0, 40, 450, 74, 211, 249, 0, 0, 0
115, 903, 6, 0, 0, 0, 0, 0, 112, 904, 8, 0, 0, 0, 0, 0, 119, 904, 1, 0, 0, 0, 0, 0
112, 910, 2, 0, 0, 0, 0, 0, 97, 925, 2, 0, 0, 0, 0, 0, 114, 910, 0, 0, 0, 0, 0, 0
146, 878, 0, 0, 0, 0, 0, 0, 106, 918, 0, 0, 0, 0, 0, 0, 361, 663, 0, 0, 0, 0, 0, 0
382, 642, 0, 0, 0, 0, 0, 0, 392, 632, 0, 0, 0, 0, 0, 0, 831, 193, 0, 0, 0, 0, 0, 0
230, 793, 1, 0, 0, 0, 0, 0, 302, 721, 1, 0, 0, 0, 0, 0, 877, 147, 0, 0, 0, 0, 0, 0
42, 974, 8, 0, 0, 0, 0, 0, 190, 828, 6, 0, 0, 0, 0, 0, 901, 123, 0, 0, 0, 0, 0, 0
11, 934, 79, 0, 0, 0, 0, 0, 62, 949, 13, 0, 0, 0, 0, 0, 801, 223, 0, 0, 0, 0, 0, 0
7, 247, 2, 0, 0, 0, 0, 0, 22, 234, 0, 0, 0, 0, 0, 0, 231, 25, 0, 0, 0, 0, 0, 0
0, 0, 0, 0, 0, 1024, 0, 0, 0, 0, 0, 0, 0, 1024, 0, 0, 0, 0, 0, 0, 0, 1024, 0, 0
0, 0, 0, 0, 0, 788, 236, 0, 0, 0, 0, 0, 0, 1024, 0, 0, 0, 0, 0, 0, 0, 1024, 0, 0
0, 0, 0, 29, 35, 147, 207, 606, 0, 0, 0, 32, 32, 167, 219, 574, 0, 0, 3, 29, 35, 158, 550, 249
0, 0, 0, 0, 797, 99, 107, 21, 0, 0, 0, 0, 833, 95, 96, 0, 0, 0, 0, 191, 660, 86, 87, 0
0, 0, 0, 0, 194, 534, 296, 0, 0, 0, 0, 0, 558, 425, 41, 0, 0, 0, 0, 11, 621, 392, 0, 0
0, 4, 5, 33, 368, 614, 0, 0, 0, 4, 25, 115, 653, 227, 0, 0, 3, 22, 59, 224, 712, 4, 0, 0
2, 69, 113, 85, 399, 215, 42, 99, 0, 48, 129, 262, 241, 215, 38, 91, 2, 90, 228, 272, 218, 93, 46, 75
10, 89, 281, 229, 296, 63, 23, 33, 11, 67, 351, 313, 127, 57, 51, 47, 26, 284, 239, 287, 63, 44, 23, 58
0, 11, 352, 365, 233, 50, 9, 4, 0, 11, 365, 390, 202, 45, 8, 3, 0, 21, 460, 369, 134, 33, 6, 1
0, 5, 204, 300, 375, 140, 0, 0, 0, 3, 303, 327, 230, 161, 0, 0, 0, 5, 406, 283, 144, 186, 0, 0
0, 0, 0, 0, 1013, 11, 0, 0, 0, 0, 0, 0, 980, 44, 0, 0, 0, 0, 0, 0, 880, 144, 0, 0
0, 0, 0, 0, 1024, 0, 0, 0, 0, 0, 0, 0, 1024, 0, 0, 0, 0, 0, 0, 0, 1024, 0, 0, 0
26, 370, 52, 227, 349, 0, 0, 0, 26, 368, 54, 221, 355, 0, 0, 0, 16, 392, 40, 234, 342, 0, 0, 0
0, 794, 230, 0, 0, 0, 0, 0, 0, 761, 263, 0, 0, 0, 0, 0, 0, 940, 84, 0, 0, 0, 0, 0
0, 988, 36, 0, 0, 0, 0, 0, 0, 979, 45, 0, 0, 0, 0, 0, 0, 1010, 14, 0, 0, 0, 0, 0
1, 1012, 11, 0, 0, 0, 0, 0, 1, 1014, 9, 0, 0, 0, 0, 0, 35, 987, 2, 0, 0, 0, 0, 0
8, 1004, 12, 0, 0, 0, 0, 0, 2, 1013, 9, 0, 0, 0, 0, 0, 410, 614, 0, 0, 0, 0, 0, 0
38, 986, 0, 0, 0, 0, 0, 0, 43, 981, 0, 0, 0, 0, 0, 0, 749, 275, 0, 0, 0, 0, 0, 0
182, 817, 25, 0, 0, 0, 0, 0, 230, 778, 16, 0, 0, 0, 0, 0, 850, 174, 0, 0, 0, 0, 0, 0
112, 875, 37, 0, 0, 0, 0, 0, 239, 765, 20, 0, 0, 0, 0, 0, 853, 171, 0, 0, 0, 0, 0, 0
53, 203, 0, 0, 0, 0, 0, 0, 95, 161, 0, 0, 0, 0, 0, 0, 247, 9, 0, 0, 0, 0, 0, 0
0, 0, 0, 0, 0, 820, 204, 0, 0, 0, 0, 0, 0, 1024, 0, 0, 0, 0, 0, 0, 0, 1024, 0, 0
0, 0, 0, 0, 0, 321, 703, 0, 0, 0, 0, 0, 0, 1024, 0, 0, 0, 0, 0, 0, 0, 1024, 0, 0
0, 0, 0, 30, 10, 171, 174, 639, 0, 0, 0, 31, 4, 211, 167, 611, 0, 0, 8, 23, 29, 166, 234, 564
0, 0, 0, 0, 75, 821, 96, 32, 0, 0, 0, 0, 786, 110, 107, 21, 0, 0, 0, 0, 833, 75, 116, 0
0, 0, 0, 0, 68, 605, 351, 0, 0, 0, 0, 0, 319, 550, 155, 0, 0, 0, 0, 2, 606, 416, 0, 0
0, 0, 1, 20, 326, 673, 4, 0, 0, 0, 3, 43, 795, 182, 1, 0, 0, 0, 17, 215, 777, 15, 0, 0
2, 62, 94, 100, 202, 312, 132, 120, 0, 53, 82, 99, 239, 310, 122, 119, 1, 61, 88, 194, 281, 210, 77, 112
12, 179, 261, 289, 89, 115, 40, 39, 5, 122, 214, 287, 97, 96, 110, 93, 11, 178, 219, 272, 116, 55, 18, 155
0, 2, 233, 285, 312, 103, 48, 41, 0, 0, 221, 438, 171, 104, 47, 43, 0, 45, 357, 297, 151, 90, 40, 44
0, 11, 137, 293, 215, 327, 15, 26, 0, 8, 128, 303, 211, 336, 12, 26, 0, 5, 198, 261, 200, 322, 13, 25
0, 0, 0, 0, 812, 212, 0, 0, 0, 0, 0, 0, 706, 318, 0, 0, 0, 0, 0, 0, 499, 525, 0, 0
0, 0, 0, 0, 972, 52, 0, 0, 0, 0, 0, 0, 968, 56, 0, 0, 0, 0, 0, 0, 955, 69, 0, 0
12, 253, 140, 154, 446, 19, 0, 0, 3, 242, 160, 155, 444, 20, 0, 0, 0, 294, 119, 152, 433, 26, 0, 0
0, 223, 799, 2, 0, 0, 0, 0, 0, 189, 833, 2, 0, 0, 0, 0, 0, 325, 699, 0, 0, 0, 0, 0
0, 801, 223, 0, 0, 0, 0, 0, 0, 785, 239, 0, 0, 0, 0, 0, 0, 912, 112, 0, 0, 0, 0, 0
0, 996, 28, 0, 0, 0, 0, 0, 0, 988, 36, 0, 0, 0, 0, 0, 1, 1019, 4, 0, 0, 0, 0, 0
1, 1000, 23, 0, 0, 0, 0, 0, 1, 1003, 20, 0, 0, 0, 0, 0, 173, 851, 0, 0, 0, 0, 0, 0
9, 1005, 10, 0, 0, 0, 0, 0, 8, 1010, 6, 0, 0, 0, 0, 0, 460, 564, 0, 0, 0, 0, 0, 0
62, 956, 6, 0, 0, 0, 0, 0, 67, 954, 3, 0, 0, 0, 0, 0, 757, 267, 0, 0, 0, 0, 0, 0
155, 850, 19, 0, 0, 0, 0, 0, 168, 849, 7, 0, 0, 0, 0, 0, 815, 209, 0, 0, 0, 0, 0, 0
67, 183, 6, 0, 0, 0, 0, 0, 101, 151, 4, 0, 0, 0, 0, 0, 217, 39, 0, 0, 0, 0, 0, 0
0, 0, 0, 0, 0, 383, 641, 0, 0, 0, 0, 0, 0, 1023, 1, 0, 0, 0, 0, 0, 0, 1024, 0, 0
0, 0, 0, 0, 0, 156, 868, 0, 0, 0, 0, 0, 0, 1024, 0, 0, 0, 0, 0, 0, 0, 1024, 0, 0
0, 0, 0, 26, 16, 156, 214, 612, 0, 0, 0, 25, 15, 182, 221, 581, 0, 0, 16, 14, 32, 162, 233, 567
0, 0, 0, 0, 88, 795, 104, 37, 0, 0, 0, 0, 562, 313, 120, 29, 0, 0, 0, 0, 832, 64, 128, 0
0, 0, 0, 0, 42, 643, 339, 0, 0, 0, 0, 0, 348, 541, 135, 0, 0, 0, 0, 0, 612, 412, 0, 0
0, 0, 0, 12, 464, 544, 3, 1, 0, 0, 0, 62, 639, 320, 3, 0, 0, 0, 6, 247, 763, 5, 3, 0
0, 0, 0, 69, 609, 140, 92, 114, 0, 0, 4, 371, 331, 132, 88, 98, 0, 2, 137, 511, 132, 114, 44, 84
0, 1, 194, 325, 480, 11, 5, 8, 0, 0, 219, 466, 317, 9, 5, 8, 0, 27, 468, 469, 40, 6, 4, 10
0, 4, 162, 616, 195, 29, 15, 3, 0, 3, 125, 687, 154, 39, 14, 2, 0, 4, 196, 623, 152, 33, 16, 0
0, 3, 153, 303, 257, 305, 3, 0, 0, 3, 149, 321, 264, 284, 3, 0, 0, 1, 168, 438, 172, 241, 4, 0
0, 0, 0, 0, 988, 36, 0, 0, 0, 0, 0, 0, 989, 35, 0, 0, 0, 0, 0, 0, 971, 53, 0, 0
0, 0, 0, 0, 1024, 0, 0, 0, 0, 0, 0, 0, 1024, 0, 0, 0, 0, 0, 0, 0, 1024, 0, 0, 0
5, 390, 53, 207, 369, 0, 0, 0, 7, 386, 55, 216, 360, 0, 0, 0, 6, 389, 46, 234, 349, 0, 0, 0
0, 825, 199, 0, 0, 0, 0, 0, 0, 840, 184, 0, 0, 0, 0, 0, 0, 978, 46, 0, 0, 0, 0, 0
0, 856, 168, 0, 0, 0, 0, 0, 0, 842, 182, 0, 0, 0, 0, 0, 0, 998, 26, 0, 0, 0, 0, 0
0, 971, 53, 0, 0, 0, 0, 0, 0, 976, 48, 0, 0, 0, 0, 0, 3, 1018, 3, 0, 0, 0, 0, 0
1, 1001, 22, 0, 0, 0, 0, 0, 0, 1017, 7, 0, 0, 0, 0, 0, 113, 911, 0, 0, 0, 0, 0, 0
3, 1021, 0, 0, 0, 0, 0, 0, 5, 1019, 0, 0, 0, 0, 0, 0, 465, 559, 0, 0, 0, 0, 0, 0
4, 1014, 6, 0, 0, 0, 0, 0, 7, 1016, 1, 0, 0, 0, 0, 0, 650, 374, 0, 0, 0, 0, 0, 0
29, 968, 27, 0, 0, 0, 0, 0, 73, 947, 4, 0, 0, 0, 0, 0, 809, 215, 0, 0, 0, 0, 0, 0
34, 222, 0, 0, 0, 0, 0, 0, 56, 200, 0, 0, 0, 0, 0, 0, 232, 24, 0, 0, 0, 0, 0, 0
0, 0, 0, 0, 0, 6, 1018, 0, 0, 0, 0, 0, 0, 857, 167, 0, 0, 0, 0, 0, 0, 1024, 0, 0
0, 0, 0, 0, 0, 8, 1016, 0, 0, 0, 0, 0, 0, 988, 36, 0, 0, 0, 0, 0, 0, 1024, 0, 0
0, 0, 0, 13, 41, 105, 214, 651, 0, 0, 0, 15, 41, 152, 198, 618, 0, 0, 0, 24, 41, 149, 255, 555
0, 0, 0, 0, 7, 399, 259, 359, 0, 0, 0, 0, 11, 541, 301, 171, 0, 0, 0, 0, 521, 288, 210, 5
0, 0, 5, 8, 9, 496, 427, 79, 0, 1, 7, 8, 88, 793, 86, 41, 3, 4, 12, 25, 516, 439, 23, 2
0, 16, 45, 111, 470, 220, 21, 141, 0, 28, 70, 153, 472, 145, 21, 135, 15, 54, 66, 343, 385, 15, 29, 117
0, 0, 1, 160, 749, 105, 9, 0, 0, 0, 8, 285, 632, 84, 15, 0, 0, 0, 155, 206, 608, 55, 0, 0
0, 24, 72, 206, 707, 15, 0, 0, 0, 1, 107, 381, 529, 6, 0, 0, 0, 31, 248, 250, 492, 3, 0, 0
1, 25, 161, 694, 121, 20, 1, 1, 0, 13, 147, 737, 105, 20, 1, 1, 3, 35, 280, 603, 94, 7, 1, 1
0, 8, 166, 280, 326, 244, 0, 0, 0, 1, 141, 349, 256, 277, 0, 0, 0, 0, 128, 455, 184, 257, 0, 0
3, 19, 58, 74, 733, 137, 0, 0, 3, 18, 48, 80, 685, 190, 0, 0, 4, 16, 45, 83, 652, 224, 0, 0
6, 54, 70, 91, 803, 0, 0, 0, 6, 50, 70, 92, 805, 1, 0, 0, 6, 53, 67, 111, 787, 0, 0, 0
74, 355, 120, 309, 166, 0, 0, 0, 71, 359, 123, 316, 155, 0, 0, 0, 82, 356, 127, 378, 81, 0, 0, 0
79, 934, 9, 2, 0, 0, 0, 0, 72, 940, 10, 2, 0, 0, 0, 0, 89, 929, 4, 2, 0, 0, 0, 0
34, 980, 10, 0, 0, 0, 0, 0, 30, 982, 12, 0, 0, 0, 0, 0, 47, 977, 0, 0, 0, 0, 0, 0
34, 978, 12, 0, 0, 0, 0, 0, 20, 996, 8, 0, 0, 0, 0, 0, 90, 932, 2, 0, 0, 0, 0, 0
11, 994, 19, 0, 0, 0, 0, 0, 6, 1009, 9, 0, 0, 0, 0, 0, 267, 757, 0, 0, 0, 0, 0, 0
10, 995, 19, 0, 0, 0, 0, 0, 11, 1008, 5, 0, 0, 0, 0, 0, 342, 682, 0, 0, 0, 0, 0, 0
35, 868, 121, 0, 0, 0, 0, 0, 35, 980, 9, 0, 0, 0, 0, 0, 458, 565, 1, 0, 0, 0, 0, 0
0, 551, 421, 52, 0, 0, 0, 0, 2, 955, 67, 0, 0, 0, 0, 0, 656, 368, 0, 0, 0, 0, 0, 0
0, 241, 15, 0, 0, 0, 0, 0, 2, 254, 0, 0, 0, 0, 0, 0, 188, 68, 0, 0, 0, 0, 0, 0
0, 0, 0, 0, 0, 0, 775, 249, 0, 0, 0, 0, 0, 176, 764, 84, 0, 0, 0, 0, 0, 939, 85, 0
0, 0, 0, 0, 0, 0, 959, 65, 0, 0, 0, 0, 0, 317, 703, 4, 0, 0, 0, 0, 0, 1019, 5, 0
0, 0, 0, 17, 26, 107, 203, 671, 0, 0, 0, 23, 24, 141, 213, 623, 0, 0, 8, 25, 49, 110, 349, 483
0, 0, 13, 31, 27, 652, 90, 211, 0, 11, 34, 24, 40, 664, 133, 118, 9, 34, 20, 13, 567, 219, 61, 101
0, 0, 0, 13, 99, 760, 85, 67, 0, 0, 0, 13, 445, 496, 6, 64, 0, 0, 0, 43, 574, 348, 20, 39
24, 62, 93, 479, 263, 103, 0, 0, 27, 69, 116, 583, 213, 16, 0, 0, 35, 71, 175, 625, 118, 0, 0, 0
0, 36, 98, 189, 699, 2, 0, 0, 1, 62, 78, 453, 430, 0, 0, 0, 4, 81, 63, 584, 292, 0, 0, 0
13, 34, 177, 169, 631, 0, 0, 0, 2, 69, 161, 320, 472, 0, 0, 0, 12, 84, 180, 402, 346, 0, 0, 0
0, 10, 273, 519, 185, 37, 0, 0, 0, 5, 271, 568, 153, 27, 0, 0, 0, 19, 363, 558, 82, 2, 0, 0
0, 11, 116, 423, 336, 122, 15, 1, 0, 0, 38, 533, 342, 96, 10, 5, 0, 0, 61, 569, 282, 97, 14, 1
0, 8, 40, 51, 891, 13, 21, 0, 0, 6, 42, 62, 866, 29, 19, 0, 0, 6, 42, 80, 856, 20, 20, 0
12, 97, 129, 357, 370, 59, 0, 0, 10, 97, 139, 408, 337, 33, 0, 0, 10, 105, 156, 489, 246, 18, 0, 0
429, 446, 102, 46, 1, 0, 0, 0, 405, 473, 110, 35, 1, 0, 0, 0, 464, 418, 120, 19, 3, 0, 0, 0
475, 452, 9, 9, 11, 8, 54, 6, 457, 469, 9, 8, 13, 3, 50, 15, 527, 401, 8, 8, 9, 17, 39, 15
205, 330, 45, 40, 77, 274, 52, 1, 191, 341, 52, 50, 99, 244, 45, 2, 226, 314, 50, 71, 138, 179, 37, 9
692, 328, 4, 0, 0, 0, 0, 0, 661, 359, 4, 0, 0, 0, 0, 0, 783, 241, 0, 0, 0, 0, 0, 0
527, 497, 0, 0, 0, 0, 0, 0, 494, 530, 0, 0, 0, 0, 0, 0, 818, 206, 0, 0, 0, 0, 0, 0
466, 558, 0, 0, 0, 0, 0, 0, 498, 526, 0, 0, 0, 0, 0, 0, 905, 119, 0, 0, 0, 0, 0, 0
233, 697, 50, 38, 6, 0, 0, 0, 225, 708, 47, 39, 5, 0, 0, 0, 701, 248, 49, 24, 2, 0, 0, 0
527, 495, 2, 0, 0, 0, 0, 0, 567, 457, 0, 0, 0, 0, 0, 0, 924, 96, 4, 0, 0, 0, 0, 0
165, 89, 2, 0, 0, 0, 0, 0, 174, 80, 2, 0, 0, 0, 0, 0, 240, 16, 0, 0, 0, 0, 0, 0
0, 0, 0, 0, 0, 0, 542, 482, 0, 0, 0, 0, 0, 0, 714, 310, 0, 0, 0, 0, 0, 524, 482, 18
0, 0, 0, 0, 0, 18, 880, 126, 0, 0, 0, 0, 0, 230, 770, 24, 0, 0, 0, 0, 0, 1003, 21, 0
0, 0, 14, 15, 20, 103, 217, 655, 0, 0, 7, 23, 28, 108, 272, 586, 0, 0, 24, 8, 44, 103, 665, 180
0, 0, 15, 25, 53, 300, 308, 323, 0, 9, 32, 47, 34, 333, 323, 246, 4, 50, 39, 29, 67, 349, 307, 179
0, 0, 0, 30, 445, 433, 30, 86, 0, 0, 11, 24, 569, 306, 29, 85, 0, 0, 26, 127, 666, 101, 52, 52
6, 128, 431, 326, 58, 40, 25, 10, 10, 151, 552, 187, 63, 32, 22, 7, 30, 242, 518, 139, 52, 26, 9, 8
0, 24, 100, 660, 81, 56, 24, 79, 0, 28, 200, 621, 24, 48, 26, 77, 18, 37, 263, 532, 34, 40, 24, 76
20, 54, 219, 510, 68, 21, 28, 104, 2, 77, 308, 457, 24, 23, 27, 106, 17, 115, 317, 398, 23, 23, 25, 106
29, 285, 265, 186, 31, 20, 80, 128, 23, 360, 262, 123, 26, 11, 76, 143, 146, 315, 242, 74, 20, 7, 81, 139
1, 91, 443, 199, 150, 59, 43, 38, 5, 149, 425, 172, 123, 64, 39, 47, 38, 216, 348, 158, 109, 52, 38, 65
2, 256, 460, 75, 18, 22, 191, 0, 147, 215, 366, 70, 12, 19, 195, 0, 213, 258, 261, 66, 11, 27, 186, 2
297, 80, 82, 66, 248, 182, 68, 1, 295, 77, 85, 81, 311, 102, 69, 4, 289, 85, 80, 143, 278, 76, 72, 1
691, 265, 62, 6, 0, 0, 0, 0, 678, 272, 64, 10, 0, 0, 0, 0, 678, 272, 65, 9, 0, 0, 0, 0
246, 183, 25, 16, 18, 21, 487, 28, 230, 194, 27, 16, 17, 21, 438, 81, 298, 130, 21, 24, 15, 24, 336, 176
64, 66, 37, 37, 44, 294, 327, 155, 51, 63, 46, 37, 72, 286, 259, 210, 19, 73, 56, 64, 92, 252, 194, 274
420, 272, 82, 68, 37, 61, 69, 15, 391, 300, 83, 70, 39, 66, 63, 12, 415, 267, 87, 73, 53, 65, 52, 12
352, 105, 189, 132, 67, 67, 88, 24, 352, 288, 92, 56, 66, 63, 87, 20, 614, 76, 56, 59, 66, 73, 56, 24
491, 193, 57, 66, 65, 103, 49, 0, 461, 215, 62, 67, 72, 110, 37, 0, 558, 136, 63, 70, 93, 83, 21, 0
466, 189, 52, 89, 94, 98, 36, 0, 433, 220, 55, 97, 104, 92, 23, 0, 536, 123, 74, 88, 114, 75, 14, 0
362, 81, 9, 7, 15, 248, 299, 3, 367, 75, 8, 8, 15, 251, 293, 7, 391, 51, 12, 12, 22, 198, 314, 24
189, 7, 2, 3, 24, 27, 4, 0, 190, 6, 1, 4, 27, 24, 4, 0, 189, 6, 2, 2, 17, 33, 6, 1
0, 0, 0, 0, 0, 0, 1024, 0, 0, 0, 0, 0, 0, 0, 1024, 0, 0, 0, 0, 0, 0, 121, 903, 0
0, 0, 0, 0, 0, 102, 922, 0, 0, 0, 0, 0, 0, 727, 297, 0, 0, 0, 0, 0, 0, 1024, 0, 0
0, 0, 9, 40, 16, 92, 742, 125, 0, 0, 12, 36, 16, 127, 680, 153, 0, 0, 11, 45, 42, 95, 816, 15
0, 0, 0, 0, 24, 363, 538, 99, 0, 0, 0, 0, 27, 427, 511, 59, 0, 0, 0, 0, 41, 520, 429, 34
0, 0, 0, 130, 739, 131, 24, 0, 0, 0, 0, 307, 623, 70, 24, 0, 0, 0, 5, 376, 564, 56, 23, 0
0, 0, 15, 27, 178, 256, 304, 244, 0, 21, 14, 135, 151, 222, 292, 189, 0, 20, 85, 92, 214, 248, 230, 135
0, 1, 8, 16, 192, 131, 248, 428, 0, 3, 17, 158, 66, 136, 224, 420, 0, 2, 99, 93, 51, 151, 209, 419
0, 8, 27, 38, 291, 77, 155, 428, 0, 25, 22, 211, 129, 50, 125, 462, 0, 27, 137, 111, 114, 42, 110, 483
0, 0, 0, 62, 506, 195, 66, 195, 0, 0, 0, 232, 427, 115, 57, 193, 0, 0, 148, 214, 327, 85, 49, 201
0, 13, 203, 436, 320, 29, 19, 4, 0, 144, 113, 545, 162, 30, 24, 6, 71, 81, 208, 502, 103, 28, 19, 12
31, 182, 144, 211, 85, 218, 135, 18, 39, 227, 151, 219, 146, 115, 114, 13, 149, 152, 151, 191, 164, 113, 93, 11
59, 113, 105, 68, 220, 288, 167, 4, 65, 122, 113, 66, 276, 214, 166, 2, 90, 113, 98, 71, 290, 190, 168, 4
760, 112, 59, 37, 43, 13, 0, 0, 807, 138, 23, 47, 9, 0, 0, 0, 935, 34, 38, 16, 1, 0, 0, 0
213, 50, 29, 22, 30, 39, 617, 24, 211, 52, 26, 24, 27, 78, 569, 37, 226, 23, 34, 24, 36, 111, 534, 36
40, 37, 29, 40, 33, 74, 280, 491, 21, 47, 31, 37, 43, 71, 233, 541, 7, 33, 48, 38, 55, 69, 185, 589
619, 82, 26, 20, 50, 62, 153, 12, 597, 98, 29, 22, 53, 71, 134, 20, 573, 106, 34, 33, 57, 82, 111, 28
91, 138, 513, 150, 32, 57, 43, 0, 119, 648, 108, 25, 36, 61, 27, 0, 792, 66, 25, 24, 48, 45, 24, 0
372, 174, 45, 37, 25, 38, 76, 257, 366, 189, 46, 26, 23, 47, 56, 271, 454, 113, 43, 34, 22, 57, 58, 243
18, 3, 3, 3, 14, 44, 140, 799, 16, 4, 2, 4, 18, 52, 124, 804, 19, 6, 2, 6, 35, 53, 105, 798
0, 0, 0, 0, 37, 246, 297, 444, 0, 0, 0, 0, 52, 235, 291, 446, 0, 0, 0, 0, 37, 256, 275, 456
0, 0, 0, 0, 35, 11, 206, 4, 0, 0, 0, 0, 35, 10, 208, 3, 0, 0, 0, 0, 30, 20, 197, 9
0, 0, 0, 0, 0, 0, 1024, 0, 0, 0, 0, 0, 0, 0, 1024, 0, 0, 0, 0, 0, 0, 325, 699, 0
0, 0, 0, 0, 0, 712, 312, 0, 0, 0, 0, 0, 0, 881, 143, 0, 0, 0, 0, 0, 1, 1009, 14, 0
0, 0, 18, 41, 23, 119, 814, 9, 0, 0, 17, 45, 4, 151, 807, 0, 0, 0, 42, 20, 65, 85, 812, 0
0, 0, 0, 74, 137, 689, 124, 0, 0, 0, 24, 71, 117, 700, 112, 0, 0, 0, 47, 65, 160, 687, 65, 0
0, 0, 8, 747, 266, 3, 0, 0, 0, 3, 471, 464, 86, 0, 0, 0, 0, 6, 688, 291, 39, 0, 0, 0
0, 0, 3, 195, 763, 63, 0, 0, 0, 0, 48, 885, 62, 29, 0, 0, 0, 3, 901, 47, 73, 0, 0, 0
0, 0, 143, 526, 241, 82, 26, 6, 0, 72, 527, 288, 31, 76, 25, 5, 7, 403, 428, 58, 52, 51, 20, 5
0, 0, 216, 437, 259, 35, 7, 70, 0, 100, 487, 316, 18, 24, 7, 72, 9, 447, 377, 75, 26, 13, 8, 69
0, 17, 159, 369, 339, 62, 73, 5, 1, 127, 251, 486, 23, 65, 66, 5, 21, 288, 530, 39, 31, 66, 49, 0
0, 0, 202, 409, 181, 113, 105, 14, 0, 159, 101, 517, 20, 130, 90, 7, 3, 241, 528, 14, 33, 131, 74, 0
7, 103, 552, 58, 25, 85, 192, 2, 24, 557, 93, 45, 27, 120, 156, 2, 142, 506, 53, 34, 41, 140, 106, 2
3, 212, 154, 161, 127, 160, 119, 88, 57, 302, 151, 90, 71, 149, 115, 89, 227, 228, 70, 73, 89, 127, 118, 92
90, 151, 297, 168, 249, 36, 21, 12, 131, 383, 334, 104, 27, 16, 20, 9, 441, 370, 92, 48, 29, 15, 19, 10
53, 56, 64, 40, 18, 144, 626, 23, 63, 78, 49, 23, 20, 166, 590, 35, 107, 62, 36, 13, 27, 173, 554, 52
41, 23, 19, 25, 28, 23, 226, 639, 5, 51, 21, 29, 14, 27, 158, 719, 1, 40, 18, 26, 33, 32, 106, 768
403, 138, 128, 51, 10, 14, 157, 123, 426, 178, 80, 33, 15, 10, 149, 133, 485, 122, 83, 16, 14, 17, 111, 176
165, 240, 531, 88, 0, 0, 0, 0, 203, 749, 72, 0, 0, 0, 0, 0, 953, 52, 19, 0, 0, 0, 0, 0
64, 42, 22, 15, 9, 9, 38, 825, 67, 52, 16, 6, 9, 5, 21, 848, 97, 37, 8, 8, 6, 14, 39, 815
0, 0, 0, 0, 0, 0, 5, 1019, 0, 0, 0, 0, 0, 0, 2, 1022, 0, 0, 0, 0, 0, 0, 0, 1024
0, 0, 0, 0, 0, 0, 13, 1011, 0, 0, 0, 0, 0, 0, 5, 1019, 0, 0, 0, 0, 0, 0, 0, 1024
0, 0, 0, 0, 0, 0, 35, 221, 0, 0, 0, 0, 0, 0, 34, 222, 0, 0, 0, 0, 0, 0, 26, 230
0, 0, 0, 0, 0, 0, 317, 707, 0, 0, 0, 0, 0, 0, 306, 718, 0, 0, 0, 0, 0, 0, 423, 601
0, 0, 0, 0, 13, 528, 445, 38, 0, 0, 0, 0, 25, 519, 442, 38, 0, 0, 0, 0, 49, 559, 383, 33
0, 0, 31, 33, 41, 118, 798, 3, 0, 0, 21, 43, 68, 87, 795, 10, 0, 0, 47, 17, 66, 96, 798, 0
0, 0, 0, 30, 69, 630, 232, 63, 0, 0, 16, 26, 112, 641, 179, 50, 0, 0, 29, 29, 252, 572, 130, 12
0, 0, 16, 101, 74, 242, 240, 351, 0, 29, 90, 33, 104, 231, 245, 292, 0, 13, 113, 35, 176, 223, 231, 233
0, 0, 0, 2, 21, 74, 131, 796, 0, 0, 0, 25, 29, 69, 102, 799, 0, 0, 0, 12, 55, 51, 104, 802
0, 0, 2, 11, 26, 45, 77, 863, 0, 0, 4, 23, 31, 36, 66, 864, 0, 0, 4, 13, 38, 39, 63, 867
0, 0, 0, 9, 22, 107, 211, 675, 0, 0, 0, 17, 15, 110, 196, 686, 0, 0, 0, 19, 8, 146, 161, 690
0, 0, 0, 0, 0, 83, 433, 508, 0, 0, 0, 0, 0, 121, 431, 472, 0, 0, 0, 0, 0, 191, 443, 390
0, 0, 0, 0, 0, 3, 261, 760, 0, 0, 0, 0, 0, 15, 257, 752, 0, 0, 0, 0, 0, 50, 219, 755
0, 1, 45, 98, 23, 12, 163, 682, 0, 92, 46, 19, 10, 12, 162, 683, 70, 52, 18, 12, 9, 16, 150, 697
1, 96, 197, 296, 91, 121, 77, 145, 27, 287, 206, 103, 73, 124, 62, 142, 166, 216, 132, 110, 70, 114, 63, 153
2, 117, 227, 148, 97, 109, 176, 148, 43, 321, 257, 114, 54, 29, 62, 144, 151, 291, 216, 94, 37, 19, 44, 172
10, 74, 63, 49, 36, 63, 404, 325, 0, 56, 92, 52, 25, 67, 357, 375, 18, 102, 57, 30, 28, 68, 300, 421
0, 0, 0, 0, 0, 0, 149, 875, 0, 0, 0, 0, 0, 0, 34, 990, 0, 0, 0, 0, 0, 0, 6, 1018
395, 112, 39, 40, 49, 19, 107, 263, 460, 49, 34, 47, 44, 20, 81, 289, 444, 56, 34, 28, 66, 17, 51, 328
521, 135, 77, 82, 90, 30, 14, 75, 530, 153, 41, 86, 91, 33, 11, 79, 590, 89, 61, 84, 86, 31, 33, 50
0, 0, 0, 0, 0, 0, 21, 1003, 0, 0, 0, 0, 0, 0, 8, 1016, 0, 0, 0, 0, 0, 0, 6, 1018
0, 0, 0, 0, 0, 0, 88, 936, 0, 0, 0, 0, 0, 0, 34, 990, 0, 0, 0, 0, 0, 0, 2, 1022
0, 0, 0, 0, 0, 0, 514, 510, 0, 0, 0, 0, 0, 0, 522, 502, 0, 0, 0, 0, 0, 0, 196, 828
0, 0, 0, 0, 0, 0, 74, 182, 0, 0, 0, 0, 0, 0, 88, 168, 0, 0, 0, 0, 0, 0, 10, 246
0, 0, 0, 0, 0, 24, 918, 82, 0, 0, 0, 0, 0, 15, 915, 94, 0, 0, 0, 0, 0, 71, 919, 34
0, 0, 0, 0, 154, 736, 134, 0, 0, 0, 0, 0, 210, 680, 134, 0, 0, 0, 0, 0, 277, 640, 107, 0
0, 0, 11, 58, 118, 527, 310, 0, 0, 0, 32, 39, 116, 592, 245, 0, 0, 1, 53, 38, 98, 560, 274, 0
0, 0, 0, 13, 371, 473, 85, 82, 0, 0, 0, 61, 543, 294, 62, 64, 0, 0, 13, 120, 585, 212, 73, 21
0, 0, 1, 6, 53, 459, 342, 163, 0, 1, 3, 7, 152, 519, 200, 142, 0, 1, 5, 75, 225, 443, 170, 105
0, 0, 7, 22, 162, 538, 168, 127, 0, 3, 29, 97, 122, 575, 84, 114, 0, 3, 22, 137, 130, 551, 66, 115
0, 2, 19, 17, 191, 479, 170, 146, 0, 11, 20, 183, 93, 465, 106, 146, 0, 7, 17, 178, 131, 439, 88, 164
0, 1, 84, 78, 219, 184, 165, 293, 0, 88, 71, 184, 118, 128, 152, 283, 0, 63, 90, 218, 108, 126, 123, 296
0, 0, 0, 0, 232, 378, 253, 161, 0, 0, 0, 182, 119, 397, 190, 136, 0, 0, 0, 211, 207, 328, 155, 123
0, 0, 0, 0, 259, 456, 241, 68, 0, 0, 0, 189, 171, 385, 216, 63, 0, 0, 0, 253, 200, 346, 190, 35
0, 0, 115, 142, 319, 287, 160, 1, 0, 141, 112, 247, 148, 235, 141, 0, 105, 114, 82, 226, 138, 225, 134, 0
1, 42, 503, 294, 83, 93, 7, 1, 17, 577, 226, 55, 88, 55, 6, 0, 479, 265, 91, 57, 74, 50, 8, 0
20, 381, 508, 98, 11, 3, 1, 2, 190, 763, 42, 28, 1, 0, 0, 0, 883, 100, 24, 17, 0, 0, 0, 0
9, 169, 111, 24, 23, 11, 668, 9, 86, 187, 31, 14, 19, 12, 638, 37, 245, 49, 20, 21, 9, 18, 580, 82
0, 0, 0, 0, 0, 0, 234, 790, 0, 0, 0, 0, 0, 0, 152, 872, 0, 0, 0, 0, 0, 0, 16, 1008
514, 125, 22, 6, 5, 6, 17, 329, 593, 58, 11, 6, 4, 6, 11, 335, 582, 39, 20, 11, 14, 5, 8, 345
682, 14, 22, 84, 10, 18, 26, 168, 683, 12, 22, 84, 10, 18, 21, 174, 690, 20, 36, 60, 14, 19, 32, 153
0, 0, 0, 0, 0, 0, 142, 882, 0, 0, 0, 0, 0, 0, 48, 976, 0, 0, 0, 0, 0, 0, 3, 1021
0, 0, 0, 0, 0, 0, 508, 516, 0, 0, 0, 0, 0, 0, 357, 667, 0, 0, 0, 0, 0, 0, 91, 933
0, 0, 0, 0, 0, 0, 1008, 16, 0, 0, 0, 0, 0, 0, 1009, 15, 0, 0, 0, 0, 0, 0, 970, 54
0, 0, 0, 0, 0, 0, 253, 3, 0, 0, 0, 0, 0, 0, 253, 3, 0, 0, 0, 0, 0, 0, 242, 14
0, 0, 0, 0, 0, 419, 605, 0, 0, 0, 0, 0, 0, 372, 652, 0, 0, 0, 0, 0, 0, 658, 366, 0
0, 0, 0, 21, 432, 571, 0, 0, 0, 0, 0, 58, 456, 510, 0, 0, 0, 0, 0, 92, 494, 438, 0, 0
0, 32, 21, 46, 106, 816, 3, 0, 0, 32, 32, 53, 121, 786, 0, 0, 0, 32, 37, 75, 96, 784, 0, 0
0, 0, 0, 144, 837, 43, 0, 0, 0, 0, 17, 757, 237, 13, 0, 0, 0, 0, 370, 516, 136, 2, 0, 0
0, 0, 0, 0, 1024, 0, 0, 0, 0, 0, 0, 991, 33, 0, 0, 0, 0, 0, 30, 994, 0, 0, 0, 0
0, 25, 409, 368, 207, 15, 0, 0, 4, 351, 442, 205, 22, 0, 0, 0, 145, 626, 61, 192, 0, 0, 0, 0
0, 43, 358, 434, 129, 49, 10, 1, 5, 276, 530, 145, 49, 18, 1, 0, 115, 604, 145, 146, 14, 0, 0, 0
0, 4, 341, 531, 104, 40, 4, 0, 0, 207, 581, 169, 53, 14, 0, 0, 159, 561, 162, 123, 19, 0, 0, 0
0, 3, 662, 303, 32, 24, 0, 0, 0, 453, 496, 50, 24, 1, 0, 0, 258, 657, 58, 51, 0, 0, 0, 0
0, 0, 142, 221, 661, 0, 0, 0, 0, 94, 215, 715, 0, 0, 0, 0, 18, 245, 217, 544, 0, 0, 0, 0
0, 0, 46, 70, 908, 0, 0, 0, 0, 52, 64, 908, 0, 0, 0, 0, 17, 93, 322, 592, 0, 0, 0, 0
1, 78, 733, 200, 12, 0, 0, 0, 29, 804, 179, 12, 0, 0, 0, 0, 571, 438, 15, 0, 0, 0, 0, 0
98, 421, 505, 0, 0, 0, 0, 0, 359, 665, 0, 0, 0, 0, 0, 0, 1018, 6, 0, 0, 0, 0, 0, 0
41, 324, 163, 8, 9, 10, 469, 0, 239, 285, 10, 4, 11, 10, 465, 0, 517, 12, 7, 9, 9, 30, 440, 0
0, 0, 0, 0, 0, 0, 556, 468, 0, 0, 0, 0, 0, 0, 541, 483, 0, 0, 0, 0, 0, 0, 424, 600
125, 502, 63, 46, 17, 6, 17, 248, 339, 315, 39, 47, 14, 5, 14, 251, 567, 69, 42, 51, 18, 5, 14, 258
181, 315, 191, 153, 48, 27, 83, 26, 269, 143, 154, 252, 50, 38, 87, 31, 340, 144, 132, 172, 71, 45, 71, 49
0, 180, 267, 90, 50, 80, 219, 138, 0, 72, 264, 225, 56, 72, 194, 141, 29, 236, 159, 137, 70, 55, 167, 171
0, 0, 0, 0, 0, 40, 712, 272, 0, 0, 0, 0, 0, 49, 586, 389, 0, 0, 0, 0, 0, 24, 378, 622
0, 0, 0, 0, 0, 15, 1009, 0, 0, 0, 0, 0, 0, 18, 1006, 0, 0, 0, 0, 0, 0, 18, 1006, 0
0, 0, 0, 0, 0, 0, 256, 0, 0, 0, 0, 0, 0, 0, 256, 0, 0, 0, 0, 0, 0, 0, 256, 0
0, 0, 0, 0, 0, 486, 538, 0, 0, 0, 0, 0, 0, 489, 535, 0, 0, 0, 0, 0, 0, 673, 351, 0
0, 0, 0, 63, 639, 322, 0, 0, 0, 0, 0, 370, 378, 276, 0, 0, 0, 0, 0, 442, 355, 227, 0, 0
0, 9, 22, 73, 546, 374, 0, 0, 0, 9, 31, 441, 265, 278, 0, 0, 0, 11, 39, 475, 268, 231, 0, 0
0, 0, 4, 73, 892, 55, 0, 0, 0, 0, 43, 831, 138, 12, 0, 0, 0, 0, 154, 787, 82, 1, 0, 0
0, 0, 22, 58, 905, 30, 9, 0, 0, 11, 48, 769, 164, 24, 8, 0, 0, 51, 46, 887, 28, 12, 0, 0
0, 13, 283, 426, 183, 69, 50, 0, 2, 222, 417, 226, 83, 25, 49, 0, 90, 494, 235, 125, 16, 44, 20, 0
0, 0, 211, 522, 163, 54, 74, 0, 0, 79, 579, 200, 68, 20, 78, 0, 7, 549, 248, 115, 21, 29, 55, 0
0, 2, 170, 514, 207, 58, 39, 34, 0, 157, 447, 225, 101, 25, 37, 32, 16, 496, 255, 157, 17, 26, 27, 30
0, 0, 287, 337, 309, 77, 8, 6, 0, 165, 376, 291, 127, 52, 7, 6, 75, 399, 256, 221, 23, 38, 6, 6
0, 0, 112, 250, 476, 33, 153, 0, 0, 50, 202, 533, 54, 36, 149, 0, 14, 203, 165, 454, 20, 50, 118, 0
0, 0, 0, 0, 717, 47, 180, 80, 0, 0, 0, 689, 31, 40, 177, 87, 0, 0, 0, 714, 24, 67, 148, 71
0, 27, 328, 121, 160, 105, 121, 162, 12, 380, 76, 145, 21, 99, 123, 168, 377, 88, 54, 116, 30, 107, 103, 149
11, 152, 341, 21, 28, 147, 93, 231, 56, 432, 19, 17, 26, 149, 81, 244, 453, 58, 15, 16, 51, 118, 79, 234
4, 80, 229, 14, 79, 150, 252, 216, 28, 269, 20, 9, 80, 150, 230, 238, 294, 21, 14, 19, 95, 129, 211, 241
0, 5, 81, 12, 10, 57, 282, 577, 0, 77, 14, 11, 14, 41, 288, 579, 0, 59, 22, 10, 15, 42, 291, 585
126, 450, 305, 13, 17, 13, 8, 92, 363, 509, 10, 12, 19, 11, 7, 93, 757, 87, 22, 18, 15, 15, 10, 100
127, 685, 147, 58, 2, 1, 2, 2, 184, 608, 143, 81, 3, 1, 2, 2, 511, 93, 104, 233, 75, 4, 3, 1
94, 606, 107, 29, 15, 68, 92, 13, 0, 476, 298, 61, 18, 62, 97, 12, 163, 267, 108, 258, 66, 46, 106, 10
0, 0, 2, 7, 4, 13, 950, 48, 0, 0, 0, 7, 4, 11, 926, 76, 0, 0, 8, 4, 2, 14, 741, 255
0, 0, 0, 0, 0, 1, 1021, 2, 0, 0, 0, 0, 0, 1, 1007, 16, 0, 0, 0, 0, 0, 1, 958, 65
0, 0, 0, 0, 0, 0, 256, 0, 0, 0, 0, 0, 0, 0, 256, 0, 0, 0, 0, 0, 0, 0, 256, 0
0, 0, 0, 0, 0, 388, 636, 0, 0, 0, 0, 0, 0, 398, 626, 0, 0, 0, 0, 0, 10, 428, 586, 0
0, 0, 0, 9, 351, 639, 25, 0, 0, 0, 0, 121, 296, 595, 12, 0, 0, 0, 2, 186, 397, 439, 0, 0
0, 0, 0, 12, 135, 334, 474, 69, 0, 0, 0, 103, 46, 393, 424, 58, 0, 0, 7, 123, 37, 564, 281, 12
0, 0, 0, 0, 32, 129, 557, 306, 0, 0, 0, 6, 30, 201, 483, 304, 0, 0, 0, 30, 32, 289, 431, 242
0, 0, 0, 6, 13, 17, 513, 475, 0, 0, 2, 15, 6, 23, 501, 477, 0, 0, 0, 6, 4, 95, 469, 450
0, 0, 1, 39, 59, 54, 540, 331, 0, 4, 46, 73, 36, 18, 523, 324, 0, 0, 30, 71, 53, 17, 524, 329
0, 0, 8, 85, 32, 37, 213, 649, 0, 19, 71, 42, 25, 22, 202, 643, 0, 2, 79, 36, 33, 31, 196, 647
0, 0, 1, 19, 24, 31, 174, 775, 0, 11, 8, 3, 22, 31, 146, 803, 0, 3, 17, 18, 7, 23, 152, 804
0, 0, 0, 0, 140, 126, 429, 329, 0, 0, 0, 3, 154, 112, 416, 339, 0, 0, 0, 119, 43, 141, 402, 319
0, 0, 0, 0, 0, 20, 389, 615, 0, 0, 0, 0, 0, 24, 390, 610, 0, 0, 0, 0, 0, 30, 404, 590
0, 0, 0, 0, 0, 0, 123, 901, 0, 0, 0, 0, 0, 0, 124, 900, 0, 0, 0, 0, 0, 0, 120, 904
0, 0, 0, 0, 0, 0, 32, 992, 0, 0, 0, 0, 0, 0, 33, 991, 0, 0, 0, 0, 0, 0, 17, 1007
0, 0, 0, 0, 0, 0, 37, 987, 0, 0, 0, 0, 0, 0, 37, 987, 0, 0, 0, 0, 0, 0, 23, 1001
0, 0, 0, 0, 0, 0, 47, 977, 0, 0, 0, 0, 0, 0, 46, 978, 0, 0, 0, 0, 0, 0, 60, 964
0, 9, 188, 29, 21, 46, 57, 674, 3, 182, 29, 11, 30, 38, 35, 696, 0, 147, 57, 20, 17, 51, 35, 697
0, 278, 269, 105, 100, 258, 11, 3, 124, 375, 96, 67, 70, 262, 24, 6, 333, 188, 99, 31, 63, 238, 66, 6
28, 141, 403, 214, 88, 84, 65, 1, 39, 367, 287, 177, 50, 55, 49, 0, 225, 184, 148, 259, 90, 57, 60, 1
0, 0, 0, 2, 46, 145, 654, 177, 0, 44, 79, 30, 42, 96, 577, 156, 0, 15, 72, 54, 45, 77, 509, 252
0, 0, 0, 2, 8, 34, 312, 668, 0, 0, 2, 3, 16, 25, 261, 717, 0, 0, 1, 4, 12, 24, 206, 777
0, 0, 0, 0, 0, 0, 776, 248, 0, 0, 0, 0, 0, 0, 333, 691, 0, 0, 0, 0, 0, 0, 108, 916
0, 0, 0, 0, 0, 0, 240, 16, 0, 0, 0, 0, 0, 0, 225, 31, 0, 0, 0, 0, 0, 0, 167, 89
0, 0, 0, 0, 0, 620, 401, 3, 0, 0, 0, 0, 0, 627, 395, 2, 0, 0, 0, 0, 31, 699, 294, 0
0, 0, 0, 0, 0, 595, 355, 74, 0, 0, 0, 0, 0, 642, 317, 65, 0, 0, 0, 0, 71, 739, 181, 33
0, 0, 2, 76, 35, 10, 148, 753, 0, 15, 91, 9, 7, 11, 186, 705, 0, 16, 78, 17, 7, 44, 428, 434
0, 0, 1, 24, 74, 17, 45, 863, 0, 0, 54, 40, 19, 11, 37, 863, 0, 0, 44, 54, 11, 15, 59, 841
0, 0, 1, 39, 66, 46, 21, 851, 0, 0, 51, 87, 10, 9, 20, 847, 0, 0, 31, 101, 18, 7, 23, 844
0, 0, 0, 0, 2, 0, 2, 1020, 0, 0, 0, 0, 2, 0, 2, 1020, 0, 0, 0, 1, 1, 1, 2, 1019
0, 0, 0, 0, 0, 0, 0, 1024, 0, 0, 0, 0, 0, 0, 0, 1024, 0, 0, 0, 0, 0, 0, 0, 1024
0, 0, 0, 0, 0, 0, 0, 1024, 0, 0, 0, 0, 0, 0, 0, 1024, 0, 0, 0, 0, 0, 0, 0, 1024
0, 0, 0, 0, 0, 56, 294, 674, 0, 0, 0, 0, 0, 59, 271, 694, 0, 0, 0, 0, 0, 60, 277, 687
0, 0, 0, 0, 0, 17, 263, 744, 0, 0, 0, 0, 0, 24, 254, 746, 0, 0, 0, 0, 0, 23, 304, 697
0, 0, 0, 0, 0, 0, 19, 1005, 0, 0, 0, 0, 0, 0, 21, 1003, 0, 0, 0, 0, 0, 0, 5, 1019
0, 0, 0, 0, 0, 0, 0, 1024, 0, 0, 0, 0, 0, 0, 0, 1024, 0, 0, 0, 0, 0, 0, 0, 1024
0, 0, 0, 0, 0, 0, 0, 1024, 0, 0, 0, 0, 0, 0, 0, 1024, 0, 0, 0, 0, 0, 0, 0, 1024
0, 0, 0, 0, 0, 0, 0, 1024, 0, 0, 0, 0, 0, 0, 0, 1024, 0, 0, 0, 0, 0, 0, 0, 1024
0, 0, 0, 0, 0, 0, 3, 1021, 0, 0, 0, 0, 0, 0, 0, 1024, 0, 0, 0, 0, 0, 0, 0, 1024
0, 20, 254, 81, 49, 159, 16, 445, 10, 288, 43, 31, 35, 153, 7, 457, 2, 192, 123, 38, 29, 153, 31, 456
3, 174, 381, 180, 82, 202, 2, 0, 40, 378, 168, 173, 53, 198, 14, 0, 361, 122, 100, 165, 58, 124, 94, 0
4, 12, 54, 271, 42, 50, 188, 403, 5, 21, 74, 284, 46, 25, 90, 479, 0, 11, 55, 190, 173, 27, 56, 512
0, 0, 0, 0, 0, 17, 195, 812, 0, 0, 14, 7, 5, 4, 40, 954, 0, 0, 8, 6, 10, 7, 13, 980
0, 0, 0, 0, 0, 0, 774, 250, 0, 0, 0, 0, 0, 0, 319, 705, 0, 0, 0, 0, 0, 0, 37, 987
0, 0, 0, 0, 0, 0, 233, 23, 0, 0, 0, 0, 0, 0, 147, 109, 0, 0, 0, 0, 0, 0, 15, 241
