1024, 0, 0, 0, 0, 0, 0, 0, 1024, 0, 0, 0, 0, 0, 0, 0, 1024, 0, 0, 0, 0, 0, 0, 0
1024, 0, 0, 0, 0, 0, 0, 0, 1024, 0, 0, 0, 0, 0, 0, 0, 1024, 0, 0, 0, 0, 0, 0, 0
1024, 0, 0, 0, 0, 0, 0, 0, 1024, 0, 0, 0, 0, 0, 0, 0, 1024, 0, 0, 0, 0, 0, 0, 0
1024, 0, 0, 0, 0, 0, 0, 0, 1024, 0, 0, 0, 0, 0, 0, 0, 1024, 0, 0, 0, 0, 0, 0, 0
811, 158, 55, 0, 0, 0, 0, 0, 993, 31, 0, 0, 0, 0, 0, 0, 1024, 0, 0, 0, 0, 0, 0, 0
482, 471, 71, 0, 0, 0, 0, 0, 877, 147, 0, 0, 0, 0, 0, 0, 1024, 0, 0, 0, 0, 0, 0, 0
412, 612, 0, 0, 0, 0, 0, 0, 1006, 18, 0, 0, 0, 0, 0, 0, 1024, 0, 0, 0, 0, 0, 0, 0
559, 465, 0, 0, 0, 0, 0, 0, 952, 72, 0, 0, 0, 0, 0, 0, 1024, 0, 0, 0, 0, 0, 0, 0
483, 541, 0, 0, 0, 0, 0, 0, 994, 30, 0, 0, 0, 0, 0, 0, 1024, 0, 0, 0, 0, 0, 0, 0
452, 560, 12, 0, 0, 0, 0, 0, 1010, 14, 0, 0, 0, 0, 0, 0, 1024, 0, 0, 0, 0, 0, 0, 0
787, 185, 26, 25, 1, 0, 0, 0, 976, 32, 16, 0, 0, 0, 0, 0, 1024, 0, 0, 0, 0, 0, 0, 0
845, 94, 29, 56, 0, 0, 0, 0, 937, 23, 64, 0, 0, 0, 0, 0, 1024, 0, 0, 0, 0, 0, 0, 0
819, 107, 53, 45, 0, 0, 0, 0, 900, 55, 69, 0, 0, 0, 0, 0, 1024, 0, 0, 0, 0, 0, 0, 0
804, 132, 64, 24, 0, 0, 0, 0, 871, 83, 70, 0, 0, 0, 0, 0, 1021, 3, 0, 0, 0, 0, 0, 0
731, 214, 64, 15, 0, 0, 0, 0, 760, 149, 34, 42, 24, 15, 0, 0, 883, 48, 13, 40, 34, 6, 0, 0
357, 582, 57, 28, 0, 0, 0, 0, 242, 608, 31, 76, 53, 14, 0, 0, 781, 69, 53, 72, 42, 7, 0, 0
218, 658, 120, 16, 7, 5, 0, 0, 124, 708, 71, 65, 40, 15, 1, 0, 817, 85, 48, 36, 22, 16, 0, 0
976, 41, 0, 5, 2, 0, 0, 0, 999, 18, 1, 4, 2, 0, 0, 0, 1014, 3, 4, 3, 0, 0, 0, 0
390, 622, 12, 0, 0, 0, 0, 0, 684, 340, 0, 0, 0, 0, 0, 0, 981, 43, 0, 0, 0, 0, 0, 0
860, 36, 0, 0, 0, 0, 0, 0, 884, 12, 0, 0, 0, 0, 0, 0, 896, 0, 0, 0, 0, 0, 0, 0
1024, 0, 0, 0, 0, 0, 0, 0, 1024, 0, 0, 0, 0, 0, 0, 0, 1024, 0, 0, 0, 0, 0, 0, 0
1024, 0, 0, 0, 0, 0, 0, 0, 1024, 0, 0, 0, 0, 0, 0, 0, 1024, 0, 0, 0, 0, 0, 0, 0
1024, 0, 0, 0, 0, 0, 0, 0, 1024, 0, 0, 0, 0, 0, 0, 0, 1024, 0, 0, 0, 0, 0, 0, 0
990, 34, 0, 0, 0, 0, 0, 0, 1024, 0, 0, 0, 0, 0, 0, 0, 1024, 0, 0, 0, 0, 0, 0, 0
764, 38, 107, 76, 14, 4, 4, 17, 813, 148, 26, 8, 8, 2, 4, 15, 966, 20, 8, 7, 3, 4, 4, 12
0, 14, 171, 370, 194, 228, 31, 16, 312, 512, 124, 34, 22, 7, 13, 0, 783, 192, 25, 6, 15, 3, 0, 0
0, 239, 173, 307, 218, 83, 4, 0, 762, 226, 36, 0, 0, 0, 0, 0, 920, 94, 10, 0, 0, 0, 0, 0
0, 52, 76, 305, 111, 464, 16, 0, 29, 306, 352, 310, 27, 0, 0, 0, 877, 120, 27, 0, 0, 0, 0, 0
0, 24, 125, 282, 141, 437, 15, 0, 27, 175, 354, 324, 144, 0, 0, 0, 892, 129, 3, 0, 0, 0, 0, 0
0, 20, 312, 169, 359, 164, 0, 0, 4, 351, 341, 326, 2, 0, 0, 0, 990, 34, 0, 0, 0, 0, 0, 0
22, 130, 251, 288, 330, 3, 0, 0, 142, 399, 351, 132, 0, 0, 0, 0, 1015, 9, 0, 0, 0, 0, 0, 0
71, 291, 168, 445, 49, 0, 0, 0, 78, 415, 507, 24, 0, 0, 0, 0, 1012, 12, 0, 0, 0, 0, 0, 0
91, 316, 183, 434, 0, 0, 0, 0, 116, 383, 521, 4, 0, 0, 0, 0, 1004, 20, 0, 0, 0, 0, 0, 0
151, 299, 359, 215, 0, 0, 0, 0, 164, 447, 401, 12, 0, 0, 0, 0, 951, 73, 0, 0, 0, 0, 0, 0
368, 145, 386, 123, 2, 0, 0, 0, 333, 152, 119, 55, 86, 265, 14, 0, 465, 155, 14, 26, 106, 233, 25, 0
596, 176, 236, 16, 0, 0, 0, 0, 567, 12, 49, 132, 206, 57, 1, 0, 572, 16, 59, 166, 171, 39, 1, 0
838, 42, 98, 43, 3, 0, 0, 0, 815, 15, 52, 63, 48, 29, 2, 0, 862, 35, 40, 29, 33, 25, 0, 0
1022, 0, 1, 1, 0, 0, 0, 0, 1022, 0, 1, 1, 0, 0, 0, 0, 1022, 0, 2, 0, 0, 0, 0, 0
932, 62, 30, 0, 0, 0, 0, 0, 940, 83, 1, 0, 0, 0, 0, 0, 1010, 14, 0, 0, 0, 0, 0, 0
796, 100, 0, 0, 0, 0, 0, 0, 795, 101, 0, 0, 0, 0, 0, 0, 834, 62, 0, 0, 0, 0, 0, 0
1024, 0, 0, 0, 0, 0, 0, 0, 1024, 0, 0, 0, 0, 0, 0, 0, 1024, 0, 0, 0, 0, 0, 0, 0
1024, 0, 0, 0, 0, 0, 0, 0, 1024, 0, 0, 0, 0, 0, 0, 0, 1024, 0, 0, 0, 0, 0, 0, 0
1024, 0, 0, 0, 0, 0, 0, 0, 1024, 0, 0, 0, 0, 0, 0, 0, 1024, 0, 0, 0, 0, 0, 0, 0
862, 162, 0, 0, 0, 0, 0, 0, 1024, 0, 0, 0, 0, 0, 0, 0, 1024, 0, 0, 0, 0, 0, 0, 0
969, 13, 14, 28, 0, 0, 0, 0, 982, 42, 0, 0, 0, 0, 0, 0, 1024, 0, 0, 0, 0, 0, 0, 0
810, 21, 62, 49, 30, 27, 6, 19, 904, 87, 3, 0, 2, 7, 13, 8, 972, 20, 2, 7, 6, 11, 4, 2
863, 17, 12, 34, 85, 13, 0, 0, 996, 23, 5, 0, 0, 0, 0, 0, 1015, 9, 0, 0, 0, 0, 0, 0
892, 36, 10, 9, 17, 54, 6, 0, 920, 15, 24, 50, 15, 0, 0, 0, 994, 29, 1, 0, 0, 0, 0, 0
881, 77, 16, 9, 14, 25, 2, 0, 941, 23, 12, 19, 29, 0, 0, 0, 1007, 15, 2, 0, 0, 0, 0, 0
424, 400, 155, 23, 20, 2, 0, 0, 525, 434, 56, 9, 0, 0, 0, 0, 1020, 4, 0, 0, 0, 0, 0, 0
864, 57, 23, 13, 56, 11, 0, 0, 912, 44, 36, 32, 0, 0, 0, 0, 1015, 9, 0, 0, 0, 0, 0, 0
826, 58, 64, 30, 43, 2, 0, 1, 879, 80, 52, 10, 2, 0, 1, 0, 996, 25, 2, 0, 1, 0, 0, 0
772, 118, 88, 41, 5, 0, 0, 0, 836, 120, 57, 4, 6, 1, 0, 0, 999, 17, 1, 6, 1, 0, 0, 0
984, 13, 13, 14, 0, 0, 0, 0, 998, 14, 12, 0, 0, 0, 0, 0, 1024, 0, 0, 0, 0, 0, 0, 0
1024, 0, 0, 0, 0, 0, 0, 0, 1024, 0, 0, 0, 0, 0, 0, 0, 1024, 0, 0, 0, 0, 0, 0, 0
1024, 0, 0, 0, 0, 0, 0, 0, 1024, 0, 0, 0, 0, 0, 0, 0, 1024, 0, 0, 0, 0, 0, 0, 0
1024, 0, 0, 0, 0, 0, 0, 0, 1024, 0, 0, 0, 0, 0, 0, 0, 1024, 0, 0, 0, 0, 0, 0, 0
1020, 4, 0, 0, 0, 0, 0, 0, 1024, 0, 0, 0, 0, 0, 0, 0, 1024, 0, 0, 0, 0, 0, 0, 0
935, 71, 16, 2, 0, 0, 0, 0, 963, 55, 6, 0, 0, 0, 0, 0, 995, 29, 0, 0, 0, 0, 0, 0
340, 504, 52, 0, 0, 0, 0, 0, 363, 500, 33, 0, 0, 0, 0, 0, 442, 452, 2, 0, 0, 0, 0, 0
1024, 0, 0, 0, 0, 0, 0, 0, 1024, 0, 0, 0, 0, 0, 0, 0, 1024, 0, 0, 0, 0, 0, 0, 0
1024, 0, 0, 0, 0, 0, 0, 0, 1024, 0, 0, 0, 0, 0, 0, 0, 1024, 0, 0, 0, 0, 0, 0, 0
1024, 0, 0, 0, 0, 0, 0, 0, 1024, 0, 0, 0, 0, 0, 0, 0, 1024, 0, 0, 0, 0, 0, 0, 0
703, 321, 0, 0, 0, 0, 0, 0, 1024, 0, 0, 0, 0, 0, 0, 0, 1024, 0, 0, 0, 0, 0, 0, 0
702, 103, 11, 77, 131, 0, 0, 0, 812, 212, 0, 0, 0, 0, 0, 0, 1019, 5, 0, 0, 0, 0, 0, 0
105, 116, 49, 89, 188, 403, 74, 0, 887, 137, 0, 0, 0, 0, 0, 0, 481, 40, 136, 237, 105, 25, 0, 0
20, 34, 25, 13, 11, 114, 807, 0, 1024, 0, 0, 0, 0, 0, 0, 0, 40, 42, 21, 127, 481, 298, 15, 0
0, 100, 97, 36, 14, 73, 704, 0, 1014, 10, 0, 0, 0, 0, 0, 0, 183, 45, 30, 72, 290, 311, 93, 0
102, 124, 160, 85, 130, 394, 29, 0, 378, 149, 109, 326, 62, 0, 0, 0, 970, 54, 0, 0, 0, 0, 0, 0
114, 71, 58, 171, 474, 136, 0, 0, 165, 150, 483, 226, 0, 0, 0, 0, 993, 31, 0, 0, 0, 0, 0, 0
141, 72, 56, 336, 417, 2, 0, 0, 194, 198, 588, 44, 0, 0, 0, 0, 1014, 10, 0, 0, 0, 0, 0, 0
44, 180, 334, 397, 46, 13, 8, 2, 280, 392, 323, 12, 7, 10, 0, 0, 945, 41, 16, 21, 1, 0, 0, 0
210, 272, 333, 196, 7, 4, 2, 0, 357, 522, 123, 10, 8, 4, 0, 0, 871, 88, 34, 25, 6, 0, 0, 0
424, 92, 419, 87, 1, 1, 0, 0, 536, 424, 62, 2, 0, 0, 0, 0, 1017, 5, 2, 0, 0, 0, 0, 0
737, 50, 56, 12, 59, 55, 30, 25, 757, 33, 51, 10, 4, 22, 92, 55, 770, 27, 39, 20, 14, 20, 55, 79
479, 81, 55, 87, 150, 131, 27, 14, 480, 34, 126, 103, 97, 77, 85, 22, 503, 75, 110, 102, 54, 61, 75, 44
283, 62, 78, 98, 122, 227, 150, 4, 318, 43, 61, 51, 89, 163, 217, 82, 306, 51, 91, 147, 148, 108, 122, 51
314, 710, 0, 0, 0, 0, 0, 0, 1024, 0, 0, 0, 0, 0, 0, 0, 1024, 0, 0, 0, 0, 0, 0, 0
475, 381, 168, 0, 0, 0, 0, 0, 762, 164, 98, 0, 0, 0, 0, 0, 825, 199, 0, 0, 0, 0, 0, 0
0, 130, 766, 0, 0, 0, 0, 0, 0, 111, 785, 0, 0, 0, 0, 0, 4, 273, 619, 0, 0, 0, 0, 0
1016, 8, 0, 0, 0, 0, 0, 0, 1024, 0, 0, 0, 0, 0, 0, 0, 1024, 0, 0, 0, 0, 0, 0, 0
1024, 0, 0, 0, 0, 0, 0, 0, 1024, 0, 0, 0, 0, 0, 0, 0, 1024, 0, 0, 0, 0, 0, 0, 0
1024, 0, 0, 0, 0, 0, 0, 0, 1024, 0, 0, 0, 0, 0, 0, 0, 1024, 0, 0, 0, 0, 0, 0, 0
476, 548, 0, 0, 0, 0, 0, 0, 1024, 0, 0, 0, 0, 0, 0, 0, 1024, 0, 0, 0, 0, 0, 0, 0
576, 234, 20, 83, 111, 0, 0, 0, 811, 213, 0, 0, 0, 0, 0, 0, 940, 84, 0, 0, 0, 0, 0, 0
0, 96, 44, 52, 276, 233, 311, 12, 731, 261, 6, 5, 7, 2, 1, 11, 300, 150, 22, 141, 244, 154, 4, 9
0, 0, 0, 0, 0, 8, 1000, 16, 999, 1, 6, 0, 1, 3, 1, 13, 0, 0, 0, 0, 6, 700, 299, 19
0, 68, 53, 31, 14, 16, 838, 4, 993, 25, 1, 2, 0, 0, 1, 2, 143, 9, 16, 8, 57, 364, 423, 4
0, 0, 13, 70, 175, 570, 196, 0, 22, 54, 149, 265, 527, 7, 0, 0, 817, 201, 6, 0, 0, 0, 0, 0
0, 0, 0, 29, 580, 414, 1, 0, 12, 43, 444, 510, 15, 0, 0, 0, 1009, 15, 0, 0, 0, 0, 0, 0
0, 4, 13, 241, 764, 2, 0, 0, 55, 227, 701, 41, 0, 0, 0, 0, 1024, 0, 0, 0, 0, 0, 0, 0
28, 45, 90, 644, 217, 0, 0, 0, 8, 319, 691, 6, 0, 0, 0, 0, 1020, 4, 0, 0, 0, 0, 0, 0
4, 14, 467, 414, 125, 0, 0, 0, 23, 726, 274, 1, 0, 0, 0, 0, 1024, 0, 0, 0, 0, 0, 0, 0
218, 123, 544, 108, 30, 1, 0, 0, 379, 573, 64, 7, 1, 0, 0, 0, 1004, 17, 3, 0, 0, 0, 0, 0
196, 160, 195, 26, 172, 124, 84, 67, 254, 91, 164, 31, 18, 126, 158, 182, 315, 65, 131, 20, 60, 131, 82, 220
7, 145, 74, 190, 272, 257, 54, 25, 2, 43, 112, 108, 232, 306, 167, 54, 65, 103, 180, 149, 130, 166, 139, 92
22, 135, 60, 186, 162, 314, 137, 8, 102, 30, 42, 97, 208, 285, 196, 64, 118, 112, 176, 252, 173, 120, 52, 21
0, 1024, 0, 0, 0, 0, 0, 0, 1024, 0, 0, 0, 0, 0, 0, 0, 1024, 0, 0, 0, 0, 0, 0, 0
280, 410, 311, 23, 0, 0, 0, 0, 661, 108, 255, 0, 0, 0, 0, 0, 752, 266, 6, 0, 0, 0, 0, 0
0, 1, 884, 11, 0, 0, 0, 0, 0, 0, 893, 3, 0, 0, 0, 0, 0, 3, 893, 0, 0, 0, 0, 0
963, 61, 0, 0, 0, 0, 0, 0, 1017, 7, 0, 0, 0, 0, 0, 0, 1000, 24, 0, 0, 0, 0, 0, 0
1024, 0, 0, 0, 0, 0, 0, 0, 1024, 0, 0, 0, 0, 0, 0, 0, 1024, 0, 0, 0, 0, 0, 0, 0
1024, 0, 0, 0, 0, 0, 0, 0, 1024, 0, 0, 0, 0, 0, 0, 0, 1024, 0, 0, 0, 0, 0, 0, 0
179, 845, 0, 0, 0, 0, 0, 0, 1024, 0, 0, 0, 0, 0, 0, 0, 1024, 0, 0, 0, 0, 0, 0, 0
619, 259, 18, 96, 32, 0, 0, 0, 870, 140, 14, 0, 0, 0, 0, 0, 902, 122, 0, 0, 0, 0, 0, 0
0, 96, 52, 64, 336, 277, 199, 0, 651, 304, 69, 0, 0, 0, 0, 0, 207, 325, 18, 109, 262, 103, 0, 0
31, 100, 37, 29, 36, 36, 492, 263, 505, 69, 37, 38, 32, 40, 49, 254, 0, 0, 0, 0, 0, 145, 353, 526
0, 80, 24, 8, 8, 45, 801, 58, 952, 6, 4, 4, 9, 8, 5, 36, 101, 11, 8, 16, 25, 311, 501, 51
0, 0, 112, 602, 310, 0, 0, 0, 111, 689, 224, 0, 0, 0, 0, 0, 1024, 0, 0, 0, 0, 0, 0, 0
0, 0, 1, 306, 716, 1, 0, 0, 14, 283, 727, 0, 0, 0, 0, 0, 1024, 0, 0, 0, 0, 0, 0, 0
0, 0, 23, 361, 640, 0, 0, 0, 0, 230, 793, 1, 0, 0, 0, 0, 1024, 0, 0, 0, 0, 0, 0, 0
0, 7, 12, 261, 742, 2, 0, 0, 10, 128, 878, 8, 0, 0, 0, 0, 1023, 1, 0, 0, 0, 0, 0, 0
0, 0, 48, 440, 536, 0, 0, 0, 28, 217, 778, 1, 0, 0, 0, 0, 1023, 1, 0, 0, 0, 0, 0, 0
297, 76, 118, 385, 136, 9, 3, 0, 378, 292, 333, 12, 7, 2, 0, 0, 989, 24, 11, 0, 0, 0, 0, 0
247, 187, 256, 88, 136, 54, 19, 37, 331, 139, 159, 19, 29, 137, 124, 86, 451, 81, 106, 35, 60, 97, 77, 117
114, 210, 197, 148, 238, 107, 10, 0, 208, 71, 60, 175, 215, 200, 88, 7, 284, 108, 160, 200, 118, 74, 61, 19
38, 327, 138, 189, 226, 98, 8, 0, 334, 27, 76, 181, 234, 154, 18, 0, 404, 144, 193, 143, 91, 43, 6, 0
54, 921, 49, 0, 0, 0, 0, 0, 1024, 0, 0, 0, 0, 0, 0, 0, 1024, 0, 0, 0, 0, 0, 0, 0
254, 326, 86, 357, 1, 0, 0, 0, 573, 51, 400, 0, 0, 0, 0, 0, 732, 270, 22, 0, 0, 0, 0, 0
0, 0, 723, 173, 0, 0, 0, 0, 0, 0, 896, 0, 0, 0, 0, 0, 0, 117, 779, 0, 0, 0, 0, 0
972, 52, 0, 0, 0, 0, 0, 0, 1002, 22, 0, 0, 0, 0, 0, 0, 998, 26, 0, 0, 0, 0, 0, 0
1024, 0, 0, 0, 0, 0, 0, 0, 1024, 0, 0, 0, 0, 0, 0, 0, 1024, 0, 0, 0, 0, 0, 0, 0
928, 96, 0, 0, 0, 0, 0, 0, 1024, 0, 0, 0, 0, 0, 0, 0, 1024, 0, 0, 0, 0, 0, 0, 0
86, 938, 0, 0, 0, 0, 0, 0, 1024, 0, 0, 0, 0, 0, 0, 0, 1024, 0, 0, 0, 0, 0, 0, 0
501, 446, 19, 51, 7, 0, 0, 0, 941, 78, 5, 0, 0, 0, 0, 0, 966, 58, 0, 0, 0, 0, 0, 0
0, 101, 42, 101, 372, 248, 160, 0, 581, 183, 260, 0, 0, 0, 0, 0, 174, 421, 17, 39, 264, 109, 0, 0
13, 53, 27, 18, 24, 53, 523, 313, 544, 45, 30, 25, 37, 33, 26, 284, 0, 0, 0, 0, 4, 145, 420, 455
0, 50, 12, 17, 10, 40, 837, 58, 937, 5, 3, 7, 8, 10, 14, 40, 56, 16, 8, 10, 20, 211, 633, 70
2, 171, 189, 138, 524, 0, 0, 0, 234, 289, 500, 1, 0, 0, 0, 0, 1022, 2, 0, 0, 0, 0, 0, 0
286, 49, 7, 85, 254, 212, 122, 9, 322, 60, 174, 27, 102, 152, 112, 75, 586, 52, 50, 72, 81, 65, 56, 62
345, 125, 66, 86, 250, 93, 54, 5, 373, 116, 220, 39, 83, 102, 54, 37, 652, 58, 72, 55, 57, 42, 31, 57
14, 45, 88, 181, 695, 1, 0, 0, 23, 157, 824, 20, 0, 0, 0, 0, 1018, 6, 0, 0, 0, 0, 0, 0
4, 39, 343, 475, 163, 0, 0, 0, 146, 615, 261, 2, 0, 0, 0, 0, 976, 48, 0, 0, 0, 0, 0, 0
103, 185, 205, 355, 89, 61, 21, 5, 277, 429, 174, 30, 31, 22, 54, 7, 750, 104, 49, 12, 33, 34, 37, 5
282, 485, 108, 107, 33, 8, 1, 0, 497, 422, 52, 44, 9, 0, 0, 0, 791, 166, 58, 9, 0, 0, 0, 0
65, 850, 90, 19, 0, 0, 0, 0, 1024, 0, 0, 0, 0, 0, 0, 0, 1024, 0, 0, 0, 0, 0, 0, 0
0, 1024, 0, 0, 0, 0, 0, 0, 1024, 0, 0, 0, 0, 0, 0, 0, 1024, 0, 0, 0, 0, 0, 0, 0
590, 262, 63, 38, 33, 25, 13, 0, 807, 88, 53, 36, 32, 4, 4, 0, 901, 88, 31, 4, 0, 0, 0, 0
354, 24, 11, 177, 347, 111, 0, 0, 372, 39, 275, 338, 0, 0, 0, 0, 649, 375, 0, 0, 0, 0, 0, 0
0, 0, 395, 462, 39, 0, 0, 0, 0, 0, 843, 53, 0, 0, 0, 0, 0, 856, 40, 0, 0, 0, 0, 0
775, 249, 0, 0, 0, 0, 0, 0, 988, 36, 0, 0, 0, 0, 0, 0, 943, 81, 0, 0, 0, 0, 0, 0
970, 54, 0, 0, 0, 0, 0, 0, 1024, 0, 0, 0, 0, 0, 0, 0, 1024, 0, 0, 0, 0, 0, 0, 0
1024, 0, 0, 0, 0, 0, 0, 0, 1024, 0, 0, 0, 0, 0, 0, 0, 1024, 0, 0, 0, 0, 0, 0, 0
128, 896, 0, 0, 0, 0, 0, 0, 1020, 4, 0, 0, 0, 0, 0, 0, 1024, 0, 0, 0, 0, 0, 0, 0
420, 580, 24, 0, 0, 0, 0, 0, 984, 40, 0, 0, 0, 0, 0, 0, 1021, 3, 0, 0, 0, 0, 0, 0
0, 105, 54, 103, 388, 85, 272, 17, 518, 278, 200, 7, 5, 1, 5, 10, 181, 437, 32, 35, 167, 155, 9, 8
19, 75, 37, 23, 23, 46, 611, 190, 648, 61, 33, 28, 20, 30, 43, 161, 0, 0, 0, 0, 1, 197, 464, 362
3, 21, 28, 21, 17, 86, 749, 99, 858, 23, 10, 10, 12, 16, 20, 75, 22, 13, 12, 18, 148, 251, 415, 145
0, 120, 199, 78, 238, 283, 106, 0, 160, 226, 256, 218, 159, 5, 0, 0, 992, 32, 0, 0, 0, 0, 0, 0
160, 1, 32, 79, 55, 153, 297, 247, 160, 4, 15, 18, 42, 102, 252, 431, 186, 69, 74, 120, 178, 133, 104, 160
196, 85, 162, 123, 167, 158, 106, 27, 187, 111, 108, 154, 139, 135, 128, 62, 275, 169, 166, 156, 138, 67, 28, 25
0, 6, 262, 476, 280, 0, 0, 0, 48, 553, 418, 5, 0, 0, 0, 0, 1023, 1, 0, 0, 0, 0, 0, 0
0, 8, 118, 240, 270, 299, 88, 1, 19, 279, 274, 302, 129, 21, 0, 0, 981, 43, 0, 0, 0, 0, 0, 0
61, 223, 137, 191, 211, 114, 54, 33, 219, 215, 274, 150, 13, 22, 88, 43, 724, 88, 14, 44, 9, 33, 77, 35
160, 495, 198, 110, 61, 0, 0, 0, 342, 395, 146, 103, 38, 0, 0, 0, 563, 315, 108, 38, 0, 0, 0, 0
0, 905, 60, 56, 3, 0, 0, 0, 989, 32, 3, 0, 0, 0, 0, 0, 1019, 5, 0, 0, 0, 0, 0, 0
0, 991, 33, 0, 0, 0, 0, 0, 1024, 0, 0, 0, 0, 0, 0, 0, 1024, 0, 0, 0, 0, 0, 0, 0
227, 235, 183, 121, 89, 87, 56, 26, 418, 205, 126, 109, 73, 61, 31, 1, 631, 233, 96, 61, 3, 0, 0, 0
296, 26, 9, 5, 133, 541, 14, 0, 309, 18, 25, 489, 183, 0, 0, 0, 373, 651, 0, 0, 0, 0, 0, 0
0, 0, 0, 806, 90, 0, 0, 0, 0, 0, 818, 78, 0, 0, 0, 0, 0, 892, 4, 0, 0, 0, 0, 0
952, 72, 0, 0, 0, 0, 0, 0, 1024, 0, 0, 0, 0, 0, 0, 0, 1024, 0, 0, 0, 0, 0, 0, 0
1024, 0, 0, 0, 0, 0, 0, 0, 1024, 0, 0, 0, 0, 0, 0, 0, 1024, 0, 0, 0, 0, 0, 0, 0
1022, 2, 0, 0, 0, 0, 0, 0, 1024, 0, 0, 0, 0, 0, 0, 0, 1024, 0, 0, 0, 0, 0, 0, 0
311, 713, 0, 0, 0, 0, 0, 0, 1018, 6, 0, 0, 0, 0, 0, 0, 1024, 0, 0, 0, 0, 0, 0, 0
401, 587, 36, 0, 0, 0, 0, 0, 983, 41, 0, 0, 0, 0, 0, 0, 1024, 0, 0, 0, 0, 0, 0, 0
0, 163, 56, 72, 441, 19, 273, 0, 575, 443, 6, 0, 0, 0, 0, 0, 267, 453, 13, 15, 76, 176, 24, 0
7, 34, 16, 11, 11, 55, 797, 93, 816, 29, 15, 13, 14, 16, 24, 97, 0, 0, 0, 0, 15, 336, 479, 194
3, 12, 4, 3, 13, 214, 683, 92, 903, 18, 6, 10, 5, 8, 14, 60, 0, 0, 13, 65, 224, 204, 410, 108
45, 126, 182, 53, 45, 65, 251, 257, 237, 110, 55, 47, 187, 233, 144, 11, 588, 263, 91, 66, 11, 3, 1, 1
161, 84, 133, 91, 129, 364, 60, 2, 169, 42, 61, 23, 36, 236, 328, 129, 186, 79, 114, 63, 66, 70, 122, 324
257, 117, 203, 147, 140, 121, 38, 1, 190, 38, 69, 106, 161, 283, 139, 38, 252, 168, 173, 128, 98, 90, 75, 40
0, 841, 135, 42, 6, 0, 0, 0, 919, 84, 21, 0, 0, 0, 0, 0, 991, 33, 0, 0, 0, 0, 0, 0
0, 215, 51, 21, 17, 47, 241, 432, 220, 38, 32, 39, 87, 292, 213, 103, 362, 322, 137, 102, 80, 16, 5, 0
58, 168, 139, 105, 237, 188, 98, 31, 248, 231, 217, 136, 54, 28, 69, 41, 607, 175, 81, 21, 22, 10, 88, 20
193, 225, 230, 223, 135, 17, 1, 0, 344, 262, 232, 136, 49, 1, 0, 0, 590, 318, 91, 25, 0, 0, 0, 0
0, 926, 78, 20, 0, 0, 0, 0, 1013, 11, 0, 0, 0, 0, 0, 0, 1024, 0, 0, 0, 0, 0, 0, 0
0, 821, 188, 4, 3, 3, 3, 2, 1009, 4, 3, 3, 3, 2, 0, 0, 1018, 6, 0, 0, 0, 0, 0, 0
5, 23, 18, 17, 64, 287, 236, 374, 57, 279, 258, 167, 145, 108, 10, 0, 873, 113, 38, 0, 0, 0, 0, 0
163, 57, 12, 20, 195, 397, 180, 0, 207, 58, 64, 394, 291, 10, 0, 0, 319, 689, 16, 0, 0, 0, 0, 0
0, 0, 0, 362, 534, 0, 0, 0, 0, 0, 639, 257, 0, 0, 0, 0, 0, 872, 24, 0, 0, 0, 0, 0
818, 99, 11, 5, 4, 2, 21, 64, 911, 11, 7, 6, 2, 5, 71, 11, 915, 13, 5, 5, 4, 61, 20, 1
1000, 24, 0, 0, 0, 0, 0, 0, 1020, 4, 0, 0, 0, 0, 0, 0, 1024, 0, 0, 0, 0, 0, 0, 0
1023, 1, 0, 0, 0, 0, 0, 0, 1024, 0, 0, 0, 0, 0, 0, 0, 1024, 0, 0, 0, 0, 0, 0, 0
195, 829, 0, 0, 0, 0, 0, 0, 1019, 5, 0, 0, 0, 0, 0, 0, 1024, 0, 0, 0, 0, 0, 0, 0
372, 623, 29, 0, 0, 0, 0, 0, 973, 51, 0, 0, 0, 0, 0, 0, 1024, 0, 0, 0, 0, 0, 0, 0
0, 229, 59, 60, 449, 30, 197, 0, 642, 375, 7, 0, 0, 0, 0, 0, 359, 429, 15, 14, 56, 142, 9, 0
0, 0, 0, 0, 0, 44, 864, 116, 1024, 0, 0, 0, 0, 0, 0, 0, 0, 12, 28, 8, 25, 436, 513, 2
0, 0, 0, 0, 4, 203, 680, 137, 1024, 0, 0, 0, 0, 0, 0, 0, 0, 13, 44, 76, 181, 237, 473, 0
0, 30, 147, 44, 78, 73, 175, 477, 190, 63, 51, 44, 52, 326, 249, 49, 241, 340, 235, 172, 18, 5, 3, 10
156, 94, 108, 77, 215, 186, 99, 89, 191, 102, 47, 56, 54, 72, 110, 392, 229, 53, 45, 62, 55, 73, 80, 427
154, 73, 114, 120, 137, 156, 174, 96, 112, 12, 22, 43, 83, 177, 255, 320, 126, 64, 91, 130, 124, 118, 164, 207
47, 550, 361, 45, 19, 2, 0, 0, 943, 52, 26, 3, 0, 0, 0, 0, 979, 40, 5, 0, 0, 0, 0, 0
0, 156, 63, 82, 37, 30, 65, 591, 193, 68, 76, 43, 23, 76, 208, 337, 305, 64, 178, 179, 217, 78, 3, 0
42, 47, 271, 113, 265, 277, 7, 2, 210, 417, 234, 147, 12, 2, 1, 1, 576, 323, 98, 24, 2, 1, 0, 0
151, 178, 118, 108, 385, 76, 8, 0, 273, 155, 108, 365, 115, 8, 0, 0, 419, 393, 202, 10, 0, 0, 0, 0
0, 960, 64, 0, 0, 0, 0, 0, 1015, 9, 0, 0, 0, 0, 0, 0, 1024, 0, 0, 0, 0, 0, 0, 0
0, 780, 164, 7, 7, 7, 7, 52, 945, 6, 6, 8, 7, 30, 22, 0, 960, 25, 39, 0, 0, 0, 0, 0
27, 53, 16, 13, 67, 322, 234, 292, 80, 329, 259, 152, 120, 84, 0, 0, 919, 84, 21, 0, 0, 0, 0, 0
180, 12, 6, 9, 213, 404, 200, 0, 184, 10, 174, 390, 245, 21, 0, 0, 336, 687, 1, 0, 0, 0, 0, 0
0, 0, 0, 53, 843, 0, 0, 0, 0, 0, 478, 418, 0, 0, 0, 0, 0, 757, 139, 0, 0, 0, 0, 0
944, 30, 9, 3, 1, 5, 3, 29, 963, 15, 5, 1, 3, 4, 14, 19, 971, 11, 4, 1, 4, 16, 15, 2
932, 92, 0, 0, 0, 0, 0, 0, 1024, 0, 0, 0, 0, 0, 0, 0, 1024, 0, 0, 0, 0, 0, 0, 0
1024, 0, 0, 0, 0, 0, 0, 0, 1024, 0, 0, 0, 0, 0, 0, 0, 1024, 0, 0, 0, 0, 0, 0, 0
70, 954, 0, 0, 0, 0, 0, 0, 1024, 0, 0, 0, 0, 0, 0, 0, 1024, 0, 0, 0, 0, 0, 0, 0
357, 635, 32, 0, 0, 0, 0, 0, 954, 70, 0, 0, 0, 0, 0, 0, 1024, 0, 0, 0, 0, 0, 0, 0
3, 301, 56, 74, 359, 57, 161, 13, 597, 184, 220, 4, 6, 1, 3, 9, 378, 407, 24, 30, 30, 141, 4, 10
0, 0, 0, 0, 0, 2, 949, 73, 1024, 0, 0, 0, 0, 0, 0, 0, 0, 0, 0, 5, 26, 317, 667, 9
0, 0, 0, 0, 0, 23, 1001, 0, 1024, 0, 0, 0, 0, 0, 0, 0, 0, 0, 0, 0, 143, 255, 626, 0
0, 59, 140, 103, 289, 150, 76, 207, 290, 23, 266, 171, 40, 36, 144, 54, 613, 104, 104, 133, 66, 4, 0, 0
238, 127, 343, 85, 57, 35, 9, 130, 540, 130, 34, 26, 41, 66, 58, 129, 622, 46, 48, 63, 83, 50, 65, 47
315, 296, 338, 38, 23, 14, 0, 0, 729, 28, 31, 64, 95, 63, 14, 0, 756, 70, 49, 43, 42, 40, 23, 1
64, 863, 42, 17, 31, 7, 0, 0, 954, 26, 29, 15, 0, 0, 0, 0, 980, 29, 15, 0, 0, 0, 0, 0
6, 238, 20, 49, 35, 16, 36, 624, 238, 43, 46, 33, 18, 48, 368, 230, 299, 51, 238, 311, 122, 3, 0, 0
116, 147, 216, 144, 176, 107, 114, 4, 211, 340, 187, 49, 39, 44, 50, 104, 492, 148, 109, 46, 46, 30, 56, 97
161, 213, 146, 146, 120, 175, 61, 2, 315, 95, 139, 141, 226, 105, 3, 0, 330, 157, 264, 190, 75, 6, 2, 0
8, 963, 53, 0, 0, 0, 0, 0, 1024, 0, 0, 0, 0, 0, 0, 0, 1024, 0, 0, 0, 0, 0, 0, 0
0, 694, 189, 11, 9, 6, 4, 111, 883, 9, 10, 7, 40, 72, 3, 0, 941, 78, 5, 0, 0, 0, 0, 0
82, 62, 15, 13, 205, 303, 201, 143, 143, 484, 219, 118, 58, 2, 0, 0, 1013, 11, 0, 0, 0, 0, 0, 0
120, 7, 7, 7, 267, 375, 241, 0, 121, 7, 238, 360, 226, 72, 0, 0, 266, 695, 63, 0, 0, 0, 0, 0
0, 0, 0, 75, 821, 0, 0, 0, 0, 0, 449, 447, 0, 0, 0, 0, 3, 828, 65, 0, 0, 0, 0, 0
899, 123, 2, 0, 0, 0, 0, 0, 955, 69, 0, 0, 0, 0, 0, 0, 951, 69, 4, 0, 0, 0, 0, 0
678, 346, 0, 0, 0, 0, 0, 0, 878, 146, 0, 0, 0, 0, 0, 0, 828, 196, 0, 0, 0, 0, 0, 0
995, 29, 0, 0, 0, 0, 0, 0, 1024, 0, 0, 0, 0, 0, 0, 0, 1024, 0, 0, 0, 0, 0, 0, 0
186, 838, 0, 0, 0, 0, 0, 0, 1024, 0, 0, 0, 0, 0, 0, 0, 1024, 0, 0, 0, 0, 0, 0, 0
337, 652, 35, 0, 0, 0, 0, 0, 938, 86, 0, 0, 0, 0, 0, 0, 1023, 1, 0, 0, 0, 0, 0, 0
0, 373, 70, 45, 363, 35, 138, 0, 598, 52, 118, 215, 41, 0, 0, 0, 427, 75, 323, 47, 40, 112, 0, 0
0, 0, 0, 0, 1, 69, 472, 482, 486, 30, 18, 25, 26, 24, 30, 385, 0, 0, 0, 0, 4, 199, 354, 467
0, 0, 0, 0, 0, 113, 401, 510, 444, 32, 27, 25, 34, 30, 37, 395, 0, 0, 0, 0, 15, 212, 306, 491
4, 92, 91, 182, 255, 140, 102, 158, 329, 41, 240, 199, 26, 37, 104, 48, 608, 130, 75, 119, 54, 38, 0, 0
0, 0, 181, 241, 149, 122, 63, 268, 563, 58, 50, 45, 22, 20, 37, 229, 618, 68, 52, 70, 132, 77, 7, 0
0, 5, 478, 279, 177, 53, 24, 8, 822, 83, 70, 32, 13, 4, 0, 0, 888, 86, 38, 10, 2, 0, 0, 0
0, 191, 603, 153, 61, 12, 4, 0, 930, 46, 37, 11, 0, 0, 0, 0, 958, 52, 14, 0, 0, 0, 0, 0
294, 392, 94, 34, 24, 11, 11, 164, 754, 48, 15, 23, 12, 12, 80, 80, 814, 37, 47, 94, 32, 0, 0, 0
257, 130, 118, 118, 151, 90, 159, 1, 376, 149, 102, 59, 68, 78, 76, 116, 512, 113, 23, 23, 86, 85, 77, 105
172, 228, 309, 137, 134, 42, 2, 0, 360, 165, 152, 170, 136, 40, 1, 0, 368, 86, 221, 205, 107, 36, 1, 0
0, 960, 64, 0, 0, 0, 0, 0, 1024, 0, 0, 0, 0, 0, 0, 0, 1024, 0, 0, 0, 0, 0, 0, 0
0, 641, 199, 5, 5, 6, 10, 158, 840, 5, 4, 5, 20, 125, 25, 0, 858, 99, 67, 0, 0, 0, 0, 0
152, 61, 11, 9, 53, 295, 221, 222, 208, 320, 247, 134, 115, 0, 0, 0, 1024, 0, 0, 0, 0, 0, 0, 0
45, 13, 4, 6, 379, 339, 238, 0, 47, 12, 374, 289, 270, 32, 0, 0, 412, 603, 9, 0, 0, 0, 0, 0
0, 0, 0, 198, 698, 0, 0, 0, 0, 0, 468, 428, 0, 0, 0, 0, 1, 879, 16, 0, 0, 0, 0, 0
620, 396, 8, 0, 0, 0, 0, 0, 803, 217, 4, 0, 0, 0, 0, 0, 740, 265, 19, 0, 0, 0, 0, 0
901, 123, 0, 0, 0, 0, 0, 0, 936, 88, 0, 0, 0, 0, 0, 0, 921, 103, 0, 0, 0, 0, 0, 0
1024, 0, 0, 0, 0, 0, 0, 0, 1024, 0, 0, 0, 0, 0, 0, 0, 1024, 0, 0, 0, 0, 0, 0, 0
560, 464, 0, 0, 0, 0, 0, 0, 1024, 0, 0, 0, 0, 0, 0, 0, 1024, 0, 0, 0, 0, 0, 0, 0
300, 687, 37, 0, 0, 0, 0, 0, 938, 86, 0, 0, 0, 0, 0, 0, 1017, 7, 0, 0, 0, 0, 0, 0
104, 314, 69, 61, 308, 54, 102, 12, 613, 53, 29, 140, 169, 6, 5, 9, 462, 77, 163, 179, 58, 70, 6, 9
0, 0, 0, 0, 0, 65, 353, 606, 371, 37, 26, 27, 20, 26, 32, 485, 0, 0, 0, 0, 17, 225, 227, 555
0, 0, 0, 0, 3, 52, 554, 415, 560, 22, 17, 9, 21, 23, 28, 344, 0, 0, 0, 0, 6, 323, 286, 409
4, 39, 161, 181, 221, 156, 126, 136, 343, 86, 209, 184, 34, 44, 123, 1, 633, 108, 109, 76, 18, 80, 0, 0
172, 45, 39, 152, 216, 136, 73, 191, 472, 66, 77, 39, 47, 99, 125, 99, 551, 87, 85, 99, 70, 44, 48, 40
193, 34, 65, 251, 254, 139, 79, 9, 501, 52, 35, 55, 75, 117, 131, 58, 523, 51, 42, 32, 48, 96, 140, 92
82, 282, 492, 105, 44, 19, 0, 0, 914, 45, 44, 18, 3, 0, 0, 0, 952, 57, 14, 1, 0, 0, 0, 0
19, 134, 104, 96, 35, 36, 55, 545, 249, 76, 63, 24, 55, 70, 360, 127, 379, 123, 223, 239, 59, 1, 0, 0
85, 89, 100, 143, 171, 164, 176, 96, 175, 130, 108, 103, 124, 159, 94, 131, 363, 178, 50, 62, 94, 80, 75, 122
180, 337, 189, 194, 119, 5, 0, 0, 405, 99, 189, 196, 135, 0, 0, 0, 404, 136, 208, 182, 94, 0, 0, 0
19, 942, 63, 0, 0, 0, 0, 0, 1024, 0, 0, 0, 0, 0, 0, 0, 1024, 0, 0, 0, 0, 0, 0, 0
0, 739, 54, 12, 5, 6, 7, 201, 793, 12, 5, 9, 105, 97, 3, 0, 912, 105, 7, 0, 0, 0, 0, 0
157, 61, 20, 22, 65, 276, 270, 153, 234, 289, 289, 165, 46, 1, 0, 0, 1011, 13, 0, 0, 0, 0, 0, 0
0, 4, 8, 123, 349, 309, 231, 0, 0, 5, 494, 241, 265, 19, 0, 0, 413, 589, 22, 0, 0, 0, 0, 0
0, 0, 0, 635, 261, 0, 0, 0, 0, 0, 637, 259, 0, 0, 0, 0, 3, 892, 1, 0, 0, 0, 0, 0
958, 66, 0, 0, 0, 0, 0, 0, 1019, 5, 0, 0, 0, 0, 0, 0, 944, 80, 0, 0, 0, 0, 0, 0
907, 117, 0, 0, 0, 0, 0, 0, 957, 67, 0, 0, 0, 0, 0, 0, 942, 82, 0, 0, 0, 0, 0, 0
1024, 0, 0, 0, 0, 0, 0, 0, 1024, 0, 0, 0, 0, 0, 0, 0, 1024, 0, 0, 0, 0, 0, 0, 0
888, 136, 0, 0, 0, 0, 0, 0, 1024, 0, 0, 0, 0, 0, 0, 0, 1024, 0, 0, 0, 0, 0, 0, 0
210, 780, 34, 0, 0, 0, 0, 0, 908, 116, 0, 0, 0, 0, 0, 0, 1016, 8, 0, 0, 0, 0, 0, 0
158, 393, 47, 59, 287, 58, 22, 0, 667, 46, 73, 238, 0, 0, 0, 0, 578, 72, 291, 16, 64, 3, 0, 0
3, 102, 38, 27, 16, 86, 508, 244, 584, 77, 32, 42, 29, 19, 45, 196, 0, 0, 0, 0, 99, 325, 175, 425
0, 16, 3, 2, 5, 74, 716, 208, 710, 38, 25, 21, 22, 30, 30, 148, 0, 0, 0, 0, 5, 423, 362, 234
29, 54, 170, 106, 294, 128, 137, 106, 255, 176, 259, 181, 34, 26, 86, 7, 513, 212, 89, 60, 51, 99, 0, 0
162, 63, 106, 81, 63, 109, 205, 235, 175, 120, 72, 46, 54, 79, 124, 354, 224, 47, 71, 101, 90, 77, 82, 332
118, 21, 37, 95, 130, 187, 204, 232, 109, 22, 32, 32, 71, 94, 145, 519, 101, 17, 15, 27, 56, 86, 135, 587
57, 854, 65, 42, 6, 0, 0, 0, 960, 39, 24, 1, 0, 0, 0, 0, 984, 39, 1, 0, 0, 0, 0, 0
109, 351, 188, 209, 27, 14, 45, 81, 386, 419, 64, 18, 17, 53, 58, 9, 591, 295, 63, 64, 11, 0, 0, 0
178, 170, 277, 220, 71, 41, 33, 34, 531, 231, 68, 40, 43, 38, 25, 48, 664, 158, 39, 44, 28, 23, 31, 37
202, 452, 136, 140, 75, 18, 1, 0, 499, 233, 126, 97, 60, 9, 0, 0, 575, 234, 108, 83, 24, 0, 0, 0
8, 943, 73, 0, 0, 0, 0, 0, 1021, 3, 0, 0, 0, 0, 0, 0, 1024, 0, 0, 0, 0, 0, 0, 0
0, 733, 16, 4, 4, 7, 36, 224, 747, 5, 10, 75, 134, 53, 0, 0, 964, 57, 3, 0, 0, 0, 0, 0
218, 41, 19, 21, 23, 334, 286, 82, 276, 206, 319, 159, 64, 0, 0, 0, 967, 57, 0, 0, 0, 0, 0, 0
0, 0, 0, 343, 179, 441, 61, 0, 0, 0, 498, 357, 169, 0, 0, 0, 305, 719, 0, 0, 0, 0, 0, 0
0, 0, 0, 865, 31, 0, 0, 0, 0, 0, 839, 57, 0, 0, 0, 0, 0, 896, 0, 0, 0, 0, 0, 0
1006, 18, 0, 0, 0, 0, 0, 0, 1024, 0, 0, 0, 0, 0, 0, 0, 979, 45, 0, 0, 0, 0, 0, 0
919, 105, 0, 0, 0, 0, 0, 0, 953, 71, 0, 0, 0, 0, 0, 0, 946, 78, 0, 0, 0, 0, 0, 0
1024, 0, 0, 0, 0, 0, 0, 0, 1024, 0, 0, 0, 0, 0, 0, 0, 1024, 0, 0, 0, 0, 0, 0, 0
1007, 17, 0, 0, 0, 0, 0, 0, 1024, 0, 0, 0, 0, 0, 0, 0, 1024, 0, 0, 0, 0, 0, 0, 0
147, 847, 30, 0, 0, 0, 0, 0, 918, 106, 0, 0, 0, 0, 0, 0, 1017, 7, 0, 0, 0, 0, 0, 0
241, 355, 59, 57, 287, 18, 6, 1, 678, 49, 78, 218, 1, 0, 0, 0, 633, 89, 276, 11, 15, 0, 0, 0
6, 130, 57, 31, 35, 93, 404, 268, 448, 152, 53, 30, 44, 30, 28, 239, 0, 0, 0, 2, 94, 331, 84, 513
0, 38, 18, 6, 14, 137, 511, 300, 511, 86, 46, 29, 41, 42, 40, 229, 0, 0, 0, 0, 13, 325, 296, 390
70, 66, 196, 76, 266, 135, 161, 54, 356, 201, 213, 182, 12, 8, 47, 5, 529, 240, 59, 30, 57, 109, 0, 0
180, 100, 119, 81, 104, 282, 84, 74, 193, 168, 51, 43, 57, 98, 230, 184, 276, 40, 95, 101, 51, 70, 115, 276
129, 22, 45, 119, 209, 327, 122, 51, 124, 35, 35, 62, 111, 183, 232, 242, 114, 25, 42, 49, 106, 125, 175, 388
51, 841, 84, 46, 2, 0, 0, 0, 945, 61, 18, 0, 0, 0, 0, 0, 978, 46, 0, 0, 0, 0, 0, 0
64, 400, 315, 76, 23, 10, 13, 123, 391, 400, 75, 21, 4, 24, 78, 31, 671, 210, 78, 57, 8, 0, 0, 0
119, 149, 360, 131, 95, 99, 44, 27, 233, 321, 254, 53, 37, 21, 75, 30, 655, 165, 57, 21, 23, 27, 49, 27
325, 289, 156, 170, 62, 18, 4, 0, 599, 176, 189, 29, 28, 2, 1, 0, 746, 202, 51, 22, 3, 0, 0, 0
64, 871, 61, 28, 0, 0, 0, 0, 1014, 10, 0, 0, 0, 0, 0, 0, 1024, 0, 0, 0, 0, 0, 0, 0
99, 783, 63, 24, 17, 16, 8, 14, 853, 73, 45, 22, 15, 7, 9, 0, 940, 60, 13, 8, 3, 0, 0, 0
482, 98, 77, 54, 60, 193, 38, 22, 559, 108, 75, 172, 60, 28, 21, 1, 778, 150, 48, 31, 17, 0, 0, 0
0, 0, 29, 409, 213, 373, 0, 0, 0, 0, 553, 458, 13, 0, 0, 0, 179, 845, 0, 0, 0, 0, 0, 0
0, 0, 159, 737, 0, 0, 0, 0, 0, 0, 896, 0, 0, 0, 0, 0, 0, 896, 0, 0, 0, 0, 0, 0
946, 78, 0, 0, 0, 0, 0, 0, 1007, 17, 0, 0, 0, 0, 0, 0, 938, 86, 0, 0, 0, 0, 0, 0
698, 326, 0, 0, 0, 0, 0, 0, 784, 240, 0, 0, 0, 0, 0, 0, 710, 314, 0, 0, 0, 0, 0, 0
886, 138, 0, 0, 0, 0, 0, 0, 967, 57, 0, 0, 0, 0, 0, 0, 953, 71, 0, 0, 0, 0, 0, 0
923, 101, 0, 0, 0, 0, 0, 0, 1024, 0, 0, 0, 0, 0, 0, 0, 1024, 0, 0, 0, 0, 0, 0, 0
37, 942, 45, 0, 0, 0, 0, 0, 915, 109, 0, 0, 0, 0, 0, 0, 1014, 10, 0, 0, 0, 0, 0, 0
318, 334, 52, 49, 241, 14, 5, 11, 688, 44, 85, 187, 5, 4, 3, 8, 705, 61, 227, 13, 6, 2, 2, 8
0, 87, 28, 27, 39, 79, 429, 335, 544, 99, 16, 28, 23, 26, 51, 237, 22, 11, 8, 20, 24, 369, 146, 424
1, 34, 10, 14, 17, 137, 490, 321, 515, 75, 34, 33, 46, 35, 38, 248, 0, 0, 0, 0, 39, 408, 185, 392
0, 58, 186, 121, 184, 276, 161, 38, 358, 167, 190, 217, 39, 20, 25, 8, 473, 252, 52, 41, 155, 48, 3, 0
178, 80, 182, 30, 40, 96, 155, 263, 223, 192, 35, 25, 26, 53, 95, 375, 301, 33, 63, 143, 107, 36, 64, 277
42, 17, 44, 94, 160, 250, 175, 242, 38, 25, 28, 49, 81, 115, 226, 462, 41, 18, 27, 37, 77, 88, 171, 565
124, 651, 182, 38, 23, 6, 0, 0, 950, 36, 28, 10, 0, 0, 0, 0, 974, 32, 18, 0, 0, 0, 0, 0
30, 248, 163, 90, 41, 32, 32, 388, 485, 68, 30, 16, 14, 40, 162, 209, 564, 55, 118, 126, 124, 35, 2, 0
145, 92, 295, 224, 70, 50, 105, 43, 259, 204, 297, 62, 39, 38, 78, 47, 561, 245, 45, 26, 20, 22, 75, 30
161, 357, 202, 220, 60, 19, 5, 0, 497, 186, 221, 75, 44, 1, 0, 0, 698, 224, 59, 43, 0, 0, 0, 0
0, 937, 61, 26, 0, 0, 0, 0, 1024, 0, 0, 0, 0, 0, 0, 0, 1024, 0, 0, 0, 0, 0, 0, 0
25, 653, 136, 62, 41, 19, 40, 48, 710, 106, 72, 57, 27, 25, 23, 4, 854, 97, 30, 30, 13, 0, 0, 0
381, 123, 74, 58, 55, 156, 165, 12, 478, 114, 86, 60, 238, 32, 16, 0, 654, 263, 74, 21, 12, 0, 0, 0
0, 0, 12, 474, 183, 355, 0, 0, 0, 0, 576, 280, 168, 0, 0, 0, 25, 999, 0, 0, 0, 0, 0, 0
0, 0, 25, 871, 0, 0, 0, 0, 0, 0, 896, 0, 0, 0, 0, 0, 0, 896, 0, 0, 0, 0, 0, 0
826, 198, 0, 0, 0, 0, 0, 0, 890, 134, 0, 0, 0, 0, 0, 0, 843, 181, 0, 0, 0, 0, 0, 0
708, 316, 0, 0, 0, 0, 0, 0, 778, 246, 0, 0, 0, 0, 0, 0, 723, 301, 0, 0, 0, 0, 0, 0
1024, 0, 0, 0, 0, 0, 0, 0, 1024, 0, 0, 0, 0, 0, 0, 0, 1024, 0, 0, 0, 0, 0, 0, 0
929, 95, 0, 0, 0, 0, 0, 0, 1024, 0, 0, 0, 0, 0, 0, 0, 1024, 0, 0, 0, 0, 0, 0, 0
0, 1018, 6, 0, 0, 0, 0, 0, 959, 65, 0, 0, 0, 0, 0, 0, 1020, 4, 0, 0, 0, 0, 0, 0
309, 360, 63, 43, 249, 0, 0, 0, 652, 82, 86, 204, 0, 0, 0, 0, 709, 55, 260, 0, 0, 0, 0, 0
2, 202, 69, 44, 36, 88, 415, 168, 552, 136, 41, 28, 26, 27, 52, 162, 92, 34, 11, 12, 30, 351, 70, 424
1, 68, 37, 16, 16, 166, 383, 337, 415, 101, 41, 38, 36, 39, 63, 291, 0, 0, 0, 0, 33, 307, 170, 514
8, 67, 99, 170, 277, 282, 102, 19, 493, 40, 235, 202, 22, 17, 7, 8, 624, 102, 26, 25, 193, 32, 7, 15
167, 55, 60, 122, 178, 71, 57, 314, 437, 85, 50, 35, 23, 57, 199, 138, 488, 81, 99, 185, 118, 34, 18, 1
173, 30, 139, 357, 194, 91, 37, 3, 726, 83, 79, 62, 27, 9, 38, 0, 785, 89, 67, 23, 13, 9, 35, 3
20, 45, 684, 204, 50, 16, 5, 0, 911, 58, 40, 13, 2, 0, 0, 0, 948, 59, 15, 2, 0, 0, 0, 0
16, 33, 170, 55, 35, 81, 32, 602, 195, 88, 78, 36, 26, 35, 217, 349, 242, 97, 135, 291, 206, 53, 0, 0
8, 43, 297, 135, 163, 326, 45, 7, 88, 233, 359, 187, 108, 31, 13, 5, 376, 415, 161, 22, 23, 14, 10, 3
179, 384, 120, 121, 106, 108, 5, 1, 555, 69, 155, 111, 129, 5, 0, 0, 683, 242, 77, 22, 0, 0, 0, 0
0, 944, 79, 1, 0, 0, 0, 0, 1024, 0, 0, 0, 0, 0, 0, 0, 1024, 0, 0, 0, 0, 0, 0, 0
0, 322, 179, 8, 8, 11, 133, 363, 502, 9, 99, 156, 134, 111, 13, 0, 862, 109, 49, 4, 0, 0, 0, 0
157, 62, 24, 18, 62, 342, 359, 0, 231, 285, 161, 32, 241, 74, 0, 0, 679, 201, 144, 0, 0, 0, 0, 0
0, 0, 0, 507, 275, 242, 0, 0, 0, 0, 768, 200, 56, 0, 0, 0, 90, 934, 0, 0, 0, 0, 0, 0
0, 0, 4, 892, 0, 0, 0, 0, 0, 0, 896, 0, 0, 0, 0, 0, 0, 896, 0, 0, 0, 0, 0, 0
898, 126, 0, 0, 0, 0, 0, 0, 982, 42, 0, 0, 0, 0, 0, 0, 957, 67, 0, 0, 0, 0, 0, 0
931, 93, 0, 0, 0, 0, 0, 0, 971, 53, 0, 0, 0, 0, 0, 0, 959, 65, 0, 0, 0, 0, 0, 0
994, 30, 0, 0, 0, 0, 0, 0, 1009, 15, 0, 0, 0, 0, 0, 0, 1013, 11, 0, 0, 0, 0, 0, 0
718, 306, 0, 0, 0, 0, 0, 0, 1024, 0, 0, 0, 0, 0, 0, 0, 1024, 0, 0, 0, 0, 0, 0, 0
3, 1018, 3, 0, 0, 0, 0, 0, 974, 50, 0, 0, 0, 0, 0, 0, 1024, 0, 0, 0, 0, 0, 0, 0
302, 443, 55, 18, 197, 3, 1, 5, 722, 77, 21, 195, 4, 0, 2, 3, 786, 23, 186, 22, 2, 0, 2, 3
0, 98, 93, 63, 109, 43, 384, 234, 541, 107, 81, 60, 25, 22, 25, 163, 99, 55, 72, 28, 25, 274, 161, 310
0, 82, 52, 12, 18, 120, 377, 363, 377, 109, 61, 39, 32, 39, 65, 302, 0, 0, 0, 0, 10, 254, 201, 559
0, 22, 195, 223, 226, 122, 189, 47, 511, 71, 272, 108, 18, 7, 5, 32, 642, 37, 17, 16, 179, 68, 18, 47
19, 14, 322, 133, 49, 36, 36, 415, 450, 46, 46, 23, 18, 37, 137, 267, 511, 76, 79, 125, 148, 81, 4, 0
263, 43, 652, 37, 21, 7, 1, 0, 970, 29, 20, 4, 1, 0, 0, 0, 966, 44, 9, 2, 2, 1, 0, 0
50, 445, 449, 39, 36, 5, 0, 0, 943, 35, 34, 12, 0, 0, 0, 0, 968, 44, 12, 0, 0, 0, 0, 0
31, 168, 168, 84, 61, 44, 34, 434, 326, 112, 64, 37, 36, 29, 154, 266, 442, 54, 126, 236, 136, 26, 3, 1
43, 186, 302, 201, 119, 146, 27, 0, 127, 391, 303, 134, 47, 22, 0, 0, 604, 281, 77, 38, 12, 12, 0, 0
192, 425, 194, 131, 68, 14, 0, 0, 597, 172, 129, 94, 30, 2, 0, 0, 789, 139, 80, 16, 0, 0, 0, 0
324, 667, 33, 0, 0, 0, 0, 0, 996, 28, 0, 0, 0, 0, 0, 0, 1024, 0, 0, 0, 0, 0, 0, 0
167, 217, 48, 13, 7, 102, 220, 250, 436, 86, 226, 123, 98, 53, 2, 0, 953, 58, 13, 0, 0, 0, 0, 0
182, 63, 36, 29, 193, 371, 144, 6, 275, 320, 95, 133, 186, 15, 0, 0, 731, 278, 14, 1, 0, 0, 0, 0
0, 0, 0, 764, 237, 23, 0, 0, 0, 46, 950, 28, 0, 0, 0, 0, 293, 731, 0, 0, 0, 0, 0, 0
0, 0, 62, 834, 0, 0, 0, 0, 0, 0, 896, 0, 0, 0, 0, 0, 4, 892, 0, 0, 0, 0, 0, 0
937, 87, 0, 0, 0, 0, 0, 0, 1023, 1, 0, 0, 0, 0, 0, 0, 1024, 0, 0, 0, 0, 0, 0, 0
1021, 3, 0, 0, 0, 0, 0, 0, 1024, 0, 0, 0, 0, 0, 0, 0, 1024, 0, 0, 0, 0, 0, 0, 0
893, 131, 0, 0, 0, 0, 0, 0, 997, 27, 0, 0, 0, 0, 0, 0, 981, 43, 0, 0, 0, 0, 0, 0
688, 336, 0, 0, 0, 0, 0, 0, 1024, 0, 0, 0, 0, 0, 0, 0, 1024, 0, 0, 0, 0, 0, 0, 0
0, 1024, 0, 0, 0, 0, 0, 0, 957, 67, 0, 0, 0, 0, 0, 0, 1024, 0, 0, 0, 0, 0, 0, 0
294, 537, 61, 21, 111, 0, 0, 0, 813, 81, 72, 58, 0, 0, 0, 0, 878, 45, 101, 0, 0, 0, 0, 0
1, 70, 45, 47, 237, 69, 512, 43, 704, 96, 139, 30, 2, 11, 6, 36, 115, 131, 134, 25, 111, 266, 184, 58
0, 34, 16, 7, 16, 33, 826, 92, 832, 29, 17, 11, 10, 27, 10, 88, 0, 0, 0, 0, 2, 229, 619, 174
0, 61, 138, 291, 132, 50, 342, 10, 608, 65, 332, 8, 0, 2, 2, 7, 536, 68, 10, 19, 72, 221, 87, 11
256, 153, 184, 177, 49, 29, 36, 140, 303, 144, 121, 69, 55, 119, 202, 11, 506, 91, 93, 35, 29, 20, 52, 198
162, 102, 79, 156, 143, 130, 127, 125, 161, 76, 89, 96, 160, 181, 174, 87, 123, 28, 45, 52, 87, 139, 216, 334
94, 270, 570, 56, 32, 2, 0, 0, 921, 67, 32, 4, 0, 0, 0, 0, 963, 52, 9, 0, 0, 0, 0, 0
297, 241, 148, 70, 65, 69, 61, 73, 625, 76, 75, 72, 59, 52, 34, 31, 756, 124, 59, 37, 19, 14, 15, 0
154, 203, 483, 108, 31, 33, 11, 1, 326, 543, 85, 38, 21, 11, 0, 0, 928, 66, 22, 6, 2, 0, 0, 0
286, 188, 477, 68, 5, 0, 0, 0, 421, 519, 74, 10, 0, 0, 0, 0, 974, 48, 2, 0, 0, 0, 0, 0
1022, 2, 0, 0, 0, 0, 0, 0, 1024, 0, 0, 0, 0, 0, 0, 0, 1024, 0, 0, 0, 0, 0, 0, 0
397, 283, 87, 54, 37, 105, 48, 13, 818, 134, 48, 14, 4, 6, 0, 0, 1009, 13, 2, 0, 0, 0, 0, 0
188, 137, 188, 181, 229, 81, 20, 0, 480, 324, 169, 39, 7, 5, 0, 0, 985, 32, 7, 0, 0, 0, 0, 0
0, 0, 540, 483, 1, 0, 0, 0, 0, 674, 350, 0, 0, 0, 0, 0, 661, 363, 0, 0, 0, 0, 0, 0
0, 2, 482, 412, 0, 0, 0, 0, 0, 213, 683, 0, 0, 0, 0, 0, 21, 875, 0, 0, 0, 0, 0, 0
783, 241, 0, 0, 0, 0, 0, 0, 1023, 1, 0, 0, 0, 0, 0, 0, 1024, 0, 0, 0, 0, 0, 0, 0
1009, 15, 0, 0, 0, 0, 0, 0, 1020, 4, 0, 0, 0, 0, 0, 0, 1016, 8, 0, 0, 0, 0, 0, 0
754, 270, 0, 0, 0, 0, 0, 0, 981, 43, 0, 0, 0, 0, 0, 0, 920, 104, 0, 0, 0, 0, 0, 0
739, 285, 0, 0, 0, 0, 0, 0, 1024, 0, 0, 0, 0, 0, 0, 0, 1024, 0, 0, 0, 0, 0, 0, 0
0, 1015, 9, 0, 0, 0, 0, 0, 965, 59, 0, 0, 0, 0, 0, 0, 1024, 0, 0, 0, 0, 0, 0, 0
288, 646, 46, 17, 27, 0, 0, 0, 918, 77, 29, 0, 0, 0, 0, 0, 979, 44, 1, 0, 0, 0, 0, 0
0, 62, 39, 41, 343, 175, 353, 11, 689, 253, 62, 8, 1, 1, 1, 9, 140, 331, 42, 69, 146, 145, 144, 7
0, 0, 0, 0, 0, 50, 896, 78, 1024, 0, 0, 0, 0, 0, 0, 0, 0, 0, 31, 19, 10, 354, 605, 5
22, 51, 203, 242, 24, 54, 428, 0, 713, 154, 157, 0, 0, 0, 0, 0, 490, 45, 17, 25, 49, 157, 241, 0
174, 108, 119, 146, 187, 145, 111, 34, 276, 203, 159, 71, 82, 148, 80, 5, 505, 68, 64, 92, 51, 57, 98, 89
68, 20, 64, 121, 244, 362, 130, 15, 101, 90, 67, 83, 150, 192, 219, 122, 136, 73, 96, 116, 116, 81, 156, 250
253, 656, 62, 45, 8, 0, 0, 0, 946, 56, 21, 1, 0, 0, 0, 0, 988, 36, 0, 0, 0, 0, 0, 0
220, 182, 57, 136, 194, 135, 79, 21, 519, 148, 75, 121, 108, 44, 9, 0, 739, 190, 85, 10, 0, 0, 0, 0
62, 229, 324, 125, 125, 112, 37, 10, 346, 361, 110, 92, 60, 32, 11, 12, 755, 135, 61, 35, 10, 8, 14, 6
278, 582, 130, 33, 1, 0, 0, 0, 871, 130, 23, 0, 0, 0, 0, 0, 999, 25, 0, 0, 0, 0, 0, 0
610, 324, 63, 19, 5, 0, 1, 2, 927, 81, 11, 2, 0, 1, 1, 1, 960, 59, 2, 0, 2, 0, 1, 0
227, 577, 70, 116, 25, 9, 0, 0, 990, 25, 9, 0, 0, 0, 0, 0, 1024, 0, 0, 0, 0, 0, 0, 0
263, 228, 298, 195, 22, 18, 0, 0, 560, 297, 163, 4, 0, 0, 0, 0, 963, 61, 0, 0, 0, 0, 0, 0
0, 0, 970, 54, 0, 0, 0, 0, 0, 937, 87, 0, 0, 0, 0, 0, 521, 503, 0, 0, 0, 0, 0, 0
0, 373, 462, 61, 0, 0, 0, 0, 0, 750, 146, 0, 0, 0, 0, 0, 407, 489, 0, 0, 0, 0, 0, 0
587, 437, 0, 0, 0, 0, 0, 0, 1024, 0, 0, 0, 0, 0, 0, 0, 1022, 2, 0, 0, 0, 0, 0, 0
773, 251, 0, 0, 0, 0, 0, 0, 872, 152, 0, 0, 0, 0, 0, 0, 818, 206, 0, 0, 0, 0, 0, 0
907, 117, 0, 0, 0, 0, 0, 0, 990, 34, 0, 0, 0, 0, 0, 0, 950, 74, 0, 0, 0, 0, 0, 0
858, 166, 0, 0, 0, 0, 0, 0, 1024, 0, 0, 0, 0, 0, 0, 0, 1024, 0, 0, 0, 0, 0, 0, 0
0, 1024, 0, 0, 0, 0, 0, 0, 1019, 5, 0, 0, 0, 0, 0, 0, 1024, 0, 0, 0, 0, 0, 0, 0
273, 739, 12, 0, 0, 0, 0, 0, 889, 135, 0, 0, 0, 0, 0, 0, 1024, 0, 0, 0, 0, 0, 0, 0
0, 79, 62, 65, 366, 130, 322, 0, 615, 378, 31, 0, 0, 0, 0, 0, 162, 408, 14, 31, 182, 155, 72, 0
6, 51, 24, 26, 26, 70, 610, 211, 648, 44, 30, 39, 28, 30, 42, 163, 0, 0, 0, 0, 0, 146, 522, 356
0, 97, 255, 109, 26, 18, 519, 0, 737, 202, 76, 5, 4, 0, 0, 0, 356, 118, 20, 8, 82, 120, 320, 0
166, 52, 167, 201, 202, 102, 85, 49, 149, 202, 223, 42, 66, 112, 121, 109, 557, 59, 46, 25, 42, 37, 63, 195
67, 26, 64, 108, 196, 244, 218, 101, 91, 75, 55, 49, 114, 194, 191, 255, 106, 101, 93, 72, 89, 105, 135, 323
747, 276, 1, 0, 0, 0, 0, 0, 1011, 13, 0, 0, 0, 0, 0, 0, 1013, 10, 1, 0, 0, 0, 0, 0
657, 157, 91, 112, 2, 3, 2, 0, 921, 94, 1, 3, 5, 0, 0, 0, 1011, 5, 3, 5, 0, 0, 0, 0
957, 48, 19, 0, 0, 0, 0, 0, 1011, 13, 0, 0, 0, 0, 0, 0, 1024, 0, 0, 0, 0, 0, 0, 0
961, 63, 0, 0, 0, 0, 0, 0, 1024, 0, 0, 0, 0, 0, 0, 0, 1024, 0, 0, 0, 0, 0, 0, 0
954, 66, 4, 0, 0, 0, 0, 0, 1007, 17, 0, 0, 0, 0, 0, 0, 1002, 22, 0, 0, 0, 0, 0, 0
793, 194, 37, 0, 0, 0, 0, 0, 1024, 0, 0, 0, 0, 0, 0, 0, 1024, 0, 0, 0, 0, 0, 0, 0
692, 151, 99, 82, 0, 0, 0, 0, 822, 117, 85, 0, 0, 0, 0, 0, 965, 59, 0, 0, 0, 0, 0, 0
582, 55, 261, 126, 0, 0, 0, 0, 598, 244, 182, 0, 0, 0, 0, 0, 706, 318, 0, 0, 0, 0, 0, 0
607, 148, 137, 3, 1, 0, 0, 0, 690, 181, 24, 1, 0, 0, 0, 0, 772, 123, 1, 0, 0, 0, 0, 0
346, 678, 0, 0, 0, 0, 0, 0, 1023, 1, 0, 0, 0, 0, 0, 0, 994, 30, 0, 0, 0, 0, 0, 0
937, 81, 6, 0, 0, 0, 0, 0, 1008, 12, 4, 0, 0, 0, 0, 0, 979, 41, 4, 0, 0, 0, 0, 0
919, 105, 0, 0, 0, 0, 0, 0, 1015, 9, 0, 0, 0, 0, 0, 0, 995, 29, 0, 0, 0, 0, 0, 0
971, 53, 0, 0, 0, 0, 0, 0, 1024, 0, 0, 0, 0, 0, 0, 0, 1024, 0, 0, 0, 0, 0, 0, 0
0, 1024, 0, 0, 0, 0, 0, 0, 1024, 0, 0, 0, 0, 0, 0, 0, 1024, 0, 0, 0, 0, 0, 0, 0
260, 754, 10, 0, 0, 0, 0, 0, 825, 199, 0, 0, 0, 0, 0, 0, 1024, 0, 0, 0, 0, 0, 0, 0
0, 162, 68, 49, 320, 72, 346, 7, 606, 155, 243, 5, 3, 4, 4, 4, 232, 322, 84, 17, 49, 140, 176, 4
0, 35, 33, 26, 35, 76, 541, 278, 532, 41, 37, 32, 50, 43, 61, 228, 0, 0, 0, 0, 0, 77, 483, 464
0, 110, 243, 64, 25, 173, 408, 1, 786, 187, 37, 8, 2, 3, 1, 0, 385, 39, 24, 30, 188, 144, 213, 1
173, 242, 325, 273, 11, 0, 0, 0, 389, 510, 92, 11, 11, 9, 2, 0, 933, 8, 9, 5, 13, 20, 21, 15
153, 860, 4, 7, 0, 0, 0, 0, 982, 4, 6, 12, 13, 7, 0, 0, 971, 6, 5, 3, 2, 4, 13, 20
748, 276, 0, 0, 0, 0, 0, 0, 1024, 0, 0, 0, 0, 0, 0, 0, 1024, 0, 0, 0, 0, 0, 0, 0
710, 221, 26, 34, 30, 3, 0, 0, 946, 40, 29, 9, 0, 0, 0, 0, 1018, 6, 0, 0, 0, 0, 0, 0
404, 110, 95, 238, 156, 21, 0, 0, 456, 176, 300, 92, 0, 0, 0, 0, 953, 62, 9, 0, 0, 0, 0, 0
634, 185, 108, 52, 37, 8, 0, 0, 741, 177, 77, 25, 4, 0, 0, 0, 978, 46, 0, 0, 0, 0, 0, 0
599, 386, 39, 0, 0, 0, 0, 0, 831, 193, 0, 0, 0, 0, 0, 0, 1020, 4, 0, 0, 0, 0, 0, 0
725, 229, 68, 2, 0, 0, 0, 0, 890, 131, 3, 0, 0, 0, 0, 0, 946, 78, 0, 0, 0, 0, 0, 0
447, 241, 274, 62, 0, 0, 0, 0, 484, 285, 254, 1, 0, 0, 0, 0, 776, 248, 0, 0, 0, 0, 0, 0
150, 145, 470, 259, 0, 0, 0, 0, 213, 425, 386, 0, 0, 0, 0, 0, 398, 626, 0, 0, 0, 0, 0, 0
109, 443, 328, 9, 7, 0, 0, 0, 248, 616, 26, 6, 0, 0, 0, 0, 628, 261, 6, 1, 0, 0, 0, 0
401, 623, 0, 0, 0, 0, 0, 0, 1024, 0, 0, 0, 0, 0, 0, 0, 1007, 17, 0, 0, 0, 0, 0, 0
769, 41, 18, 19, 8, 11, 31, 127, 822, 19, 7, 9, 12, 24, 95, 36, 808, 33, 9, 15, 15, 95, 45, 4
808, 215, 1, 0, 0, 0, 0, 0, 1015, 8, 1, 0, 0, 0, 0, 0, 995, 29, 0, 0, 0, 0, 0, 0
967, 57, 0, 0, 0, 0, 0, 0, 1023, 1, 0, 0, 0, 0, 0, 0, 1024, 0, 0, 0, 0, 0, 0, 0
78, 946, 0, 0, 0, 0, 0, 0, 1024, 0, 0, 0, 0, 0, 0, 0, 1024, 0, 0, 0, 0, 0, 0, 0
263, 752, 9, 0, 0, 0, 0, 0, 772, 252, 0, 0, 0, 0, 0, 0, 1023, 1, 0, 0, 0, 0, 0, 0
0, 261, 67, 54, 307, 75, 260, 0, 614, 177, 233, 0, 0, 0, 0, 0, 339, 320, 82, 12, 23, 129, 119, 0
0, 41, 32, 24, 30, 61, 666, 170, 667, 37, 27, 34, 37, 27, 39, 156, 0, 0, 0, 0, 0, 112, 555, 357
0, 171, 173, 48, 8, 224, 400, 0, 877, 147, 0, 0, 0, 0, 0, 0, 363, 28, 12, 47, 190, 128, 256, 0
0, 435, 413, 176, 0, 0, 0, 0, 481, 543, 0, 0, 0, 0, 0, 0, 1024, 0, 0, 0, 0, 0, 0, 0
0, 1024, 0, 0, 0, 0, 0, 0, 1024, 0, 0, 0, 0, 0, 0, 0, 1024, 0, 0, 0, 0, 0, 0, 0
817, 205, 2, 0, 0, 0, 0, 0, 1022, 2, 0, 0, 0, 0, 0, 0, 1024, 0, 0, 0, 0, 0, 0, 0
806, 135, 66, 15, 2, 0, 0, 0, 984, 37, 1, 2, 0, 0, 0, 0, 1017, 7, 0, 0, 0, 0, 0, 0
647, 159, 87, 38, 87, 6, 0, 0, 695, 207, 62, 60, 0, 0, 0, 0, 856, 161, 6, 1, 0, 0, 0, 0
722, 280, 10, 8, 4, 0, 0, 0, 717, 276, 8, 6, 6, 7, 4, 0, 846, 140, 8, 6, 7, 5, 7, 5
916, 108, 0, 0, 0, 0, 0, 0, 928, 96, 0, 0, 0, 0, 0, 0, 1013, 11, 0, 0, 0, 0, 0, 0
915, 98, 11, 0, 0, 0, 0, 0, 934, 90, 0, 0, 0, 0, 0, 0, 975, 49, 0, 0, 0, 0, 0, 0
1001, 23, 0, 0, 0, 0, 0, 0, 1018, 6, 0, 0, 0, 0, 0, 0, 1024, 0, 0, 0, 0, 0, 0, 0
539, 162, 176, 147, 0, 0, 0, 0, 599, 247, 177, 1, 0, 0, 0, 0, 715, 291, 18, 0, 0, 0, 0, 0
147, 195, 336, 142, 76, 0, 0, 0, 215, 439, 200, 42, 0, 0, 0, 0, 373, 491, 32, 0, 0, 0, 0, 0
468, 556, 0, 0, 0, 0, 0, 0, 1024, 0, 0, 0, 0, 0, 0, 0, 1024, 0, 0, 0, 0, 0, 0, 0
1005, 19, 0, 0, 0, 0, 0, 0, 1024, 0, 0, 0, 0, 0, 0, 0, 1024, 0, 0, 0, 0, 0, 0, 0
771, 253, 0, 0, 0, 0, 0, 0, 1023, 1, 0, 0, 0, 0, 0, 0, 1016, 8, 0, 0, 0, 0, 0, 0
1024, 0, 0, 0, 0, 0, 0, 0, 1024, 0, 0, 0, 0, 0, 0, 0, 1024, 0, 0, 0, 0, 0, 0, 0
208, 816, 0, 0, 0, 0, 0, 0, 948, 76, 0, 0, 0, 0, 0, 0, 1024, 0, 0, 0, 0, 0, 0, 0
206, 811, 7, 0, 0, 0, 0, 0, 514, 510, 0, 0, 0, 0, 0, 0, 965, 59, 0, 0, 0, 0, 0, 0
37, 307, 74, 71, 274, 128, 123, 10, 527, 436, 38, 6, 4, 3, 4, 6, 458, 350, 31, 39, 45, 78, 18, 5
0, 0, 0, 0, 8, 177, 782, 57, 1024, 0, 0, 0, 0, 0, 0, 0, 0, 0, 68, 127, 154, 349, 326, 0
0, 22, 124, 132, 55, 343, 348, 0, 861, 107, 32, 24, 0, 0, 0, 0, 326, 28, 93, 150, 146, 119, 162, 0
12, 150, 166, 320, 143, 233, 0, 0, 189, 452, 106, 269, 8, 0, 0, 0, 1017, 7, 0, 0, 0, 0, 0, 0
68, 461, 123, 250, 101, 21, 0, 0, 520, 283, 154, 67, 0, 0, 0, 0, 969, 55, 0, 0, 0, 0, 0, 0
542, 126, 51, 231, 65, 9, 0, 0, 670, 197, 115, 42, 0, 0, 0, 0, 1001, 23, 0, 0, 0, 0, 0, 0
503, 145, 110, 119, 73, 60, 14, 0, 672, 190, 102, 45, 15, 0, 0, 0, 989, 34, 1, 0, 0, 0, 0, 0
784, 182, 5, 45, 8, 0, 0, 0, 892, 86, 46, 0, 0, 0, 0, 0, 999, 25, 0, 0, 0, 0, 0, 0
1024, 0, 0, 0, 0, 0, 0, 0, 1024, 0, 0, 0, 0, 0, 0, 0, 1024, 0, 0, 0, 0, 0, 0, 0
1024, 0, 0, 0, 0, 0, 0, 0, 1024, 0, 0, 0, 0, 0, 0, 0, 1024, 0, 0, 0, 0, 0, 0, 0
1024, 0, 0, 0, 0, 0, 0, 0, 1024, 0, 0, 0, 0, 0, 0, 0, 1024, 0, 0, 0, 0, 0, 0, 0
1024, 0, 0, 0, 0, 0, 0, 0, 1024, 0, 0, 0, 0, 0, 0, 0, 1024, 0, 0, 0, 0, 0, 0, 0
872, 35, 66, 51, 0, 0, 0, 0, 894, 64, 66, 0, 0, 0, 0, 0, 921, 92, 11, 0, 0, 0, 0, 0
254, 91, 182, 366, 3, 0, 0, 0, 312, 197, 387, 0, 0, 0, 0, 0, 375, 521, 0, 0, 0, 0, 0, 0
698, 326, 0, 0, 0, 0, 0, 0, 1024, 0, 0, 0, 0, 0, 0, 0, 1024, 0, 0, 0, 0, 0, 0, 0
820, 204, 0, 0, 0, 0, 0, 0, 1024, 0, 0, 0, 0, 0, 0, 0, 1024, 0, 0, 0, 0, 0, 0, 0
955, 69, 0, 0, 0, 0, 0, 0, 1024, 0, 0, 0, 0, 0, 0, 0, 1024, 0, 0, 0, 0, 0, 0, 0
987, 37, 0, 0, 0, 0, 0, 0, 1024, 0, 0, 0, 0, 0, 0, 0, 1024, 0, 0, 0, 0, 0, 0, 0
347, 677, 0, 0, 0, 0, 0, 0, 513, 511, 0, 0, 0, 0, 0, 0, 854, 170, 0, 0, 0, 0, 0, 0
80, 944, 0, 0, 0, 0, 0, 0, 112, 912, 0, 0, 0, 0, 0, 0, 534, 490, 0, 0, 0, 0, 0, 0
141, 317, 75, 228, 252, 2, 6, 3, 597, 417, 0, 3, 2, 2, 1, 2, 896, 118, 1, 3, 2, 1, 1, 2
0, 9, 47, 155, 364, 449, 0, 0, 440, 188, 295, 101, 0, 0, 0, 0, 407, 528, 89, 0, 0, 0, 0, 0
0, 0, 113, 143, 557, 211, 0, 0, 406, 62, 555, 1, 0, 0, 0, 0, 725, 259, 40, 0, 0, 0, 0, 0
20, 15, 10, 204, 753, 22, 0, 0, 30, 100, 785, 109, 0, 0, 0, 0, 973, 49, 2, 0, 0, 0, 0, 0
80, 47, 84, 257, 488, 68, 0, 0, 122, 163, 416, 319, 4, 0, 0, 0, 624, 376, 24, 0, 0, 0, 0, 0
10, 60, 76, 278, 486, 114, 0, 0, 102, 189, 329, 389, 15, 0, 0, 0, 615, 388, 21, 0, 0, 0, 0, 0
11, 27, 50, 193, 388, 324, 31, 0, 82, 248, 292, 341, 61, 0, 0, 0, 702, 303, 19, 0, 0, 0, 0, 0
364, 237, 87, 181, 154, 1, 0, 0, 580, 160, 258, 26, 0, 0, 0, 0, 992, 32, 0, 0, 0, 0, 0, 0
955, 66, 3, 0, 0, 0, 0, 0, 958, 39, 14, 8, 4, 1, 0, 0, 960, 29, 13, 9, 7, 4, 2, 0
959, 65, 0, 0, 0, 0, 0, 0, 998, 26, 0, 0, 0, 0, 0, 0, 1019, 5, 0, 0, 0, 0, 0, 0
1024, 0, 0, 0, 0, 0, 0, 0, 1024, 0, 0, 0, 0, 0, 0, 0, 1024, 0, 0, 0, 0, 0, 0, 0
1024, 0, 0, 0, 0, 0, 0, 0, 1024, 0, 0, 0, 0, 0, 0, 0, 1024, 0, 0, 0, 0, 0, 0, 0
1021, 2, 1, 0, 0, 0, 0, 0, 1021, 2, 1, 0, 0, 0, 0, 0, 1022, 2, 0, 0, 0, 0, 0, 0
602, 78, 86, 130, 0, 0, 0, 0, 666, 94, 136, 0, 0, 0, 0, 0, 731, 165, 0, 0, 0, 0, 0, 0
1024, 0, 0, 0, 0, 0, 0, 0, 1024, 0, 0, 0, 0, 0, 0, 0, 1024, 0, 0, 0, 0, 0, 0, 0
1024, 0, 0, 0, 0, 0, 0, 0, 1024, 0, 0, 0, 0, 0, 0, 0, 1024, 0, 0, 0, 0, 0, 0, 0
1024, 0, 0, 0, 0, 0, 0, 0, 1024, 0, 0, 0, 0, 0, 0, 0, 1024, 0, 0, 0, 0, 0, 0, 0
1024, 0, 0, 0, 0, 0, 0, 0, 1024, 0, 0, 0, 0, 0, 0, 0, 1024, 0, 0, 0, 0, 0, 0, 0
981, 43, 0, 0, 0, 0, 0, 0, 995, 29, 0, 0, 0, 0, 0, 0, 915, 109, 0, 0, 0, 0, 0, 0
626, 398, 0, 0, 0, 0, 0, 0, 651, 373, 0, 0, 0, 0, 0, 0, 367, 657, 0, 0, 0, 0, 0, 0
404, 537, 7, 40, 36, 0, 0, 0, 471, 550, 3, 0, 0, 0, 0, 0, 392, 631, 1, 0, 0, 0, 0, 0
380, 421, 14, 9, 39, 158, 3, 0, 590, 298, 105, 31, 0, 0, 0, 0, 486, 529, 9, 0, 0, 0, 0, 0
240, 439, 39, 50, 169, 87, 0, 0, 604, 196, 221, 1, 1, 1, 0, 0, 879, 119, 19, 7, 0, 0, 0, 0
266, 408, 25, 36, 264, 23, 2, 0, 535, 185, 231, 61, 8, 4, 0, 0, 909, 99, 14, 2, 0, 0, 0, 0
501, 130, 16, 53, 262, 59, 3, 0, 593, 70, 93, 255, 9, 4, 0, 0, 639, 310, 55, 9, 6, 2, 3, 0
464, 142, 12, 50, 291, 65, 0, 0, 581, 55, 107, 271, 10, 0, 0, 0, 675, 319, 30, 0, 0, 0, 0, 0
421, 120, 104, 86, 242, 41, 9, 1, 601, 80, 125, 202, 14, 2, 0, 0, 670, 307, 25, 14, 8, 0, 0, 0
802, 61, 116, 41, 4, 0, 0, 0, 961, 31, 23, 8, 1, 0, 0, 0, 872, 85, 34, 24, 5, 4, 0, 0
1016, 5, 3, 0, 0, 0, 0, 0, 985, 30, 5, 3, 1, 0, 0, 0, 976, 24, 13, 6, 3, 2, 0, 0
999, 25, 0, 0, 0, 0, 0, 0, 1018, 6, 0, 0, 0, 0, 0, 0, 1024, 0, 0, 0, 0, 0, 0, 0
1024, 0, 0, 0, 0, 0, 0, 0, 1024, 0, 0, 0, 0, 0, 0, 0, 1024, 0, 0, 0, 0, 0, 0, 0
1024, 0, 0, 0, 0, 0, 0, 0, 1024, 0, 0, 0, 0, 0, 0, 0, 1024, 0, 0, 0, 0, 0, 0, 0
1024, 0, 0, 0, 0, 0, 0, 0, 1024, 0, 0, 0, 0, 0, 0, 0, 1024, 0, 0, 0, 0, 0, 0, 0
896, 0, 0, 0, 0, 0, 0, 0, 896, 0, 0, 0, 0, 0, 0, 0, 896, 0, 0, 0, 0, 0, 0, 0
1024, 0, 0, 0, 0, 0, 0, 0, 1024, 0, 0, 0, 0, 0, 0, 0, 1024, 0, 0, 0, 0, 0, 0, 0
1024, 0, 0, 0, 0, 0, 0, 0, 1024, 0, 0, 0, 0, 0, 0, 0, 1024, 0, 0, 0, 0, 0, 0, 0
1024, 0, 0, 0, 0, 0, 0, 0, 1024, 0, 0, 0, 0, 0, 0, 0, 1024, 0, 0, 0, 0, 0, 0, 0
1024, 0, 0, 0, 0, 0, 0, 0, 1024, 0, 0, 0, 0, 0, 0, 0, 1024, 0, 0, 0, 0, 0, 0, 0
1024, 0, 0, 0, 0, 0, 0, 0, 1006, 18, 0, 0, 0, 0, 0, 0, 705, 319, 0, 0, 0, 0, 0, 0
826, 198, 0, 0, 0, 0, 0, 0, 326, 698, 0, 0, 0, 0, 0, 0, 76, 948, 0, 0, 0, 0, 0, 0
633, 391, 0, 0, 0, 0, 0, 0, 53, 971, 0, 0, 0, 0, 0, 0, 3, 1021, 0, 0, 0, 0, 0, 0
644, 380, 0, 0, 0, 0, 0, 0, 485, 539, 0, 0, 0, 0, 0, 0, 329, 695, 0, 0, 0, 0, 0, 0
162, 572, 121, 168, 1, 0, 0, 0, 634, 385, 3, 1, 1, 0, 0, 0, 982, 40, 1, 0, 1, 0, 0, 0
267, 655, 27, 21, 25, 18, 11, 0, 698, 235, 22, 20, 19, 28, 2, 0, 883, 95, 31, 14, 1, 0, 0, 0
551, 470, 3, 0, 0, 0, 0, 0, 996, 28, 0, 0, 0, 0, 0, 0, 1022, 2, 0, 0, 0, 0, 0, 0
805, 219, 0, 0, 0, 0, 0, 0, 1024, 0, 0, 0, 0, 0, 0, 0, 1024, 0, 0, 0, 0, 0, 0, 0
895, 58, 43, 26, 2, 0, 0, 0, 1016, 7, 0, 1, 0, 0, 0, 0, 1023, 1, 0, 0, 0, 0, 0, 0
1010, 14, 0, 0, 0, 0, 0, 0, 1016, 8, 0, 0, 0, 0, 0, 0, 1024, 0, 0, 0, 0, 0, 0, 0
1024, 0, 0, 0, 0, 0, 0, 0, 1024, 0, 0, 0, 0, 0, 0, 0, 1024, 0, 0, 0, 0, 0, 0, 0
974, 50, 0, 0, 0, 0, 0, 0, 995, 29, 0, 0, 0, 0, 0, 0, 1024, 0, 0, 0, 0, 0, 0, 0
960, 64, 0, 0, 0, 0, 0, 0, 968, 56, 0, 0, 0, 0, 0, 0, 1024, 0, 0, 0, 0, 0, 0, 0
970, 54, 0, 0, 0, 0, 0, 0, 992, 32, 0, 0, 0, 0, 0, 0, 1024, 0, 0, 0, 0, 0, 0, 0
992, 32, 0, 0, 0, 0, 0, 0, 992, 32, 0, 0, 0, 0, 0, 0, 1024, 0, 0, 0, 0, 0, 0, 0
886, 10, 0, 0, 0, 0, 0, 0, 891, 5, 0, 0, 0, 0, 0, 0, 896, 0, 0, 0, 0, 0, 0, 0
1024, 0, 0, 0, 0, 0, 0, 0, 1024, 0, 0, 0, 0, 0, 0, 0, 1024, 0, 0, 0, 0, 0, 0, 0
1024, 0, 0, 0, 0, 0, 0, 0, 1024, 0, 0, 0, 0, 0, 0, 0, 1024, 0, 0, 0, 0, 0, 0, 0
1024, 0, 0, 0, 0, 0, 0, 0, 1024, 0, 0, 0, 0, 0, 0, 0, 1024, 0, 0, 0, 0, 0, 0, 0
1024, 0, 0, 0, 0, 0, 0, 0, 1024, 0, 0, 0, 0, 0, 0, 0, 1024, 0, 0, 0, 0, 0, 0, 0
1024, 0, 0, 0, 0, 0, 0, 0, 1024, 0, 0, 0, 0, 0, 0, 0, 1024, 0, 0, 0, 0, 0, 0, 0
1024, 0, 0, 0, 0, 0, 0, 0, 985, 39, 0, 0, 0, 0, 0, 0, 770, 254, 0, 0, 0, 0, 0, 0
1016, 8, 0, 0, 0, 0, 0, 0, 993, 31, 0, 0, 0, 0, 0, 0, 842, 182, 0, 0, 0, 0, 0, 0
1024, 0, 0, 0, 0, 0, 0, 0, 1018, 6, 0, 0, 0, 0, 0, 0, 897, 127, 0, 0, 0, 0, 0, 0
645, 217, 122, 40, 0, 0, 0, 0, 931, 83, 10, 0, 0, 0, 0, 0, 951, 58, 14, 1, 0, 0, 0, 0
758, 176, 20, 24, 16, 15, 15, 0, 833, 112, 17, 19, 15, 23, 5, 0, 898, 86, 26, 13, 1, 0, 0, 0
915, 109, 0, 0, 0, 0, 0, 0, 1024, 0, 0, 0, 0, 0, 0, 0, 1024, 0, 0, 0, 0, 0, 0, 0
765, 259, 0, 0, 0, 0, 0, 0, 1024, 0, 0, 0, 0, 0, 0, 0, 1024, 0, 0, 0, 0, 0, 0, 0
918, 106, 0, 0, 0, 0, 0, 0, 1023, 1, 0, 0, 0, 0, 0, 0, 1023, 1, 0, 0, 0, 0, 0, 0
1024, 0, 0, 0, 0, 0, 0, 0, 1024, 0, 0, 0, 0, 0, 0, 0, 1024, 0, 0, 0, 0, 0, 0, 0
1024, 0, 0, 0, 0, 0, 0, 0, 1024, 0, 0, 0, 0, 0, 0, 0, 1024, 0, 0, 0, 0, 0, 0, 0
1012, 12, 0, 0, 0, 0, 0, 0, 1024, 0, 0, 0, 0, 0, 0, 0, 1024, 0, 0, 0, 0, 0, 0, 0
968, 56, 0, 0, 0, 0, 0, 0, 1004, 20, 0, 0, 0, 0, 0, 0, 1024, 0, 0, 0, 0, 0, 0, 0
952, 72, 0, 0, 0, 0, 0, 0, 984, 40, 0, 0, 0, 0, 0, 0, 1024, 0, 0, 0, 0, 0, 0, 0
928, 96, 0, 0, 0, 0, 0, 0, 960, 64, 0, 0, 0, 0, 0, 0, 1024, 0, 0, 0, 0, 0, 0, 0
785, 111, 0, 0, 0, 0, 0, 0, 812, 84, 0, 0, 0, 0, 0, 0, 896, 0, 0, 0, 0, 0, 0, 0
124, 4, 0, 0, 0, 0, 0, 0, 128, 0, 0, 0, 0, 0, 0, 0, 128, 0, 0, 0, 0, 0, 0, 0
128, 0, 0, 0, 0, 0, 0, 0, 128, 0, 0, 0, 0, 0, 0, 0, 128, 0, 0, 0, 0, 0, 0, 0
128, 0, 0, 0, 0, 0, 0, 0, 128, 0, 0, 0, 0, 0, 0, 0, 128, 0, 0, 0, 0, 0, 0, 0
128, 0, 0, 0, 0, 0, 0, 0, 128, 0, 0, 0, 0, 0, 0, 0, 128, 0, 0, 0, 0, 0, 0, 0
128, 0, 0, 0, 0, 0, 0, 0, 128, 0, 0, 0, 0, 0, 0, 0, 128, 0, 0, 0, 0, 0, 0, 0
128, 0, 0, 0, 0, 0, 0, 0, 128, 0, 0, 0, 0, 0, 0, 0, 128, 0, 0, 0, 0, 0, 0, 0
128, 0, 0, 0, 0, 0, 0, 0, 128, 0, 0, 0, 0, 0, 0, 0, 128, 0, 0, 0, 0, 0, 0, 0
128, 0, 0, 0, 0, 0, 0, 0, 128, 0, 0, 0, 0, 0, 0, 0, 128, 0, 0, 0, 0, 0, 0, 0
128, 0, 0, 0, 0, 0, 0, 0, 128, 0, 0, 0, 0, 0, 0, 0, 128, 0, 0, 0, 0, 0, 0, 0
128, 0, 0, 0, 0, 0, 0, 0, 128, 0, 0, 0, 0, 0, 0, 0, 128, 0, 0, 0, 0, 0, 0, 0
112, 16, 0, 0, 0, 0, 0, 0, 128, 0, 0, 0, 0, 0, 0, 0, 128, 0, 0, 0, 0, 0, 0, 0
101, 27, 0, 0, 0, 0, 0, 0, 128, 0, 0, 0, 0, 0, 0, 0, 128, 0, 0, 0, 0, 0, 0, 0
128, 0, 0, 0, 0, 0, 0, 0, 128, 0, 0, 0, 0, 0, 0, 0, 128, 0, 0, 0, 0, 0, 0, 0
128, 0, 0, 0, 0, 0, 0, 0, 128, 0, 0, 0, 0, 0, 0, 0, 128, 0, 0, 0, 0, 0, 0, 0
128, 0, 0, 0, 0, 0, 0, 0, 128, 0, 0, 0, 0, 0, 0, 0, 128, 0, 0, 0, 0, 0, 0, 0
128, 0, 0, 0, 0, 0, 0, 0, 128, 0, 0, 0, 0, 0, 0, 0, 128, 0, 0, 0, 0, 0, 0, 0
128, 0, 0, 0, 0, 0, 0, 0, 128, 0, 0, 0, 0, 0, 0, 0, 128, 0, 0, 0, 0, 0, 0, 0
128, 0, 0, 0, 0, 0, 0, 0, 128, 0, 0, 0, 0, 0, 0, 0, 128, 0, 0, 0, 0, 0, 0, 0
128, 0, 0, 0, 0, 0, 0, 0, 128, 0, 0, 0, 0, 0, 0, 0, 128, 0, 0, 0, 0, 0, 0, 0
112, 0, 0, 0, 0, 0, 0, 0, 112, 0, 0, 0, 0, 0, 0, 0, 112, 0, 0, 0, 0, 0, 0, 0
