0, 0, 0, 0, 0, 128, 35, 861, 0, 0, 0, 0, 21, 118, 599, 286, 0, 0, 0, 65, 74, 231, 654, 0
0, 0, 0, 0, 0, 72, 62, 890, 0, 0, 0, 0, 0, 97, 71, 856, 0, 0, 0, 22, 62, 63, 646, 231
0, 0, 0, 0, 0, 6, 100, 918, 0, 0, 0, 0, 0, 41, 110, 873, 0, 0, 0, 0, 15, 94, 660, 255
0, 0, 0, 0, 2, 12, 21, 989, 0, 0, 0, 0, 2, 13, 31, 978, 0, 0, 0, 0, 4, 20, 743, 257
0, 0, 0, 0, 4, 8, 3, 1009, 0, 0, 0, 0, 7, 5, 4, 1008, 0, 0, 0, 1, 10, 3, 733, 277
0, 0, 0, 0, 6, 33, 88, 897, 0, 0, 0, 0, 8, 48, 98, 870, 0, 0, 0, 4, 40, 67, 818, 95
0, 0, 11, 14, 76, 57, 60, 806, 0, 1, 19, 45, 63, 54, 132, 710, 1, 9, 36, 56, 59, 71, 775, 17
59, 45, 32, 48, 94, 33, 86, 627, 77, 31, 44, 95, 45, 44, 439, 249, 64, 58, 62, 88, 21, 142, 589, 0
1, 101, 195, 37, 35, 21, 145, 489, 6, 208, 101, 41, 16, 66, 462, 124, 20, 195, 121, 27, 22, 217, 373, 49
0, 36, 202, 143, 157, 306, 126, 54, 1, 175, 242, 363, 62, 99, 41, 41, 87, 538, 168, 35, 49, 91, 19, 37
0, 0, 0, 75, 729, 198, 19, 3, 0, 35, 573, 379, 30, 6, 1, 0, 358, 627, 31, 6, 2, 0, 0, 0
0, 0, 0, 0, 372, 652, 0, 0, 0, 0, 67, 957, 0, 0, 0, 0, 46, 975, 3, 0, 0, 0, 0, 0
0, 0, 0, 0, 325, 699, 0, 0, 0, 0, 91, 933, 0, 0, 0, 0, 49, 971, 4, 0, 0, 0, 0, 0
0, 0, 0, 87, 566, 304, 67, 0, 0, 11, 415, 412, 94, 64, 28, 0, 114, 675, 45, 48, 62, 80, 0, 0
28, 170, 157, 106, 15, 71, 408, 69, 38, 215, 166, 50, 26, 170, 353, 6, 54, 237, 138, 42, 36, 292, 225, 0
0, 29, 415, 9, 10, 11, 14, 536, 0, 432, 17, 12, 9, 9, 133, 412, 31, 388, 31, 11, 10, 13, 524, 16
0, 52, 174, 16, 14, 12, 20, 736, 0, 217, 20, 14, 12, 13, 695, 53, 56, 157, 27, 16, 12, 46, 707, 3
0, 269, 534, 12, 7, 6, 14, 182, 2, 769, 38, 8, 7, 8, 36, 156, 51, 724, 38, 7, 8, 11, 176, 9
0, 0, 0, 0, 2, 1, 1, 764, 0, 0, 0, 1, 1, 2, 1, 763, 0, 0, 0, 0, 2, 1, 187, 578
0, 0, 0, 0, 0, 787, 101, 136, 0, 0, 0, 0, 46, 805, 173, 0, 0, 0, 0, 239, 601, 177, 7, 0
0, 0, 0, 0, 0, 441, 583, 0, 0, 0, 0, 0, 0, 943, 81, 0, 0, 0, 0, 1, 838, 185, 0, 0
0, 0, 0, 0, 0, 0, 1005, 19, 0, 0, 0, 0, 0, 78, 946, 0, 0, 0, 0, 0, 8, 1016, 0, 0
0, 0, 0, 0, 17, 25, 326, 656, 0, 0, 0, 0, 20, 24, 729, 251, 0, 0, 0, 17, 24, 497, 486, 0
0, 0, 0, 0, 0, 3, 203, 818, 0, 0, 0, 0, 0, 7, 307, 710, 0, 0, 0, 0, 4, 256, 764, 0
0, 0, 0, 0, 17, 8, 185, 814, 0, 0, 0, 0, 20, 6, 400, 598, 0, 0, 0, 17, 9, 327, 671, 0
0, 0, 0, 0, 0, 0, 48, 976, 0, 0, 0, 0, 0, 0, 80, 944, 0, 0, 0, 0, 0, 59, 965, 0
43, 75, 32, 40, 23, 16, 28, 767, 90, 44, 26, 43, 14, 14, 364, 429, 75, 59, 29, 38, 19, 23, 713, 68
0, 47, 173, 118, 73, 92, 118, 403, 0, 71, 209, 86, 95, 91, 291, 181, 7, 118, 195, 86, 100, 109, 387, 22
0, 30, 179, 110, 324, 300, 76, 5, 3, 148, 414, 359, 32, 18, 50, 0, 243, 524, 154, 28, 11, 52, 12, 0
0, 0, 0, 38, 632, 349, 3, 2, 0, 26, 485, 500, 11, 1, 1, 0, 445, 561, 15, 2, 1, 0, 0, 0
0, 0, 0, 0, 511, 513, 0, 0, 0, 0, 372, 652, 0, 0, 0, 0, 207, 816, 1, 0, 0, 0, 0, 0
0, 0, 0, 0, 666, 358, 0, 0, 0, 0, 377, 647, 0, 0, 0, 0, 171, 853, 0, 0, 0, 0, 0, 0
0, 0, 0, 112, 442, 185, 280, 5, 0, 35, 352, 162, 117, 256, 102, 0, 98, 361, 56, 93, 84, 303, 29, 0
38, 190, 148, 90, 23, 34, 96, 405, 70, 263, 105, 44, 16, 71, 393, 62, 99, 239, 99, 47, 25, 134, 357, 24
0, 26, 382, 19, 12, 12, 19, 554, 0, 390, 32, 11, 12, 18, 241, 320, 50, 346, 32, 11, 14, 24, 512, 35
0, 122, 387, 29, 18, 19, 32, 417, 7, 480, 44, 16, 17, 27, 356, 77, 97, 407, 31, 21, 24, 103, 322, 19
0, 303, 150, 15, 14, 18, 18, 506, 12, 417, 33, 12, 17, 16, 206, 311, 63, 319, 71, 18, 13, 18, 430, 92
0, 440, 61, 13, 8, 10, 13, 223, 6, 476, 24, 10, 8, 12, 19, 213, 88, 407, 19, 8, 8, 13, 158, 67
0, 0, 0, 0, 1, 178, 720, 125, 0, 0, 0, 0, 19, 743, 262, 0, 0, 0, 0, 54, 711, 259, 0, 0
0, 0, 0, 0, 54, 134, 832, 4, 0, 0, 0, 2, 90, 634, 298, 0, 0, 0, 16, 108, 642, 258, 0, 0
0, 0, 0, 0, 30, 137, 543, 314, 0, 0, 0, 2, 89, 131, 802, 0, 0, 0, 7, 101, 269, 647, 0, 0
0, 0, 0, 0, 22, 165, 462, 375, 0, 0, 0, 1, 58, 235, 703, 27, 0, 0, 5, 112, 267, 625, 15, 0
0, 0, 0, 0, 8, 144, 424, 448, 0, 0, 0, 7, 85, 199, 656, 77, 0, 13, 34, 147, 222, 535, 73, 0
0, 0, 0, 13, 96, 119, 616, 180, 0, 2, 26, 41, 132, 272, 534, 17, 18, 23, 95, 232, 336, 301, 19, 0
0, 4, 5, 45, 159, 209, 568, 34, 1, 40, 50, 111, 165, 306, 351, 0, 61, 68, 174, 138, 323, 260, 0, 0
0, 1, 0, 17, 75, 137, 594, 200, 0, 1, 5, 50, 56, 224, 638, 50, 1, 19, 84, 175, 431, 314, 0, 0
0, 101, 198, 144, 185, 155, 163, 78, 0, 178, 181, 155, 193, 153, 137, 27, 3, 212, 212, 225, 182, 144, 43, 3
0, 11, 140, 116, 354, 391, 12, 0, 0, 108, 584, 314, 18, 0, 0, 0, 318, 578, 111, 17, 0, 0, 0, 0
0, 2, 19, 94, 644, 259, 6, 0, 2, 75, 661, 280, 6, 0, 0, 0, 586, 418, 20, 0, 0, 0, 0, 0
0, 0, 0, 15, 629, 380, 0, 0, 0, 16, 586, 422, 0, 0, 0, 0, 408, 616, 0, 0, 0, 0, 0, 0
0, 1, 19, 83, 598, 323, 0, 0, 3, 64, 547, 410, 0, 0, 0, 0, 222, 797, 5, 0, 0, 0, 0, 0
0, 31, 51, 68, 171, 209, 358, 136, 0, 66, 120, 135, 123, 256, 323, 1, 20, 190, 88, 96, 117, 367, 146, 0
12, 188, 277, 31, 13, 14, 15, 474, 49, 383, 66, 17, 16, 13, 179, 301, 88, 367, 51, 12, 15, 29, 455, 7
0, 13, 337, 11, 14, 8, 18, 623, 1, 338, 19, 12, 11, 10, 375, 258, 74, 278, 12, 14, 8, 44, 591, 3
0, 167, 496, 10, 5, 11, 10, 325, 2, 637, 29, 8, 8, 8, 298, 34, 69, 595, 8, 8, 12, 10, 322, 0
0, 318, 176, 10, 6, 9, 8, 497, 4, 474, 24, 5, 8, 8, 197, 304, 43, 415, 39, 8, 7, 7, 464, 41
0, 309, 130, 7, 7, 5, 7, 303, 1, 416, 23, 6, 7, 6, 7, 302, 36, 395, 14, 7, 6, 6, 84, 220
0, 0, 0, 5, 7, 74, 644, 294, 0, 0, 0, 11, 6, 493, 443, 71, 0, 0, 12, 6, 473, 449, 35, 49
0, 0, 0, 0, 26, 30, 553, 415, 0, 0, 0, 9, 32, 78, 723, 182, 0, 0, 6, 35, 76, 714, 101, 92
0, 0, 0, 7, 28, 35, 135, 819, 0, 0, 0, 15, 41, 27, 643, 298, 0, 2, 19, 35, 38, 566, 364, 0
0, 0, 0, 5, 44, 100, 142, 733, 0, 0, 1, 24, 67, 109, 349, 474, 1, 5, 33, 81, 117, 246, 527, 14
0, 0, 0, 1, 37, 103, 160, 723, 0, 0, 1, 13, 97, 123, 287, 503, 0, 9, 48, 115, 129, 203, 491, 29
0, 0, 1, 24, 72, 92, 344, 491, 0, 0, 6, 47, 67, 193, 565, 146, 0, 5, 56, 155, 260, 404, 144, 0
2, 67, 79, 76, 121, 168, 284, 227, 11, 99, 93, 137, 133, 148, 389, 14, 37, 150, 146, 132, 142, 367, 50, 0
0, 2, 33, 48, 86, 111, 512, 232, 1, 6, 55, 68, 106, 146, 599, 43, 8, 56, 119, 103, 227, 442, 68, 1
0, 220, 418, 155, 107, 70, 33, 21, 1, 374, 350, 135, 86, 28, 47, 3, 16, 460, 328, 99, 81, 30, 10, 0
0, 0, 40, 90, 421, 462, 11, 0, 0, 89, 528, 388, 19, 0, 0, 0, 326, 651, 47, 0, 0, 0, 0, 0
0, 0, 0, 13, 650, 357, 3, 1, 0, 1, 590, 429, 1, 3, 0, 0, 369, 639, 13, 3, 0, 0, 0, 0
0, 0, 0, 0, 624, 400, 0, 0, 0, 0, 471, 553, 0, 0, 0, 0, 223, 801, 0, 0, 0, 0, 0, 0
0, 0, 0, 86, 556, 340, 42, 0, 0, 38, 453, 402, 80, 42, 9, 0, 161, 659, 63, 64, 37, 39, 1, 0
12, 94, 98, 123, 42, 83, 326, 246, 33, 107, 144, 63, 48, 251, 369, 9, 54, 114, 152, 44, 59, 377, 222, 2
8, 67, 366, 35, 18, 19, 23, 488, 20, 405, 44, 15, 24, 21, 195, 300, 98, 353, 25, 18, 21, 42, 448, 19
0, 11, 431, 28, 16, 22, 24, 492, 1, 404, 59, 19, 19, 21, 293, 208, 118, 339, 17, 19, 22, 58, 448, 3
0, 185, 288, 22, 17, 11, 16, 485, 5, 438, 48, 12, 14, 12, 264, 231, 87, 368, 37, 16, 12, 23, 472, 9
0, 395, 155, 18, 15, 13, 15, 413, 8, 531, 21, 15, 14, 12, 104, 319, 35, 463, 61, 14, 16, 18, 301, 116
0, 165, 113, 11, 13, 9, 17, 440, 0, 200, 79, 14, 10, 10, 23, 432, 17, 232, 35, 15, 8, 15, 102, 344
0, 0, 0, 0, 4, 18, 326, 676, 0, 0, 0, 0, 8, 131, 852, 33, 0, 0, 2, 10, 116, 741, 155, 0
0, 0, 0, 0, 1, 165, 238, 620, 0, 0, 0, 0, 13, 224, 402, 385, 0, 0, 0, 26, 263, 343, 368, 24
0, 0, 0, 0, 1, 73, 291, 659, 0, 0, 0, 0, 10, 131, 540, 343, 0, 0, 0, 9, 151, 472, 392, 0
0, 0, 0, 0, 1, 72, 116, 835, 0, 0, 0, 0, 1, 93, 433, 497, 0, 0, 0, 1, 90, 283, 650, 0
0, 0, 0, 0, 4, 22, 142, 856, 0, 0, 0, 0, 5, 23, 439, 557, 0, 0, 0, 7, 22, 193, 686, 116
0, 0, 0, 0, 0, 0, 132, 892, 0, 0, 0, 0, 0, 2, 616, 406, 0, 0, 0, 0, 1, 305, 717, 1
24, 91, 14, 19, 29, 26, 43, 778, 31, 87, 15, 22, 28, 28, 468, 345, 79, 48, 28, 27, 27, 283, 532, 0
2, 26, 23, 10, 7, 32, 202, 722, 9, 27, 21, 5, 10, 125, 547, 280, 21, 25, 15, 9, 131, 384, 437, 2
0, 13, 81, 110, 60, 96, 149, 515, 1, 34, 120, 72, 67, 124, 363, 243, 7, 49, 118, 80, 119, 274, 298, 79
0, 0, 0, 44, 290, 131, 70, 489, 0, 28, 276, 146, 28, 9, 250, 287, 90, 298, 61, 17, 17, 15, 191, 335
0, 0, 0, 56, 465, 74, 13, 416, 0, 51, 386, 153, 11, 11, 11, 401, 172, 356, 62, 7, 10, 10, 29, 378
0, 0, 0, 65, 486, 109, 9, 355, 0, 62, 477, 114, 8, 8, 15, 340, 173, 416, 59, 7, 8, 10, 14, 337
0, 0, 4, 81, 354, 121, 170, 294, 0, 48, 300, 91, 85, 167, 49, 284, 109, 252, 60, 58, 61, 179, 18, 287
1, 192, 70, 20, 19, 24, 85, 613, 33, 202, 39, 20, 17, 58, 312, 343, 68, 185, 26, 18, 25, 133, 352, 217
0, 23, 332, 18, 15, 12, 14, 610, 3, 344, 23, 14, 14, 10, 335, 281, 53, 293, 29, 14, 11, 33, 438, 153
0, 44, 473, 26, 14, 15, 20, 432, 2, 495, 40, 15, 14, 19, 301, 138, 38, 448, 54, 16, 13, 51, 300, 104
0, 296, 201, 40, 8, 10, 19, 450, 5, 478, 31, 27, 9, 11, 256, 207, 26, 444, 30, 39, 8, 11, 340, 126
0, 117, 59, 18, 5, 7, 10, 808, 0, 166, 14, 16, 5, 8, 16, 799, 35, 135, 12, 17, 7, 8, 499, 311
0, 0, 401, 227, 9, 10, 5, 116, 0, 1, 615, 18, 8, 8, 13, 105, 0, 113, 490, 28, 8, 8, 17, 104
0, 0, 0, 0, 0, 0, 240, 784, 0, 0, 0, 0, 0, 88, 935, 1, 0, 0, 0, 0, 98, 850, 76, 0
0, 0, 0, 3, 36, 106, 341, 538, 0, 0, 0, 6, 42, 237, 437, 302, 0, 0, 9, 54, 308, 343, 190, 120
0, 0, 0, 1, 21, 115, 439, 448, 0, 0, 0, 4, 20, 177, 441, 382, 0, 0, 5, 23, 205, 423, 126, 242
0, 0, 0, 0, 9, 140, 238, 637, 0, 0, 0, 0, 29, 183, 281, 531, 0, 0, 0, 46, 191, 318, 248, 221
0, 0, 0, 0, 11, 90, 214, 709, 0, 0, 0, 0, 27, 92, 255, 650, 0, 0, 1, 35, 97, 246, 230, 415
0, 0, 0, 0, 21, 55, 435, 513, 0, 0, 0, 0, 27, 79, 576, 342, 0, 0, 8, 29, 95, 558, 333, 1
20, 212, 65, 115, 111, 51, 183, 267, 49, 191, 78, 143, 86, 48, 325, 104, 159, 147, 134, 101, 52, 278, 153, 0
7, 66, 32, 27, 39, 46, 191, 616, 12, 69, 28, 34, 47, 65, 377, 392, 36, 58, 36, 46, 133, 222, 448, 45
0, 16, 146, 138, 106, 82, 161, 375, 0, 46, 182, 126, 78, 123, 207, 262, 0, 122, 156, 111, 127, 132, 309, 67
0, 0, 0, 0, 0, 0, 155, 869, 0, 0, 0, 0, 0, 0, 412, 612, 0, 0, 0, 0, 0, 0, 437, 587
0, 0, 0, 0, 0, 0, 0, 1024, 0, 0, 0, 0, 0, 0, 0, 1024, 0, 0, 0, 0, 0, 0, 0, 1024
0, 0, 0, 0, 0, 0, 0, 1024, 0, 0, 0, 0, 0, 0, 4, 1020, 0, 0, 0, 0, 0, 0, 6, 1018
0, 0, 0, 0, 0, 0, 0, 1024, 0, 0, 0, 0, 0, 0, 0, 1024, 0, 0, 0, 0, 0, 0, 0, 1024
0, 0, 0, 0, 0, 0, 0, 1024, 0, 0, 0, 0, 0, 0, 0, 1024, 0, 0, 0, 0, 0, 0, 0, 1024
0, 0, 0, 0, 0, 0, 0, 1024, 0, 0, 0, 0, 0, 0, 0, 1024, 0, 0, 0, 0, 0, 0, 0, 1024
0, 0, 0, 0, 0, 0, 0, 1024, 0, 0, 0, 0, 0, 0, 0, 1024, 0, 0, 0, 0, 0, 0, 0, 1024
0, 0, 1, 147, 18, 13, 35, 810, 0, 0, 36, 118, 18, 14, 75, 763, 0, 0, 0, 127, 31, 15, 19, 832
0, 0, 1, 61, 16, 13, 14, 919, 0, 0, 9, 59, 13, 14, 24, 905, 0, 0, 3, 58, 18, 14, 171, 760
0, 0, 102, 646, 9, 3, 3, 5, 0, 0, 406, 345, 9, 2, 3, 3, 0, 1, 182, 564, 9, 4, 3, 5
0, 0, 0, 0, 0, 0, 264, 760, 0, 0, 0, 0, 0, 3, 999, 22, 0, 0, 0, 0, 0, 928, 96, 0
0, 0, 0, 0, 0, 0, 20, 1004, 0, 0, 0, 0, 0, 0, 651, 373, 0, 0, 0, 0, 0, 357, 667, 0
0, 0, 0, 0, 0, 0, 0, 1024, 0, 0, 0, 0, 0, 0, 4, 1020, 0, 0, 0, 0, 0, 0, 1024, 0
0, 0, 0, 0, 0, 0, 0, 1024, 0, 0, 0, 0, 0, 0, 0, 1024, 0, 0, 0, 0, 0, 0, 1024, 0
0, 0, 0, 0, 0, 0, 0, 1024, 0, 0, 0, 0, 0, 0, 30, 994, 0, 0, 0, 0, 0, 1, 1023, 0
0, 73, 319, 180, 113, 37, 39, 263, 1, 277, 181, 193, 50, 37, 81, 204, 7, 351, 190, 141, 47, 60, 227, 1
4, 144, 195, 27, 36, 86, 185, 347, 16, 255, 84, 28, 62, 111, 349, 119, 27, 285, 58, 49, 98, 270, 237, 0
0, 0, 36, 35, 2, 18, 20, 913, 0, 2, 52, 18, 8, 12, 883, 49, 0, 9, 59, 5, 18, 282, 637, 14
0, 17, 173, 201, 132, 106, 174, 221, 0, 45, 295, 189, 83, 96, 216, 100, 1, 194, 249, 150, 61, 205, 89, 75
0, 0, 0, 0, 0, 0, 272, 752, 0, 0, 0, 0, 0, 0, 532, 492, 0, 0, 0, 0, 0, 2, 594, 428
0, 0, 0, 0, 0, 0, 117, 907, 0, 0, 0, 0, 0, 14, 216, 794, 0, 0, 0, 0, 0, 12, 311, 701
0, 0, 1, 27, 40, 30, 182, 744, 0, 0, 5, 28, 50, 20, 378, 543, 0, 0, 5, 28, 50, 21, 264, 656
0, 0, 0, 0, 0, 0, 10, 1014, 0, 0, 0, 0, 0, 0, 60, 964, 0, 0, 0, 0, 0, 0, 54, 970
0, 0, 0, 0, 0, 0, 162, 862, 0, 0, 0, 0, 0, 0, 199, 825, 0, 0, 0, 0, 0, 46, 169, 809
0, 0, 0, 0, 0, 0, 122, 902, 0, 0, 0, 0, 0, 0, 155, 869, 0, 0, 0, 0, 0, 49, 108, 867
0, 0, 0, 0, 0, 0, 22, 1002, 0, 0, 0, 0, 0, 0, 34, 990, 0, 0, 0, 0, 0, 0, 26, 998
0, 0, 14, 63, 10, 11, 275, 651, 0, 0, 64, 18, 10, 14, 742, 176, 0, 0, 8, 71, 8, 12, 121, 804
0, 0, 324, 319, 18, 19, 26, 318, 0, 1, 538, 110, 13, 21, 39, 302, 0, 1, 290, 358, 19, 17, 209, 130
0, 0, 246, 205, 6, 5, 11, 295, 0, 0, 382, 70, 6, 8, 11, 291, 0, 0, 242, 205, 7, 7, 26, 281
0, 0, 0, 0, 0, 0, 264, 760, 0, 0, 0, 0, 0, 25, 915, 84, 0, 0, 0, 0, 10, 819, 195, 0
0, 0, 0, 0, 0, 0, 0, 1024, 0, 0, 0, 0, 0, 0, 346, 678, 0, 0, 0, 0, 0, 184, 840, 0
0, 0, 0, 0, 0, 0, 0, 1024, 0, 0, 0, 0, 0, 0, 3, 1021, 0, 0, 0, 0, 0, 0, 1024, 0
0, 0, 0, 0, 0, 0, 0, 1024, 0, 0, 0, 0, 0, 0, 0, 1024, 0, 0, 0, 0, 0, 0, 1024, 0
0, 0, 0, 0, 0, 0, 0, 1024, 0, 0, 0, 0, 0, 0, 0, 1024, 0, 0, 0, 0, 0, 0, 1024, 0
0, 6, 6, 2, 4, 10, 28, 968, 2, 8, 3, 3, 9, 14, 54, 931, 4, 7, 2, 3, 11, 19, 971, 7
0, 10, 1, 1, 11, 3, 22, 976, 4, 7, 1, 6, 6, 10, 95, 895, 6, 5, 1, 8, 4, 20, 973, 7
0, 7, 8, 12, 3, 6, 0, 988, 1, 8, 13, 8, 3, 3, 139, 849, 2, 10, 9, 9, 6, 2, 984, 2
0, 22, 76, 74, 59, 52, 144, 597, 1, 32, 132, 70, 28, 49, 233, 479, 1, 88, 119, 41, 36, 110, 524, 105
0, 0, 0, 0, 0, 0, 411, 613, 0, 0, 0, 0, 0, 14, 640, 370, 0, 0, 0, 0, 0, 19, 841, 164
0, 0, 0, 0, 0, 70, 204, 750, 0, 0, 0, 0, 0, 136, 228, 660, 0, 0, 0, 0, 0, 112, 292, 620
0, 0, 4, 29, 188, 34, 288, 481, 0, 0, 10, 36, 193, 27, 403, 355, 0, 0, 10, 35, 193, 28, 357, 401
0, 0, 0, 0, 0, 0, 444, 580, 0, 0, 0, 0, 0, 0, 711, 313, 0, 0, 0, 0, 0, 0, 606, 418
0, 0, 0, 0, 0, 0, 56, 968, 0, 0, 0, 0, 0, 0, 89, 935, 0, 0, 0, 0, 0, 0, 87, 937
0, 0, 0, 0, 0, 0, 86, 938, 0, 0, 0, 0, 0, 0, 136, 888, 0, 0, 0, 0, 0, 0, 122, 902
0, 0, 0, 0, 0, 0, 42, 982, 0, 0, 0, 0, 0, 0, 178, 846, 0, 0, 0, 0, 0, 0, 35, 989
0, 0, 71, 154, 8, 10, 284, 497, 0, 0, 216, 11, 10, 9, 762, 16, 0, 0, 60, 165, 10, 8, 204, 577
0, 0, 468, 207, 8, 8, 11, 322, 0, 0, 622, 53, 9, 8, 14, 318, 0, 1, 562, 116, 10, 8, 184, 143
0, 0, 5, 14, 4, 4, 5, 736, 0, 0, 16, 6, 3, 4, 6, 733, 0, 0, 0, 18, 4, 4, 6, 736
0, 0, 0, 0, 0, 0, 916, 108, 0, 0, 0, 0, 0, 361, 663, 0, 0, 0, 0, 0, 309, 715, 0, 0
0, 0, 0, 0, 0, 0, 15, 1009, 0, 0, 0, 0, 0, 0, 1019, 5, 0, 0, 0, 0, 0, 891, 133, 0
0, 0, 0, 0, 0, 0, 0, 1024, 0, 0, 0, 0, 0, 0, 283, 741, 0, 0, 0, 0, 0, 0, 1024, 0
0, 0, 0, 0, 0, 0, 0, 1024, 0, 0, 0, 0, 0, 0, 0, 1024, 0, 0, 0, 0, 0, 0, 1024, 0
0, 0, 0, 0, 0, 0, 0, 1024, 0, 0, 0, 0, 0, 0, 0, 1024, 0, 0, 0, 0, 0, 0, 1024, 0
0, 0, 0, 0, 0, 0, 0, 1024, 0, 0, 0, 0, 0, 0, 0, 1024, 0, 0, 0, 0, 0, 0, 960, 64
0, 0, 0, 0, 0, 0, 0, 1024, 0, 0, 0, 0, 0, 0, 0, 1024, 0, 0, 0, 0, 0, 0, 504, 520
0, 0, 0, 0, 0, 0, 0, 1024, 0, 0, 0, 0, 0, 0, 0, 1024, 0, 0, 0, 0, 0, 0, 627, 397
0, 0, 17, 15, 25, 25, 259, 683, 0, 0, 26, 14, 30, 59, 321, 574, 0, 2, 28, 28, 42, 121, 600, 203
0, 0, 0, 0, 0, 2, 445, 577, 0, 0, 0, 0, 0, 40, 748, 236, 0, 0, 0, 0, 0, 47, 915, 62
0, 0, 0, 0, 0, 118, 187, 719, 0, 0, 0, 0, 1, 156, 398, 469, 0, 0, 0, 0, 2, 140, 611, 271
0, 0, 3, 132, 217, 63, 177, 432, 0, 0, 14, 152, 231, 24, 269, 334, 0, 0, 6, 141, 244, 30, 189, 414
0, 0, 0, 0, 0, 0, 953, 71, 0, 0, 0, 0, 0, 18, 1002, 4, 0, 0, 0, 0, 0, 15, 977, 32
0, 0, 0, 0, 0, 0, 162, 862, 0, 0, 0, 0, 0, 0, 385, 639, 0, 0, 0, 0, 0, 33, 255, 736
0, 0, 0, 0, 0, 0, 191, 833, 0, 0, 0, 0, 0, 0, 304, 720, 0, 0, 0, 0, 0, 9, 293, 722
0, 0, 0, 0, 0, 0, 0, 1024, 0, 0, 0, 0, 0, 0, 8, 1016, 0, 0, 0, 0, 0, 0, 0, 1024
0, 0, 24, 138, 21, 22, 86, 733, 0, 0, 134, 38, 17, 26, 528, 281, 0, 0, 39, 125, 22, 22, 355, 461
0, 0, 137, 241, 18, 18, 25, 585, 0, 0, 348, 35, 19, 19, 169, 434, 0, 1, 256, 128, 18, 23, 455, 143
0, 0, 108, 60, 8, 6, 12, 574, 0, 0, 158, 14, 8, 7, 13, 568, 0, 0, 68, 98, 9, 6, 12, 575
0, 0, 0, 0, 0, 0, 534, 490, 0, 0, 0, 0, 0, 51, 973, 0, 0, 0, 0, 0, 51, 973, 0, 0
0, 0, 0, 0, 0, 0, 0, 1024, 0, 0, 0, 0, 0, 0, 621, 403, 0, 0, 0, 0, 0, 302, 722, 0
0, 0, 0, 0, 0, 0, 0, 1024, 0, 0, 0, 0, 0, 0, 0, 1024, 0, 0, 0, 0, 0, 0, 1024, 0
0, 0, 0, 0, 0, 19, 19, 986, 0, 0, 0, 0, 3, 26, 20, 975, 0, 0, 0, 23, 15, 21, 964, 1
0, 0, 0, 0, 0, 12, 20, 992, 0, 0, 0, 0, 0, 32, 10, 982, 0, 0, 0, 28, 4, 26, 908, 58
0, 0, 0, 0, 0, 0, 4, 1020, 0, 0, 0, 0, 0, 0, 19, 1005, 0, 0, 0, 0, 12, 12, 599, 401
0, 0, 0, 0, 0, 0, 0, 1024, 0, 0, 0, 0, 0, 0, 0, 1024, 0, 0, 0, 0, 0, 0, 128, 896
46, 211, 160, 79, 95, 83, 99, 251, 63, 230, 156, 84, 84, 97, 93, 217, 75, 238, 145, 103, 74, 101, 166, 122
0, 9, 20, 58, 80, 141, 410, 306, 1, 12, 36, 67, 119, 149, 447, 193, 3, 10, 53, 77, 153, 227, 377, 124
0, 0, 0, 0, 0, 3, 403, 618, 0, 0, 0, 0, 0, 56, 738, 230, 0, 0, 0, 0, 0, 86, 918, 20
0, 0, 0, 0, 34, 145, 197, 648, 0, 0, 0, 0, 57, 152, 493, 322, 0, 0, 0, 0, 56, 135, 618, 215
0, 0, 0, 184, 250, 70, 175, 345, 0, 0, 10, 214, 246, 41, 256, 257, 0, 0, 12, 209, 255, 36, 214, 298
0, 0, 0, 0, 0, 0, 985, 39, 0, 0, 0, 0, 0, 0, 1024, 0, 0, 0, 0, 0, 0, 0, 555, 469
0, 0, 0, 0, 0, 0, 208, 816, 0, 0, 0, 0, 0, 0, 571, 453, 0, 0, 0, 0, 0, 0, 105, 919
0, 0, 0, 0, 0, 0, 67, 957, 0, 0, 0, 0, 0, 0, 128, 896, 0, 0, 0, 0, 0, 0, 70, 954
0, 0, 0, 0, 0, 0, 0, 1024, 0, 0, 0, 0, 0, 0, 21, 1003, 0, 0, 0, 0, 0, 0, 3, 1021
0, 0, 11, 24, 19, 19, 106, 845, 0, 0, 20, 21, 20, 25, 769, 169, 0, 0, 18, 23, 18, 25, 709, 231
0, 0, 403, 208, 11, 10, 16, 376, 0, 2, 569, 47, 8, 11, 362, 25, 0, 1, 526, 88, 12, 9, 370, 18
0, 0, 309, 94, 14, 13, 17, 321, 0, 6, 367, 33, 15, 15, 18, 314, 0, 10, 349, 47, 15, 16, 33, 298
0, 0, 0, 0, 0, 0, 275, 749, 0, 0, 0, 0, 0, 0, 1024, 0, 0, 0, 0, 0, 0, 952, 72, 0
0, 0, 0, 0, 0, 0, 0, 1024, 0, 0, 0, 0, 0, 0, 216, 808, 0, 0, 0, 0, 0, 0, 1024, 0
0, 0, 0, 0, 0, 0, 0, 1024, 0, 0, 0, 0, 0, 0, 0, 1024, 0, 0, 0, 0, 0, 0, 1024, 0
0, 4, 13, 6, 7, 80, 233, 681, 8, 9, 9, 14, 171, 273, 250, 290, 18, 126, 238, 108, 46, 246, 242, 0
0, 1, 19, 12, 23, 32, 255, 682, 7, 20, 17, 25, 141, 400, 394, 20, 27, 103, 266, 204, 152, 254, 18, 0
1, 24, 54, 29, 42, 63, 309, 502, 27, 50, 32, 40, 123, 349, 385, 18, 69, 60, 248, 148, 189, 279, 31, 0
0, 30, 52, 65, 43, 62, 307, 465, 22, 48, 64, 50, 106, 292, 372, 70, 55, 84, 227, 131, 129, 301, 93, 4
8, 21, 17, 21, 11, 184, 185, 577, 14, 22, 22, 66, 195, 130, 191, 384, 42, 175, 125, 83, 77, 115, 98, 309
0, 6, 35, 72, 93, 126, 422, 270, 1, 13, 65, 77, 103, 178, 387, 200, 2, 23, 69, 82, 114, 257, 309, 168
0, 0, 0, 0, 0, 2, 257, 765, 0, 0, 0, 0, 0, 53, 860, 111, 0, 0, 0, 0, 0, 109, 872, 43
0, 0, 0, 0, 77, 90, 164, 693, 0, 0, 0, 0, 127, 58, 704, 135, 0, 0, 0, 0, 128, 106, 676, 114
0, 0, 9, 63, 316, 85, 286, 265, 0, 0, 13, 93, 339, 91, 318, 170, 0, 0, 15, 99, 362, 66, 327, 155
0, 0, 0, 0, 0, 25, 937, 62, 0, 0, 0, 0, 0, 436, 588, 0, 0, 0, 0, 0, 159, 379, 471, 15
0, 0, 0, 0, 0, 0, 1001, 23, 0, 0, 0, 0, 0, 304, 720, 0, 0, 0, 0, 0, 136, 262, 626, 0
0, 0, 0, 0, 0, 0, 257, 767, 0, 0, 0, 0, 0, 88, 917, 19, 0, 0, 0, 0, 8, 180, 465, 371
0, 0, 0, 0, 0, 0, 104, 920, 0, 0, 0, 0, 0, 0, 699, 325, 0, 0, 0, 0, 0, 0, 526, 498
0, 0, 77, 98, 25, 24, 228, 572, 0, 0, 150, 38, 19, 33, 771, 13, 0, 2, 157, 31, 22, 36, 748, 28
0, 0, 722, 80, 8, 9, 12, 193, 0, 16, 774, 15, 10, 8, 199, 2, 0, 3, 755, 47, 9, 9, 199, 2
0, 7, 189, 18, 5, 7, 12, 530, 0, 28, 174, 12, 6, 7, 11, 530, 0, 65, 143, 9, 7, 9, 26, 509
0, 0, 0, 0, 0, 0, 162, 862, 0, 0, 0, 0, 0, 0, 1024, 0, 0, 0, 0, 0, 0, 816, 208, 0
0, 0, 0, 0, 0, 0, 0, 1024, 0, 0, 0, 0, 0, 0, 157, 867, 0, 0, 0, 0, 0, 0, 1024, 0
0, 0, 0, 0, 0, 0, 0, 1024, 0, 0, 0, 0, 0, 0, 0, 1024, 0, 0, 0, 0, 0, 0, 1024, 0
0, 0, 4, 2, 20, 106, 253, 639, 0, 4, 3, 44, 151, 267, 259, 296, 19, 62, 259, 68, 86, 289, 235, 6
0, 1, 10, 9, 21, 34, 163, 786, 5, 10, 20, 33, 69, 203, 650, 34, 15, 22, 63, 254, 251, 402, 17, 0
0, 1, 7, 15, 98, 278, 173, 452, 7, 178, 173, 140, 119, 190, 212, 5, 292, 146, 162, 178, 141, 104, 1, 0
34, 391, 187, 89, 71, 95, 50, 107, 57, 443, 202, 82, 82, 64, 77, 17, 127, 378, 219, 117, 50, 69, 48, 16
72, 159, 172, 23, 34, 112, 112, 340, 87, 153, 182, 42, 155, 58, 132, 215, 106, 243, 232, 62, 49, 107, 53, 172
16, 73, 70, 45, 43, 69, 396, 312, 23, 91, 66, 45, 68, 84, 418, 229, 35, 86, 66, 61, 73, 352, 154, 197
0, 0, 0, 0, 0, 0, 168, 856, 0, 0, 0, 0, 0, 0, 569, 455, 0, 0, 0, 0, 0, 176, 585, 263
0, 0, 0, 44, 126, 184, 140, 530, 0, 0, 0, 79, 140, 166, 205, 434, 0, 0, 4, 136, 158, 163, 251, 312
0, 0, 13, 33, 75, 262, 429, 212, 0, 0, 20, 40, 139, 382, 287, 156, 0, 1, 23, 44, 296, 236, 276, 148
0, 0, 0, 0, 0, 108, 916, 0, 0, 0, 0, 0, 35, 586, 403, 0, 0, 0, 0, 24, 187, 658, 155, 0
0, 0, 0, 0, 0, 2, 1014, 8, 0, 0, 0, 0, 0, 57, 967, 0, 0, 0, 0, 0, 29, 673, 311, 11
0, 0, 0, 0, 0, 0, 826, 198, 0, 0, 0, 0, 0, 341, 683, 0, 0, 0, 0, 0, 15, 740, 192, 77
0, 0, 0, 0, 0, 121, 771, 132, 0, 0, 0, 0, 0, 610, 407, 7, 0, 0, 0, 0, 489, 228, 276, 31
0, 0, 761, 47, 10, 19, 167, 20, 0, 60, 739, 14, 10, 94, 106, 1, 0, 399, 404, 13, 36, 90, 82, 0
0, 4, 433, 48, 20, 15, 55, 449, 0, 38, 430, 23, 19, 17, 143, 354, 0, 60, 406, 26, 19, 31, 227, 255
0, 0, 34, 9, 7, 6, 5, 707, 0, 1, 36, 7, 6, 6, 7, 705, 0, 8, 34, 6, 5, 6, 29, 680
0, 0, 0, 0, 0, 0, 194, 830, 0, 0, 0, 0, 0, 0, 1024, 0, 0, 0, 0, 0, 0, 900, 124, 0
0, 0, 0, 0, 0, 0, 0, 1024, 0, 0, 0, 0, 0, 0, 179, 845, 0, 0, 0, 0, 0, 0, 1024, 0
0, 0, 0, 0, 0, 0, 0, 1024, 0, 0, 0, 0, 0, 0, 0, 1024, 0, 0, 0, 0, 0, 0, 975, 49
0, 0, 0, 0, 6, 66, 185, 767, 0, 0, 0, 17, 79, 205, 320, 403, 2, 31, 175, 240, 70, 124, 203, 179
0, 0, 0, 0, 0, 1, 163, 860, 0, 0, 0, 0, 57, 165, 466, 336, 0, 0, 150, 198, 36, 318, 145, 177
0, 0, 1, 2, 4, 52, 132, 833, 0, 1, 3, 6, 82, 179, 451, 302, 1, 7, 170, 204, 109, 255, 87, 191
4, 14, 22, 48, 25, 65, 212, 634, 15, 10, 26, 52, 89, 241, 369, 222, 15, 19, 195, 194, 81, 300, 68, 152
0, 7, 51, 92, 50, 77, 113, 634, 2, 16, 65, 91, 65, 100, 173, 512, 5, 15, 80, 121, 107, 121, 131, 444
0, 4, 27, 22, 21, 31, 327, 592, 0, 8, 29, 21, 28, 37, 616, 285, 1, 10, 25, 23, 34, 286, 395, 250
0, 0, 0, 0, 0, 20, 165, 839, 0, 0, 0, 0, 0, 29, 297, 698, 0, 0, 0, 0, 2, 99, 312, 611
0, 0, 0, 50, 250, 323, 249, 152, 0, 0, 0, 135, 211, 368, 201, 109, 0, 0, 5, 213, 203, 413, 144, 46
0, 0, 16, 27, 41, 353, 348, 239, 0, 2, 20, 26, 97, 408, 319, 152, 0, 4, 23, 28, 291, 267, 271, 140
0, 0, 0, 0, 0, 38, 986, 0, 0, 0, 0, 0, 5, 158, 861, 0, 0, 0, 0, 16, 37, 971, 0, 0
0, 0, 0, 0, 0, 1, 1023, 0, 0, 0, 0, 0, 0, 355, 669, 0, 0, 0, 0, 0, 66, 958, 0, 0
0, 0, 0, 0, 0, 243, 781, 0, 0, 0, 0, 0, 0, 915, 109, 0, 0, 0, 0, 0, 385, 639, 0, 0
0, 3, 453, 29, 28, 386, 125, 0, 0, 134, 340, 23, 117, 398, 12, 0, 2, 415, 69, 29, 445, 64, 0, 0
0, 5, 698, 22, 21, 24, 99, 155, 0, 67, 647, 20, 19, 41, 117, 113, 0, 473, 249, 19, 21, 96, 94, 72
0, 0, 97, 20, 5, 6, 9, 887, 0, 38, 74, 8, 4, 8, 11, 881, 0, 3, 100, 14, 5, 6, 55, 841
0, 67, 498, 13, 9, 4, 7, 170, 1, 324, 243, 12, 8, 6, 6, 168, 4, 406, 161, 15, 4, 6, 25, 147
0, 0, 0, 0, 0, 0, 368, 656, 0, 0, 0, 0, 0, 0, 1024, 0, 0, 0, 0, 0, 0, 1024, 0, 0
0, 0, 0, 0, 0, 0, 0, 1024, 0, 0, 0, 0, 0, 0, 320, 704, 0, 0, 0, 0, 0, 32, 992, 0
0, 0, 0, 0, 0, 0, 0, 1024, 0, 0, 0, 0, 0, 0, 0, 1024, 0, 0, 0, 0, 0, 0, 349, 675
0, 0, 0, 0, 0, 0, 0, 1024, 0, 0, 0, 0, 0, 0, 0, 1024, 0, 0, 0, 0, 0, 0, 0, 1024
0, 0, 0, 0, 0, 0, 0, 1024, 0, 0, 0, 0, 0, 0, 0, 1024, 0, 0, 0, 0, 0, 0, 0, 1024
0, 0, 0, 0, 0, 0, 0, 1024, 0, 0, 0, 0, 0, 0, 0, 1024, 0, 0, 0, 0, 0, 0, 0, 1024
3, 18, 9, 4, 9, 5, 12, 964, 7, 20, 6, 1, 10, 14, 12, 954, 3, 21, 7, 3, 10, 12, 17, 951
0, 0, 7, 4, 22, 71, 203, 717, 0, 3, 10, 20, 56, 123, 237, 575, 0, 2, 10, 28, 93, 154, 220, 517
0, 0, 0, 0, 1, 23, 284, 716, 0, 0, 0, 0, 3, 30, 673, 318, 0, 0, 0, 1, 2, 188, 639, 194
0, 0, 0, 0, 0, 26, 74, 924, 0, 0, 0, 0, 0, 39, 78, 907, 0, 0, 0, 0, 3, 59, 101, 861
0, 0, 0, 5, 68, 490, 401, 60, 0, 0, 0, 34, 62, 814, 61, 53, 0, 0, 0, 44, 137, 768, 44, 31
0, 0, 2, 11, 38, 155, 574, 244, 0, 0, 2, 18, 47, 512, 245, 200, 0, 1, 3, 27, 287, 402, 114, 190
0, 0, 0, 0, 0, 65, 959, 0, 0, 0, 0, 0, 0, 753, 271, 0, 0, 0, 0, 0, 141, 883, 0, 0
0, 0, 0, 0, 0, 51, 973, 0, 0, 0, 0, 0, 0, 700, 324, 0, 0, 0, 0, 0, 127, 897, 0, 0
0, 1, 271, 17, 17, 534, 184, 0, 0, 24, 254, 17, 74, 642, 13, 0, 1, 158, 129, 18, 639, 79, 0, 0
0, 0, 678, 44, 27, 114, 65, 96, 0, 14, 693, 25, 27, 143, 53, 69, 0, 374, 343, 28, 118, 57, 82, 22
0, 1, 190, 22, 6, 16, 23, 766, 0, 32, 168, 15, 8, 14, 115, 672, 0, 39, 163, 13, 8, 24, 180, 597
0, 16, 327, 8, 15, 12, 15, 631, 0, 186, 161, 10, 13, 10, 23, 621, 0, 200, 144, 13, 12, 10, 30, 615
0, 308, 454, 6, 0, 0, 0, 0, 0, 636, 131, 1, 0, 0, 0, 0, 0, 707, 61, 0, 0, 0, 0, 0
0, 0, 0, 0, 0, 0, 614, 410, 0, 0, 0, 0, 0, 17, 1007, 0, 0, 0, 0, 0, 0, 1016, 8, 0
0, 0, 0, 0, 0, 0, 0, 1024, 0, 0, 0, 0, 0, 0, 199, 825, 0, 0, 0, 0, 0, 4, 896, 124
0, 0, 0, 0, 0, 0, 0, 1024, 0, 0, 0, 0, 0, 0, 0, 1024, 0, 0, 0, 0, 0, 0, 5, 1019
0, 0, 0, 0, 0, 0, 0, 1024, 0, 0, 0, 0, 0, 0, 0, 1024, 0, 0, 0, 0, 0, 0, 0, 1024
0, 0, 0, 0, 0, 0, 0, 1024, 0, 0, 0, 0, 0, 0, 0, 1024, 0, 0, 0, 0, 0, 0, 0, 1024
0, 0, 0, 0, 0, 0, 0, 1024, 0, 0, 0, 0, 0, 0, 0, 1024, 0, 0, 0, 0, 0, 0, 0, 1024
0, 0, 0, 0, 0, 0, 4, 1020, 0, 0, 0, 0, 0, 2, 13, 1009, 0, 0, 0, 0, 0, 2, 11, 1011
0, 0, 5, 4, 13, 41, 113, 848, 0, 0, 12, 8, 26, 115, 245, 618, 0, 1, 10, 8, 27, 138, 334, 506
0, 0, 0, 0, 0, 0, 264, 760, 0, 0, 0, 0, 0, 0, 540, 484, 0, 0, 0, 0, 0, 92, 686, 246
0, 0, 0, 0, 103, 212, 218, 491, 0, 0, 0, 5, 172, 189, 214, 444, 0, 0, 0, 60, 166, 235, 185, 378
0, 0, 0, 2, 135, 267, 396, 224, 0, 0, 0, 25, 197, 377, 210, 215, 0, 0, 0, 61, 224, 439, 94, 206
0, 0, 0, 0, 0, 0, 1002, 22, 0, 0, 0, 0, 0, 80, 928, 16, 0, 0, 0, 0, 37, 948, 25, 14
0, 0, 0, 0, 0, 0, 1024, 0, 0, 0, 0, 0, 0, 442, 582, 0, 0, 0, 0, 0, 9, 1015, 0, 0
0, 0, 57, 27, 11, 458, 471, 0, 0, 2, 77, 11, 42, 832, 60, 0, 0, 21, 64, 18, 566, 355, 0, 0
0, 0, 652, 108, 30, 178, 49, 7, 0, 5, 729, 36, 43, 199, 6, 6, 0, 193, 563, 37, 185, 37, 8, 1
0, 0, 159, 58, 20, 23, 143, 621, 0, 16, 181, 27, 19, 38, 219, 524, 0, 35, 172, 24, 17, 84, 252, 440
0, 1, 438, 17, 8, 7, 7, 546, 0, 95, 354, 10, 7, 5, 13, 540, 0, 150, 298, 10, 6, 8, 15, 537
0, 45, 614, 21, 14, 14, 16, 300, 0, 292, 376, 15, 16, 12, 20, 293, 3, 426, 242, 16, 17, 10, 43, 267
0, 134, 496, 15, 8, 8, 8, 99, 0, 416, 222, 7, 9, 9, 6, 99, 10, 447, 183, 8, 9, 11, 48, 52
0, 0, 0, 0, 0, 0, 614, 410, 0, 0, 0, 0, 0, 37, 949, 38, 0, 0, 0, 0, 0, 913, 111, 0
0, 0, 0, 0, 0, 0, 0, 1024, 0, 0, 0, 0, 0, 0, 33, 991, 0, 0, 0, 0, 0, 0, 425, 599
0, 0, 0, 0, 0, 0, 0, 1024, 0, 0, 0, 0, 0, 0, 0, 1024, 0, 0, 0, 0, 0, 0, 0, 1024
0, 0, 0, 0, 0, 0, 0, 1024, 0, 0, 0, 0, 0, 0, 0, 1024, 0, 0, 0, 0, 0, 0, 0, 1024
0, 0, 6, 20, 41, 60, 33, 864, 0, 1, 23, 55, 43, 29, 37, 836, 0, 5, 45, 51, 34, 25, 49, 815
0, 0, 8, 33, 24, 89, 102, 768, 0, 1, 34, 45, 83, 64, 102, 695, 0, 3, 65, 80, 52, 58, 94, 672
0, 0, 5, 23, 90, 147, 196, 563, 0, 2, 10, 81, 100, 210, 158, 463, 0, 4, 52, 95, 180, 147, 196, 350
0, 0, 15, 52, 121, 117, 254, 465, 0, 3, 23, 96, 131, 107, 384, 280, 0, 6, 59, 102, 132, 249, 335, 141
0, 0, 0, 0, 0, 0, 102, 922, 0, 0, 0, 0, 0, 0, 381, 643, 0, 0, 0, 0, 0, 28, 602, 394
0, 0, 0, 0, 93, 313, 413, 205, 0, 0, 0, 20, 121, 505, 233, 145, 0, 0, 0, 76, 121, 568, 190, 69
0, 0, 0, 1, 40, 267, 468, 248, 0, 0, 0, 1, 72, 476, 268, 207, 0, 0, 0, 5, 290, 393, 143, 193
0, 0, 0, 0, 0, 110, 914, 0, 0, 0, 0, 0, 0, 441, 583, 0, 0, 0, 0, 0, 235, 789, 0, 0
0, 0, 7, 6, 5, 311, 695, 0, 0, 2, 11, 3, 28, 849, 131, 0, 0, 10, 3, 5, 349, 657, 0, 0
0, 1, 209, 300, 41, 395, 72, 6, 0, 4, 465, 59, 85, 394, 17, 0, 0, 72, 437, 62, 410, 37, 6, 0
0, 0, 253, 144, 20, 27, 139, 441, 0, 7, 352, 45, 19, 50, 201, 350, 0, 32, 351, 27, 23, 82, 221, 288
0, 11, 436, 17, 10, 7, 12, 531, 0, 113, 346, 8, 9, 9, 15, 524, 0, 191, 265, 11, 8, 7, 28, 514
0, 114, 623, 19, 15, 13, 20, 220, 2, 373, 370, 13, 18, 12, 21, 215, 1, 565, 178, 16, 16, 14, 46, 188
0, 153, 172, 11, 4, 6, 9, 669, 0, 262, 66, 8, 4, 6, 9, 669, 12, 291, 31, 6, 5, 7, 52, 620
0, 24, 162, 16, 7, 12, 12, 535, 0, 113, 82, 10, 9, 10, 20, 524, 3, 106, 74, 18, 12, 8, 35, 512
0, 0, 0, 0, 0, 0, 562, 462, 0, 0, 0, 0, 0, 59, 767, 198, 0, 0, 0, 0, 21, 639, 351, 13
0, 0, 0, 0, 0, 0, 0, 1024, 0, 0, 0, 0, 0, 0, 0, 1024, 0, 0, 0, 0, 0, 0, 96, 928
0, 0, 0, 0, 0, 0, 0, 1024, 0, 0, 0, 0, 0, 0, 0, 1024, 0, 0, 0, 0, 0, 0, 0, 1024
0, 0, 0, 0, 0, 0, 0, 1024, 0, 0, 0, 0, 0, 0, 0, 1024, 0, 0, 0, 0, 0, 0, 0, 1024
0, 0, 0, 0, 12, 25, 8, 979, 0, 0, 0, 13, 26, 4, 3, 978, 0, 0, 9, 25, 7, 3, 22, 958
0, 0, 4, 2, 26, 97, 20, 875, 0, 0, 1, 51, 72, 16, 34, 850, 0, 0, 34, 74, 32, 21, 56, 807
0, 0, 0, 0, 1, 7, 37, 979, 0, 0, 0, 0, 6, 5, 121, 892, 0, 0, 0, 51, 121, 125, 330, 397
2, 16, 7, 10, 35, 73, 397, 484, 9, 10, 8, 13, 61, 132, 537, 254, 8, 11, 11, 31, 145, 318, 399, 101
0, 0, 0, 0, 1, 68, 238, 717, 0, 0, 0, 0, 12, 88, 425, 499, 0, 0, 0, 0, 46, 187, 571, 220
0, 0, 0, 0, 144, 479, 219, 182, 0, 0, 0, 24, 215, 522, 113, 150, 0, 0, 0, 84, 323, 391, 96, 130
0, 0, 0, 0, 0, 155, 770, 99, 0, 0, 0, 0, 0, 807, 163, 54, 0, 0, 0, 0, 438, 449, 88, 49
0, 0, 0, 0, 0, 202, 822, 0, 0, 0, 0, 0, 0, 966, 58, 0, 0, 0, 0, 0, 656, 368, 0, 0
0, 0, 178, 193, 43, 515, 95, 0, 0, 0, 355, 30, 126, 513, 0, 0, 0, 75, 299, 99, 519, 32, 0, 0
0, 1, 160, 238, 29, 61, 209, 326, 0, 2, 354, 52, 32, 91, 241, 252, 0, 62, 338, 27, 70, 127, 285, 115
0, 3, 360, 89, 24, 23, 20, 505, 0, 49, 384, 29, 18, 24, 45, 475, 0, 86, 348, 27, 21, 23, 83, 436
0, 57, 696, 32, 16, 15, 14, 194, 1, 248, 521, 21, 15, 14, 18, 186, 0, 524, 252, 16, 15, 15, 31, 171
0, 34, 168, 11, 9, 7, 8, 787, 0, 119, 84, 10, 10, 7, 9, 785, 5, 155, 48, 11, 8, 8, 37, 752
0, 59, 122, 18, 15, 11, 16, 783, 0, 116, 74, 16, 10, 10, 22, 776, 6, 106, 77, 17, 12, 13, 48, 745
0, 2, 209, 222, 11, 6, 8, 310, 0, 27, 303, 107, 9, 7, 11, 304, 0, 59, 295, 82, 8, 6, 10, 308
0, 0, 0, 0, 0, 0, 347, 677, 0, 0, 0, 0, 0, 1, 656, 367, 0, 0, 0, 0, 0, 354, 670, 0
0, 0, 0, 0, 0, 0, 0, 1024, 0, 0, 0, 0, 0, 0, 0, 1024, 0, 0, 0, 0, 0, 0, 16, 1008
0, 0, 0, 0, 0, 0, 0, 1024, 0, 0, 0, 0, 0, 0, 0, 1024, 0, 0, 0, 0, 0, 0, 0, 1024
0, 0, 0, 0, 0, 0, 0, 1024, 0, 0, 0, 0, 0, 0, 0, 1024, 0, 0, 0, 0, 0, 0, 0, 1024
0, 0, 0, 0, 0, 0, 0, 1024, 0, 0, 0, 0, 0, 0, 0, 1024, 0, 0, 0, 0, 0, 0, 0, 1024
0, 0, 0, 0, 0, 0, 0, 1024, 0, 0, 0, 0, 0, 0, 0, 1024, 0, 0, 0, 0, 0, 0, 0, 1024
0, 0, 0, 0, 0, 0, 7, 1017, 0, 0, 0, 0, 0, 0, 11, 1013, 0, 0, 0, 0, 0, 5, 57, 962
0, 2, 5, 10, 4, 5, 78, 920, 0, 3, 6, 10, 3, 23, 91, 888, 0, 6, 10, 5, 6, 65, 128, 804
0, 0, 0, 0, 0, 59, 169, 796, 0, 0, 0, 0, 0, 169, 85, 770, 0, 0, 0, 0, 0, 204, 147, 673
0, 0, 0, 0, 3, 425, 369, 227, 0, 0, 0, 0, 19, 663, 172, 170, 0, 0, 0, 0, 313, 418, 137, 156
0, 0, 0, 0, 0, 916, 108, 0, 0, 0, 0, 0, 0, 1024, 0, 0, 0, 0, 0, 0, 941, 83, 0, 0
0, 0, 0, 0, 0, 936, 88, 0, 0, 0, 0, 0, 128, 896, 0, 0, 0, 0, 0, 5, 841, 178, 0, 0
0, 0, 282, 140, 126, 195, 203, 78, 0, 12, 377, 59, 192, 147, 232, 5, 1, 137, 279, 105, 217, 128, 153, 4
0, 0, 183, 165, 26, 30, 81, 539, 0, 7, 316, 38, 25, 25, 305, 308, 0, 23, 314, 26, 26, 45, 425, 165
0, 20, 626, 80, 16, 15, 20, 247, 1, 123, 591, 15, 16, 15, 20, 243, 0, 238, 479, 17, 12, 18, 31, 229
0, 23, 225, 13, 11, 11, 14, 727, 0, 120, 130, 12, 11, 12, 14, 725, 0, 189, 65, 9, 12, 13, 22, 714
0, 3, 144, 47, 21, 14, 20, 775, 0, 21, 141, 38, 22, 7, 26, 769, 0, 33, 122, 42, 24, 10, 39, 754
0, 0, 161, 692, 35, 6, 7, 123, 0, 16, 218, 641, 15, 6, 9, 119, 0, 15, 401, 465, 9, 5, 15, 114
0, 0, 3, 571, 31, 11, 17, 135, 0, 0, 92, 501, 15, 14, 16, 130, 0, 0, 271, 320, 16, 15, 21, 125
0, 0, 0, 0, 0, 0, 261, 763, 0, 0, 0, 0, 0, 2, 633, 389, 0, 0, 0, 0, 0, 238, 754, 32
0, 0, 0, 0, 0, 0, 0, 1024, 0, 0, 0, 0, 0, 0, 0, 1024, 0, 0, 0, 0, 0, 0, 64, 960
0, 0, 0, 0, 0, 0, 0, 1024, 0, 0, 0, 0, 0, 0, 0, 1024, 0, 0, 0, 0, 0, 0, 0, 1024
0, 0, 0, 0, 0, 0, 0, 1024, 0, 0, 0, 0, 0, 0, 0, 1024, 0, 0, 0, 0, 0, 0, 0, 1024
0, 0, 0, 0, 0, 0, 0, 1024, 0, 0, 0, 0, 0, 0, 0, 1024, 0, 0, 0, 0, 0, 0, 0, 1024
0, 0, 0, 0, 0, 0, 0, 1024, 0, 0, 0, 0, 0, 0, 0, 1024, 0, 0, 0, 0, 0, 0, 0, 1024
0, 0, 0, 0, 0, 0, 0, 1024, 0, 0, 0, 0, 0, 0, 0, 1024, 0, 0, 0, 0, 0, 0, 0, 1024
0, 0, 0, 0, 0, 0, 0, 1024, 0, 0, 0, 0, 0, 0, 0, 1024, 0, 0, 0, 0, 0, 0, 0, 1024
0, 0, 0, 0, 0, 6, 108, 910, 0, 0, 0, 0, 0, 46, 78, 900, 0, 0, 0, 0, 0, 92, 52, 880
0, 0, 0, 0, 0, 274, 431, 319, 0, 0, 0, 0, 1, 568, 236, 219, 0, 0, 0, 0, 357, 287, 273, 107
0, 0, 0, 0, 0, 61, 629, 334, 0, 0, 0, 0, 0, 502, 506, 16, 0, 0, 0, 0, 102, 493, 429, 0
0, 0, 0, 0, 0, 39, 555, 430, 0, 0, 0, 0, 0, 239, 745, 40, 0, 0, 0, 0, 9, 331, 674, 10
0, 0, 1, 86, 192, 57, 288, 400, 0, 0, 8, 211, 73, 74, 601, 57, 0, 0, 10, 229, 71, 116, 593, 5
0, 0, 75, 530, 80, 25, 26, 288, 0, 0, 212, 443, 35, 23, 41, 270, 0, 3, 310, 353, 32, 20, 81, 225
0, 0, 87, 81, 17, 10, 20, 809, 0, 0, 144, 29, 15, 9, 25, 802, 0, 2, 150, 27, 12, 13, 32, 788
0, 1, 115, 239, 53, 21, 23, 572, 0, 7, 180, 201, 25, 20, 27, 564, 0, 13, 165, 209, 25, 20, 35, 557
0, 0, 21, 710, 65, 20, 20, 188, 0, 0, 58, 715, 30, 15, 23, 183, 0, 0, 90, 683, 30, 17, 26, 178
0, 0, 2, 866, 38, 8, 8, 102, 0, 0, 3, 886, 17, 8, 8, 102, 0, 0, 57, 846, 8, 9, 32, 72
0, 0, 0, 108, 10, 3, 8, 639, 0, 0, 32, 79, 7, 5, 7, 638, 0, 0, 32, 79, 7, 4, 9, 637
0, 0, 0, 0, 0, 0, 241, 783, 0, 0, 0, 0, 0, 0, 580, 444, 0, 0, 0, 0, 0, 150, 860, 14
0, 0, 0, 0, 0, 0, 0, 1024, 0, 0, 0, 0, 0, 0, 0, 1024, 0, 0, 0, 0, 0, 0, 166, 858
0, 0, 0, 0, 0, 0, 0, 1024, 0, 0, 0, 0, 0, 0, 0, 1024, 0, 0, 0, 0, 0, 0, 0, 1024
0, 0, 0, 0, 0, 0, 0, 1024, 0, 0, 0, 0, 0, 0, 0, 1024, 0, 0, 0, 0, 0, 0, 0, 1024
0, 0, 0, 0, 0, 0, 0, 1024, 0, 0, 0, 0, 0, 0, 0, 1024, 0, 0, 0, 0, 0, 0, 0, 1024
0, 0, 0, 0, 0, 0, 0, 1024, 0, 0, 0, 0, 0, 0, 0, 1024, 0, 0, 0, 0, 0, 0, 0, 1024
0, 0, 0, 0, 0, 0, 0, 1024, 0, 0, 0, 0, 0, 0, 0, 1024, 0, 0, 0, 0, 0, 0, 0, 1024
0, 0, 0, 0, 0, 0, 0, 1024, 0, 0, 0, 0, 0, 0, 0, 1024, 0, 0, 0, 0, 0, 0, 0, 1024
0, 0, 0, 0, 0, 0, 0, 1024, 0, 0, 0, 0, 0, 0, 0, 1024, 0, 0, 0, 0, 0, 0, 0, 1024
0, 0, 0, 0, 0, 0, 0, 1024, 0, 0, 0, 0, 0, 0, 0, 1024, 0, 0, 0, 0, 0, 0, 69, 955
0, 0, 0, 0, 0, 0, 0, 1024, 0, 0, 0, 0, 0, 0, 102, 922, 0, 0, 0, 0, 0, 0, 352, 672
0, 0, 0, 0, 0, 0, 106, 918, 0, 0, 0, 0, 0, 0, 431, 593, 0, 0, 0, 0, 0, 0, 631, 393
0, 0, 1, 119, 240, 45, 260, 359, 0, 0, 3, 263, 104, 47, 304, 303, 0, 0, 10, 293, 75, 52, 376, 218
0, 0, 0, 83, 192, 33, 35, 681, 0, 0, 0, 189, 91, 31, 41, 672, 0, 0, 0, 218, 66, 32, 60, 648
0, 0, 0, 292, 208, 24, 33, 467, 0, 0, 1, 437, 65, 24, 38, 459, 0, 0, 1, 443, 61, 25, 33, 461
0, 0, 0, 517, 267, 15, 20, 205, 0, 0, 0, 744, 43, 17, 18, 202, 0, 0, 6, 759, 25, 15, 22, 197
0, 0, 1, 425, 145, 12, 11, 430, 0, 0, 1, 548, 25, 8, 11, 431, 0, 0, 10, 553, 16, 6, 28, 411
0, 0, 0, 268, 43, 14, 23, 676, 0, 0, 1, 292, 18, 20, 19, 674, 0, 0, 46, 251, 17, 21, 24, 665
0, 0, 0, 0, 0, 0, 0, 768, 0, 0, 0, 0, 0, 0, 0, 768, 0, 0, 0, 0, 0, 0, 0, 768
0, 0, 0, 0, 0, 0, 184, 840, 0, 0, 0, 0, 0, 0, 529, 495, 0, 0, 0, 0, 0, 38, 986, 0
0, 0, 0, 0, 0, 0, 0, 1024, 0, 0, 0, 0, 0, 0, 0, 1024, 0, 0, 0, 0, 0, 0, 419, 605
0, 0, 0, 0, 0, 0, 0, 1024, 0, 0, 0, 0, 0, 0, 0, 1024, 0, 0, 0, 0, 0, 0, 0, 1024
0, 0, 0, 0, 0, 0, 0, 1024, 0, 0, 0, 0, 0, 0, 0, 1024, 0, 0, 0, 0, 0, 0, 0, 1024
0, 0, 0, 0, 0, 0, 0, 1024, 0, 0, 0, 0, 0, 0, 0, 1024, 0, 0, 0, 0, 0, 0, 0, 1024
0, 0, 0, 0, 0, 0, 0, 1024, 0, 0, 0, 0, 0, 0, 0, 1024, 0, 0, 0, 0, 0, 0, 0, 1024
0, 0, 0, 0, 0, 0, 0, 1024, 0, 0, 0, 0, 0, 0, 0, 1024, 0, 0, 0, 0, 0, 0, 0, 1024
0, 0, 0, 0, 0, 0, 0, 1024, 0, 0, 0, 0, 0, 0, 0, 1024, 0, 0, 0, 0, 0, 0, 0, 1024
0, 0, 0, 0, 0, 0, 0, 1024, 0, 0, 0, 0, 0, 0, 0, 1024, 0, 0, 0, 0, 0, 0, 0, 1024
0, 0, 0, 0, 0, 0, 0, 1024, 0, 0, 0, 0, 0, 0, 0, 1024, 0, 0, 0, 0, 0, 0, 0, 1024
0, 0, 0, 0, 0, 0, 0, 1024, 0, 0, 0, 0, 0, 0, 0, 1024, 0, 0, 0, 0, 0, 0, 0, 1024
0, 0, 0, 0, 0, 0, 0, 1024, 0, 0, 0, 0, 0, 0, 0, 1024, 0, 0, 0, 0, 0, 0, 1, 1023
0, 0, 0, 3, 155, 28, 51, 787, 0, 0, 0, 13, 148, 33, 60, 770, 0, 0, 0, 14, 152, 29, 174, 655
0, 0, 0, 40, 727, 31, 28, 198, 0, 0, 0, 466, 310, 27, 33, 188, 0, 0, 0, 597, 183, 27, 39, 178
0, 0, 0, 125, 428, 30, 28, 413, 0, 0, 0, 360, 200, 29, 28, 407, 0, 0, 0, 479, 87, 27, 34, 397
0, 0, 0, 197, 98, 18, 14, 697, 0, 0, 0, 252, 44, 19, 16, 693, 0, 0, 0, 274, 26, 18, 19, 687
0, 0, 0, 119, 45, 14, 25, 821, 0, 0, 0, 136, 30, 17, 22, 819, 0, 0, 0, 129, 38, 15, 26, 816
0, 0, 0, 401, 29, 13, 13, 568, 0, 0, 7, 405, 20, 14, 15, 563, 0, 0, 39, 342, 42, 18, 20, 563
0, 0, 6, 84, 6, 6, 7, 659, 0, 0, 11, 83, 3, 5, 8, 658, 0, 1, 25, 69, 3, 5, 12, 653
0, 0, 0, 0, 0, 0, 123, 901, 0, 0, 0, 0, 0, 0, 667, 357, 0, 0, 0, 0, 0, 0, 1024, 0
0, 0, 0, 0, 0, 0, 0, 1024, 0, 0, 0, 0, 0, 0, 0, 1024, 0, 0, 0, 0, 0, 0, 633, 391
0, 0, 0, 0, 0, 0, 51, 973, 0, 0, 0, 0, 0, 1, 64, 959, 0, 0, 0, 0, 0, 44, 62, 918
0, 0, 0, 0, 0, 1, 75, 948, 0, 0, 0, 0, 0, 11, 99, 914, 0, 0, 0, 0, 0, 38, 274, 712
0, 0, 0, 0, 0, 0, 8, 1016, 0, 0, 0, 0, 0, 0, 24, 1000, 0, 0, 0, 0, 0, 0, 119, 905
0, 0, 0, 0, 0, 0, 0, 1024, 0, 0, 0, 0, 0, 0, 32, 992, 0, 0, 0, 0, 0, 0, 88, 936
0, 0, 0, 0, 0, 0, 32, 992, 0, 0, 0, 0, 0, 0, 56, 968, 0, 0, 0, 0, 0, 0, 121, 903
0, 0, 0, 0, 3, 21, 70, 930, 0, 0, 0, 0, 6, 32, 102, 884, 0, 0, 0, 8, 26, 32, 194, 764
0, 0, 0, 0, 0, 0, 60, 964, 0, 0, 0, 0, 0, 0, 77, 947, 0, 0, 0, 0, 0, 0, 280, 744
0, 0, 0, 0, 0, 0, 50, 974, 0, 0, 0, 0, 0, 0, 94, 930, 0, 0, 0, 0, 0, 0, 246, 778
0, 0, 0, 0, 0, 0, 62, 962, 0, 0, 0, 0, 0, 0, 132, 892, 0, 0, 0, 0, 0, 0, 272, 752
0, 0, 0, 0, 0, 3, 208, 813, 0, 0, 0, 0, 0, 9, 368, 647, 0, 0, 0, 0, 0, 23, 591, 410
30, 41, 16, 157, 233, 71, 233, 243, 35, 38, 24, 229, 164, 89, 266, 179, 47, 26, 37, 267, 130, 90, 362, 65
0, 0, 1, 84, 297, 30, 35, 577, 0, 0, 1, 186, 201, 29, 41, 566, 0, 0, 3, 290, 98, 32, 62, 539
0, 0, 0, 58, 76, 21, 24, 845, 0, 0, 1, 91, 45, 20, 26, 841, 0, 0, 1, 92, 47, 19, 36, 829
0, 0, 0, 284, 45, 21, 24, 650, 0, 0, 7, 301, 25, 22, 22, 647, 0, 0, 16, 271, 42, 21, 26, 648
0, 0, 10, 642, 32, 13, 15, 312, 0, 0, 53, 616, 19, 12, 19, 305, 0, 0, 163, 482, 39, 12, 18, 310
0, 0, 137, 600, 14, 12, 10, 251, 0, 0, 352, 392, 11, 8, 14, 247, 0, 0, 429, 301, 19, 12, 13, 250
0, 0, 213, 364, 12, 10, 17, 152, 0, 0, 428, 152, 11, 13, 16, 148, 0, 6, 496, 74, 15, 13, 70, 94
0, 0, 0, 0, 0, 0, 216, 808, 0, 0, 0, 0, 0, 0, 937, 87, 0, 0, 0, 0, 0, 0, 1024, 0
0, 0, 0, 0, 0, 0, 0, 1024, 0, 0, 0, 0, 0, 0, 0, 1024, 0, 0, 0, 0, 0, 0, 812, 212
0, 0, 0, 0, 0, 0, 185, 839, 0, 0, 0, 0, 0, 39, 161, 824, 0, 0, 0, 0, 0, 167, 152, 705
0, 0, 0, 0, 0, 0, 89, 935, 0, 0, 0, 0, 0, 0, 128, 896, 0, 0, 0, 0, 0, 45, 239, 740
0, 0, 0, 0, 0, 0, 0, 1024, 0, 0, 0, 0, 0, 0, 8, 1016, 0, 0, 0, 0, 0, 0, 85, 939
0, 0, 0, 0, 0, 0, 0, 1024, 0, 0, 0, 0, 0, 0, 0, 1024, 0, 0, 0, 0, 0, 0, 0, 1024
0, 0, 0, 0, 0, 0, 0, 1024, 0, 0, 0, 0, 0, 0, 0, 1024, 0, 0, 0, 0, 0, 0, 0, 1024
0, 0, 0, 1, 2, 6, 58, 957, 0, 0, 0, 1, 4, 10, 92, 917, 0, 1, 0, 4, 6, 31, 208, 774
0, 0, 0, 0, 0, 0, 53, 971, 0, 0, 0, 0, 0, 0, 57, 967, 0, 0, 0, 0, 0, 0, 81, 943
0, 0, 0, 0, 0, 0, 0, 1024, 0, 0, 0, 0, 0, 0, 0, 1024, 0, 0, 0, 0, 0, 0, 16, 1008
32, 89, 78, 62, 267, 45, 76, 375, 43, 92, 70, 71, 267, 39, 118, 324, 36, 87, 70, 99, 243, 38, 145, 306
39, 100, 73, 67, 51, 25, 106, 563, 55, 93, 76, 67, 43, 26, 262, 402, 31, 103, 71, 76, 48, 32, 373, 290
82, 127, 59, 69, 112, 44, 182, 349, 113, 106, 62, 112, 64, 45, 245, 277, 71, 141, 65, 101, 77, 48, 376, 145
8, 55, 14, 192, 201, 34, 46, 474, 15, 48, 21, 297, 96, 35, 63, 449, 4, 45, 25, 272, 127, 33, 136, 382
17, 64, 56, 500, 134, 14, 21, 218, 23, 65, 63, 558, 65, 14, 30, 206, 12, 62, 88, 526, 86, 14, 38, 198
18, 79, 198, 543, 24, 15, 27, 120, 22, 96, 238, 488, 23, 11, 37, 109, 14, 83, 275, 464, 29, 17, 34, 108
1, 131, 304, 385, 10, 12, 18, 163, 1, 160, 377, 284, 11, 14, 19, 158, 0, 124, 487, 210, 13, 8, 76, 106
0, 0, 65, 496, 14, 17, 18, 414, 0, 0, 262, 300, 14, 20, 18, 410, 0, 7, 320, 239, 12, 18, 48, 380
0, 7, 126, 324, 8, 5, 10, 288, 0, 9, 302, 147, 7, 5, 11, 287, 0, 21, 331, 110, 7, 8, 130, 161
0, 0, 0, 0, 0, 0, 550, 474, 0, 0, 0, 0, 0, 0, 1024, 0, 0, 0, 0, 0, 0, 15, 1009, 0
0, 0, 0, 0, 0, 0, 0, 1024, 0, 0, 0, 0, 0, 0, 316, 708, 0, 0, 0, 0, 0, 0, 1024, 0
0, 0, 0, 0, 0, 0, 264, 760, 0, 0, 0, 0, 0, 61, 224, 739, 0, 0, 0, 0, 0, 225, 392, 407
0, 0, 0, 0, 0, 0, 40, 984, 0, 0, 0, 0, 0, 0, 72, 952, 0, 0, 0, 0, 0, 0, 764, 260
0, 0, 0, 0, 0, 0, 3, 1021, 0, 0, 0, 0, 0, 0, 18, 1006, 0, 0, 0, 0, 0, 0, 82, 942
0, 0, 0, 0, 0, 0, 0, 1024, 0, 0, 0, 0, 0, 0, 0, 1024, 0, 0, 0, 0, 0, 0, 0, 1024
0, 0, 0, 0, 0, 0, 0, 1024, 0, 0, 0, 0, 0, 0, 0, 1024, 0, 0, 0, 0, 0, 0, 47, 977
0, 0, 0, 0, 0, 0, 11, 1013, 0, 0, 0, 0, 0, 0, 12, 1012, 0, 0, 0, 0, 0, 0, 71, 953
0, 1, 16, 9, 11, 8, 64, 915, 0, 4, 15, 8, 12, 9, 94, 882, 0, 1, 18, 7, 11, 11, 209, 767
3, 115, 77, 44, 30, 40, 60, 655, 13, 131, 62, 37, 28, 45, 98, 610, 3, 78, 103, 49, 30, 40, 300, 421
104, 153, 72, 175, 312, 20, 55, 133, 137, 127, 73, 257, 225, 20, 77, 108, 100, 156, 78, 383, 102, 36, 96, 73
134, 175, 94, 220, 116, 34, 158, 93, 184, 139, 93, 253, 77, 33, 177, 68, 101, 174, 157, 256, 50, 62, 180, 44
151, 245, 302, 145, 28, 13, 119, 21, 181, 229, 333, 105, 24, 18, 122, 12, 164, 271, 334, 75, 29, 17, 122, 12
170, 167, 81, 260, 108, 32, 119, 87, 193, 156, 82, 290, 69, 35, 136, 63, 186, 163, 90, 290, 68, 90, 113, 24
114, 185, 51, 347, 55, 54, 120, 98, 138, 160, 63, 353, 45, 69, 142, 54, 109, 192, 91, 332, 60, 78, 134, 28
63, 183, 131, 101, 31, 129, 373, 13, 91, 176, 142, 75, 29, 340, 162, 9, 71, 203, 162, 50, 101, 409, 25, 3
1, 151, 115, 20, 13, 20, 179, 525, 2, 158, 112, 17, 12, 63, 265, 395, 1, 139, 133, 16, 12, 115, 360, 248
0, 0, 6, 16, 6, 3, 5, 988, 0, 0, 16, 7, 5, 5, 10, 981, 0, 0, 7, 17, 5, 3, 63, 929
8, 74, 70, 29, 12, 16, 32, 527, 7, 90, 66, 19, 14, 14, 132, 426, 19, 50, 86, 28, 10, 19, 340, 216
0, 0, 0, 0, 0, 0, 956, 68, 0, 0, 0, 0, 0, 0, 1024, 0, 0, 0, 0, 0, 0, 22, 1002, 0
0, 0, 0, 0, 0, 0, 90, 934, 0, 0, 0, 0, 0, 0, 837, 187, 0, 0, 0, 0, 0, 0, 1024, 0
0, 0, 0, 0, 0, 5, 328, 691, 0, 0, 0, 0, 0, 76, 546, 402, 0, 0, 0, 0, 0, 253, 771, 0
0, 0, 0, 0, 0, 0, 47, 977, 0, 0, 0, 0, 0, 0, 134, 890, 0, 0, 0, 0, 0, 0, 849, 175
0, 0, 0, 0, 0, 0, 61, 963, 0, 0, 0, 0, 0, 0, 115, 909, 0, 0, 0, 0, 0, 0, 337, 687
0, 0, 0, 0, 0, 0, 0, 1024, 0, 0, 0, 0, 0, 0, 0, 1024, 0, 0, 0, 0, 0, 0, 72, 952
0, 0, 0, 0, 0, 0, 0, 1024, 0, 0, 0, 0, 0, 0, 0, 1024, 0, 0, 0, 0, 0, 0, 72, 952
0, 0, 0, 0, 0, 0, 21, 1003, 0, 0, 0, 0, 0, 0, 63, 961, 0, 0, 0, 0, 0, 0, 288, 736
0, 0, 11, 23, 15, 10, 86, 879, 0, 0, 16, 24, 14, 7, 133, 830, 0, 0, 12, 22, 14, 33, 664, 279
1, 100, 148, 46, 33, 35, 125, 536, 9, 144, 109, 41, 29, 35, 236, 421, 2, 76, 151, 60, 36, 51, 400, 248
85, 213, 56, 251, 236, 21, 55, 107, 146, 157, 66, 340, 136, 18, 85, 76, 96, 193, 82, 404, 71, 19, 111, 48
129, 277, 100, 194, 65, 47, 134, 78, 207, 216, 94, 211, 46, 56, 153, 41, 112, 258, 157, 196, 46, 72, 138, 45
205, 294, 317, 88, 28, 15, 52, 25, 264, 264, 308, 74, 25, 15, 64, 10, 182, 334, 324, 64, 26, 21, 60, 13
111, 123, 34, 82, 65, 71, 453, 85, 150, 91, 39, 100, 50, 214, 330, 50, 83, 139, 51, 103, 61, 390, 168, 29
16, 42, 23, 185, 51, 141, 553, 13, 25, 38, 34, 188, 58, 413, 265, 3, 12, 43, 78, 153, 109, 452, 175, 2
0, 11, 67, 170, 34, 236, 506, 0, 2, 18, 154, 85, 35, 715, 15, 0, 1, 18, 167, 79, 162, 596, 1, 0
0, 40, 177, 41, 18, 49, 510, 189, 1, 75, 165, 24, 17, 259, 414, 69, 0, 21, 169, 63, 32, 363, 309, 67
0, 38, 76, 42, 12, 6, 20, 830, 0, 53, 78, 25, 12, 12, 174, 670, 0, 34, 100, 22, 13, 10, 152, 693
16, 459, 58, 29, 14, 14, 37, 141, 6, 491, 47, 22, 13, 14, 95, 80, 41, 351, 113, 42, 25, 15, 108, 73
