877, 147, 0, 0, 0, 0, 0, 0, 125, 899, 0, 0, 0, 0, 0, 0, 1024, 0, 0, 0, 0, 0, 0, 0
813, 211, 0, 0, 0, 0, 0, 0, 39, 985, 0, 0, 0, 0, 0, 0, 1022, 2, 0, 0, 0, 0, 0, 0
885, 139, 0, 0, 0, 0, 0, 0, 220, 804, 0, 0, 0, 0, 0, 0, 1024, 0, 0, 0, 0, 0, 0, 0
855, 169, 0, 0, 0, 0, 0, 0, 521, 503, 0, 0, 0, 0, 0, 0, 1024, 0, 0, 0, 0, 0, 0, 0
506, 402, 115, 1, 0, 0, 0, 0, 363, 596, 54, 11, 0, 0, 0, 0, 874, 143, 7, 0, 0, 0, 0, 0
188, 310, 377, 108, 13, 8, 6, 14, 148, 650, 191, 12, 3, 6, 7, 7, 501, 478, 15, 9, 5, 6, 5, 5
0, 0, 6, 56, 181, 78, 38, 665, 7, 46, 57, 189, 36, 29, 38, 622, 29, 76, 146, 91, 32, 104, 153, 393
0, 22, 11, 10, 116, 210, 299, 356, 26, 9, 29, 115, 222, 300, 250, 73, 32, 75, 345, 331, 153, 63, 25, 0
10, 243, 375, 210, 53, 8, 29, 96, 39, 357, 483, 19, 14, 15, 5, 92, 186, 581, 119, 8, 16, 19, 5, 90
0, 398, 292, 286, 18, 11, 2, 17, 0, 365, 331, 283, 16, 7, 6, 16, 94, 600, 276, 28, 5, 3, 4, 14
0, 0, 635, 276, 66, 3, 8, 36, 0, 1, 645, 310, 39, 7, 6, 16, 0, 9, 533, 432, 13, 10, 8, 19
0, 0, 999, 6, 6, 3, 5, 5, 0, 0, 960, 45, 6, 4, 6, 3, 0, 0, 58, 944, 6, 5, 6, 5
0, 25, 994, 5, 0, 0, 0, 0, 0, 0, 683, 341, 0, 0, 0, 0, 0, 0, 78, 946, 0, 0, 0, 0
0, 12, 1012, 0, 0, 0, 0, 0, 0, 0, 990, 34, 0, 0, 0, 0, 0, 0, 552, 472, 0, 0, 0, 0
0, 59, 463, 36, 64, 147, 96, 159, 0, 0, 537, 73, 144, 102, 55, 113, 0, 7, 481, 194, 137, 72, 78, 55
0, 0, 0, 3, 23, 68, 95, 835, 0, 0, 1, 28, 78, 96, 248, 573, 0, 0, 11, 63, 90, 220, 344, 296
0, 0, 0, 0, 0, 0, 0, 672, 0, 0, 0, 0, 0, 0, 0, 672, 0, 0, 0, 0, 0, 0, 38, 634
1014, 10, 0, 0, 0, 0, 0, 0, 176, 848, 0, 0, 0, 0, 0, 0, 1024, 0, 0, 0, 0, 0, 0, 0
646, 378, 0, 0, 0, 0, 0, 0, 119, 905, 0, 0, 0, 0, 0, 0, 1022, 2, 0, 0, 0, 0, 0, 0
855, 169, 0, 0, 0, 0, 0, 0, 434, 590, 0, 0, 0, 0, 0, 0, 1024, 0, 0, 0, 0, 0, 0, 0
706, 293, 25, 0, 0, 0, 0, 0, 328, 695, 1, 0, 0, 0, 0, 0, 972, 52, 0, 0, 0, 0, 0, 0
268, 704, 52, 0, 0, 0, 0, 0, 213, 805, 6, 0, 0, 0, 0, 0, 955, 69, 0, 0, 0, 0, 0, 0
30, 364, 341, 88, 51, 31, 37, 82, 161, 731, 90, 16, 6, 8, 4, 8, 417, 433, 58, 41, 58, 8, 4, 5
0, 0, 22, 25, 26, 37, 31, 883, 30, 35, 24, 30, 19, 31, 67, 788, 32, 40, 32, 28, 39, 167, 296, 390
0, 6, 25, 26, 61, 182, 268, 456, 10, 32, 81, 154, 202, 219, 171, 155, 18, 106, 327, 281, 108, 83, 70, 31
6, 271, 387, 189, 65, 8, 9, 89, 18, 449, 441, 20, 0, 5, 28, 63, 134, 687, 104, 3, 1, 13, 32, 50
0, 587, 176, 240, 21, 0, 0, 0, 0, 659, 114, 251, 0, 0, 0, 0, 17, 747, 259, 1, 0, 0, 0, 0
0, 0, 412, 305, 59, 27, 42, 179, 0, 60, 644, 219, 32, 25, 22, 22, 0, 171, 381, 270, 43, 68, 50, 41
0, 0, 173, 57, 45, 67, 120, 562, 0, 20, 215, 247, 172, 137, 95, 138, 0, 0, 3, 207, 142, 281, 202, 189
0, 0, 510, 394, 20, 31, 37, 32, 0, 0, 69, 834, 29, 59, 15, 18, 0, 0, 0, 790, 123, 53, 34, 24
0, 0, 573, 196, 50, 16, 10, 179, 0, 0, 290, 534, 20, 3, 13, 164, 0, 0, 23, 750, 71, 7, 11, 162
0, 0, 31, 26, 53, 56, 43, 815, 0, 0, 35, 74, 64, 47, 66, 738, 0, 0, 16, 114, 62, 54, 112, 666
0, 0, 0, 0, 10, 64, 96, 854, 0, 0, 0, 20, 93, 104, 165, 642, 0, 0, 7, 66, 108, 145, 317, 381
0, 0, 0, 0, 0, 0, 0, 672, 0, 0, 0, 0, 0, 0, 7, 665, 0, 0, 0, 0, 0, 0, 86, 586
795, 229, 0, 0, 0, 0, 0, 0, 79, 945, 0, 0, 0, 0, 0, 0, 1024, 0, 0, 0, 0, 0, 0, 0
795, 229, 0, 0, 0, 0, 0, 0, 165, 859, 0, 0, 0, 0, 0, 0, 1024, 0, 0, 0, 0, 0, 0, 0
483, 541, 0, 0, 0, 0, 0, 0, 216, 808, 0, 0, 0, 0, 0, 0, 1021, 3, 0, 0, 0, 0, 0, 0
682, 341, 1, 0, 0, 0, 0, 0, 400, 624, 0, 0, 0, 0, 0, 0, 1018, 6, 0, 0, 0, 0, 0, 0
61, 784, 102, 18, 4, 12, 16, 27, 180, 842, 2, 0, 0, 0, 0, 0, 899, 69, 18, 12, 8, 12, 6, 0
1, 169, 203, 207, 63, 67, 93, 221, 215, 550, 198, 5, 8, 8, 3, 37, 233, 403, 120, 92, 80, 55, 4, 37
0, 0, 1, 34, 22, 38, 52, 877, 14, 51, 56, 53, 85, 83, 68, 614, 14, 37, 59, 101, 96, 88, 76, 553
0, 20, 6, 38, 92, 103, 190, 575, 40, 19, 121, 177, 149, 134, 122, 262, 34, 85, 213, 203, 140, 153, 141, 55
7, 201, 249, 337, 90, 57, 11, 72, 18, 363, 473, 61, 24, 12, 4, 69, 112, 519, 255, 49, 11, 7, 5, 66
1, 357, 234, 230, 202, 0, 0, 0, 10, 520, 110, 381, 3, 0, 0, 0, 69, 539, 392, 24, 0, 0, 0, 0
2, 156, 213, 98, 537, 17, 1, 0, 27, 153, 228, 516, 100, 0, 0, 0, 138, 77, 698, 111, 0, 0, 0, 0
0, 41, 649, 20, 18, 14, 32, 250, 0, 52, 753, 58, 47, 28, 28, 58, 8, 8, 522, 208, 50, 91, 64, 73
0, 0, 568, 425, 4, 6, 10, 11, 0, 0, 361, 613, 22, 8, 10, 10, 0, 0, 24, 849, 122, 7, 11, 11
0, 0, 25, 208, 24, 15, 12, 740, 0, 21, 70, 148, 40, 7, 18, 720, 0, 27, 63, 109, 79, 22, 90, 634
0, 0, 2, 4, 24, 23, 42, 929, 0, 0, 4, 27, 24, 58, 91, 820, 0, 2, 11, 34, 37, 89, 137, 714
0, 0, 0, 9, 22, 43, 82, 868, 0, 0, 4, 19, 69, 98, 140, 694, 0, 2, 13, 40, 92, 120, 183, 574
0, 0, 0, 0, 0, 0, 0, 672, 0, 0, 0, 0, 0, 0, 37, 635, 0, 0, 0, 0, 0, 6, 69, 597
972, 52, 0, 0, 0, 0, 0, 0, 75, 949, 0, 0, 0, 0, 0, 0, 1024, 0, 0, 0, 0, 0, 0, 0
738, 286, 0, 0, 0, 0, 0, 0, 80, 944, 0, 0, 0, 0, 0, 0, 1019, 5, 0, 0, 0, 0, 0, 0
462, 562, 0, 0, 0, 0, 0, 0, 215, 809, 0, 0, 0, 0, 0, 0, 1022, 2, 0, 0, 0, 0, 0, 0
402, 614, 8, 0, 0, 0, 0, 0, 305, 712, 7, 0, 0, 0, 0, 0, 991, 32, 1, 0, 0, 0, 0, 0
2, 568, 125, 27, 32, 32, 28, 210, 318, 703, 2, 1, 0, 0, 0, 0, 637, 122, 52, 44, 37, 38, 34, 60
3, 177, 227, 42, 64, 81, 30, 400, 455, 510, 29, 11, 2, 6, 7, 4, 227, 295, 97, 95, 90, 87, 66, 67
0, 3, 49, 24, 30, 53, 100, 765, 64, 112, 102, 127, 111, 105, 86, 317, 31, 78, 105, 136, 168, 163, 164, 179
0, 28, 4, 6, 100, 197, 267, 422, 33, 29, 137, 229, 276, 163, 85, 72, 36, 94, 322, 335, 138, 47, 38, 14
0, 167, 178, 492, 123, 0, 0, 64, 11, 248, 561, 140, 0, 0, 0, 64, 87, 507, 346, 20, 0, 0, 0, 64
0, 119, 53, 193, 446, 213, 0, 0, 0, 148, 178, 487, 211, 0, 0, 0, 12, 279, 589, 144, 0, 0, 0, 0
0, 204, 27, 283, 334, 155, 4, 17, 16, 206, 244, 346, 185, 8, 3, 16, 203, 160, 513, 125, 5, 2, 9, 7
4, 315, 382, 122, 67, 49, 24, 61, 33, 388, 391, 95, 33, 15, 18, 51, 269, 258, 339, 72, 23, 21, 42, 0
8, 69, 586, 305, 49, 7, 0, 0, 4, 224, 625, 156, 14, 1, 0, 0, 30, 252, 430, 263, 49, 0, 0, 0
0, 45, 180, 188, 184, 55, 68, 304, 1, 132, 154, 236, 126, 81, 149, 145, 26, 138, 142, 278, 122, 125, 162, 31
2, 76, 125, 146, 132, 105, 168, 270, 2, 164, 96, 171, 139, 171, 129, 152, 44, 157, 175, 147, 184, 123, 118, 76
1, 14, 175, 58, 70, 84, 103, 519, 1, 80, 126, 77, 99, 133, 223, 285, 10, 159, 59, 110, 128, 198, 174, 186
0, 0, 102, 52, 16, 21, 33, 448, 0, 32, 111, 76, 26, 40, 67, 320, 0, 81, 28, 82, 84, 57, 97, 243
764, 260, 0, 0, 0, 0, 0, 0, 108, 916, 0, 0, 0, 0, 0, 0, 1024, 0, 0, 0, 0, 0, 0, 0
887, 137, 0, 0, 0, 0, 0, 0, 401, 623, 0, 0, 0, 0, 0, 0, 1024, 0, 0, 0, 0, 0, 0, 0
276, 705, 19, 6, 4, 4, 3, 7, 218, 806, 0, 0, 0, 0, 0, 0, 965, 45, 4, 4, 1, 2, 2, 1
89, 330, 45, 12, 73, 59, 47, 369, 676, 348, 0, 0, 0, 0, 0, 0, 451, 128, 72, 55, 114, 91, 84, 29
2, 211, 122, 55, 58, 84, 84, 408, 761, 263, 0, 0, 0, 0, 0, 0, 286, 212, 111, 112, 165, 108, 30, 0
4, 161, 222, 66, 79, 98, 113, 281, 426, 543, 29, 7, 7, 5, 4, 3, 226, 323, 192, 167, 79, 27, 8, 2
0, 3, 72, 27, 56, 77, 128, 661, 55, 149, 79, 63, 65, 87, 90, 436, 40, 152, 120, 103, 116, 196, 132, 165
1, 7, 12, 11, 13, 146, 252, 582, 18, 14, 20, 88, 201, 293, 218, 172, 29, 27, 247, 311, 165, 106, 66, 73
0, 66, 61, 387, 321, 103, 17, 69, 15, 114, 355, 368, 89, 2, 17, 64, 104, 296, 503, 37, 2, 15, 3, 64
0, 0, 0, 491, 385, 138, 10, 0, 0, 0, 478, 433, 113, 0, 0, 0, 0, 215, 787, 22, 0, 0, 0, 0
0, 2, 20, 325, 567, 78, 9, 23, 2, 2, 290, 554, 87, 31, 40, 18, 16, 152, 712, 57, 16, 14, 47, 10
1, 69, 126, 42, 229, 454, 65, 38, 8, 121, 105, 204, 117, 40, 363, 66, 28, 199, 205, 109, 42, 33, 55, 353
19, 54, 189, 164, 237, 319, 34, 8, 23, 210, 76, 42, 88, 157, 342, 86, 52, 205, 51, 65, 87, 85, 172, 307
3, 163, 271, 177, 268, 133, 9, 0, 10, 253, 118, 127, 248, 132, 126, 10, 129, 164, 86, 129, 210, 128, 131, 47
6, 529, 425, 20, 13, 21, 5, 5, 17, 670, 272, 23, 23, 8, 4, 7, 325, 599, 39, 19, 20, 12, 10, 0
44, 96, 875, 2, 1, 2, 0, 4, 24, 169, 822, 1, 1, 1, 2, 4, 70, 945, 0, 2, 1, 2, 1, 3
0, 9, 598, 16, 12, 3, 6, 28, 1, 55, 587, 11, 2, 0, 7, 9, 2, 610, 13, 20, 11, 2, 5, 9
745, 274, 5, 0, 0, 0, 0, 0, 123, 901, 0, 0, 0, 0, 0, 0, 1017, 7, 0, 0, 0, 0, 0, 0
493, 531, 0, 0, 0, 0, 0, 0, 249, 775, 0, 0, 0, 0, 0, 0, 1019, 5, 0, 0, 0, 0, 0, 0
299, 725, 0, 0, 0, 0, 0, 0, 179, 845, 0, 0, 0, 0, 0, 0, 1017, 7, 0, 0, 0, 0, 0, 0
161, 702, 29, 18, 15, 17, 10, 72, 625, 399, 0, 0, 0, 0, 0, 0, 876, 60, 17, 14, 37, 20, 0, 0
195, 617, 84, 20, 16, 18, 13, 61, 407, 617, 0, 0, 0, 0, 0, 0, 854, 81, 24, 47, 18, 0, 0, 0
80, 548, 231, 34, 29, 41, 32, 29, 246, 778, 0, 0, 0, 0, 0, 0, 684, 241, 72, 23, 4, 0, 0, 0
0, 128, 75, 39, 25, 24, 46, 687, 60, 199, 32, 35, 53, 115, 272, 258, 146, 125, 55, 245, 297, 107, 45, 4
0, 30, 14, 44, 115, 256, 220, 345, 33, 28, 45, 218, 275, 249, 125, 51, 43, 73, 305, 266, 228, 95, 14, 0
1, 66, 41, 137, 173, 166, 164, 276, 26, 120, 109, 215, 304, 72, 56, 122, 114, 107, 303, 252, 63, 31, 58, 96
0, 128, 142, 297, 172, 94, 77, 114, 8, 223, 433, 184, 77, 45, 22, 32, 103, 350, 359, 96, 45, 28, 9, 34
1, 39, 308, 330, 320, 26, 0, 0, 1, 106, 446, 60, 67, 212, 132, 0, 5, 401, 172, 37, 50, 115, 236, 8
0, 1, 27, 134, 533, 324, 5, 0, 0, 0, 1, 13, 58, 308, 595, 49, 0, 0, 0, 3, 18, 171, 525, 307
7, 27, 54, 194, 309, 432, 1, 0, 6, 21, 15, 19, 98, 218, 442, 205, 1, 12, 20, 9, 39, 162, 250, 531
33, 580, 61, 17, 47, 286, 0, 0, 5, 182, 475, 13, 21, 13, 184, 131, 6, 138, 509, 16, 14, 17, 18, 306
252, 700, 71, 1, 0, 0, 0, 0, 4, 607, 413, 0, 0, 0, 0, 0, 43, 579, 402, 0, 0, 0, 0, 0
202, 482, 291, 1, 2, 5, 4, 37, 0, 443, 529, 4, 2, 3, 4, 39, 16, 605, 354, 2, 2, 4, 2, 39
0, 75, 167, 13, 5, 8, 22, 382, 2, 51, 173, 24, 10, 8, 17, 387, 1, 65, 170, 19, 4, 8, 20, 385
200, 766, 23, 16, 2, 4, 4, 9, 96, 917, 9, 2, 0, 0, 0, 0, 904, 94, 11, 6, 2, 2, 2, 3
78, 386, 174, 45, 46, 37, 40, 218, 499, 525, 0, 0, 0, 0, 0, 0, 569, 177, 42, 19, 46, 30, 37, 104
19, 315, 135, 58, 51, 35, 37, 374, 525, 499, 0, 0, 0, 0, 0, 0, 408, 185, 42, 37, 54, 34, 71, 193
64, 168, 116, 67, 56, 45, 60, 448, 738, 286, 0, 0, 0, 0, 0, 0, 328, 162, 70, 48, 74, 82, 105, 155
37, 253, 86, 67, 62, 45, 81, 393, 654, 370, 0, 0, 0, 0, 0, 0, 358, 164, 86, 114, 99, 123, 72, 8
110, 386, 101, 63, 54, 72, 42, 196, 502, 519, 3, 0, 0, 0, 0, 0, 533, 176, 114, 112, 73, 12, 4, 0
10, 244, 108, 49, 45, 66, 88, 414, 142, 301, 42, 73, 84, 206, 122, 54, 300, 139, 122, 242, 151, 42, 20, 8
6, 43, 50, 149, 144, 130, 161, 341, 65, 103, 155, 175, 132, 122, 144, 128, 102, 162, 226, 148, 188, 113, 49, 36
7, 231, 131, 157, 93, 139, 138, 128, 30, 348, 176, 91, 238, 14, 11, 116, 226, 278, 179, 204, 9, 8, 11, 109
0, 22, 82, 112, 274, 141, 239, 154, 7, 71, 151, 325, 174, 188, 92, 16, 23, 217, 375, 288, 99, 10, 6, 6
0, 27, 111, 279, 209, 47, 78, 273, 4, 62, 87, 100, 253, 262, 145, 111, 14, 99, 98, 150, 310, 276, 67, 10
0, 0, 49, 328, 613, 34, 0, 0, 0, 0, 0, 76, 251, 582, 115, 0, 0, 0, 0, 48, 173, 522, 274, 7
0, 5, 90, 349, 541, 39, 0, 0, 0, 1, 9, 118, 262, 332, 301, 1, 0, 0, 6, 74, 233, 245, 397, 69
374, 535, 8, 11, 83, 13, 0, 0, 5, 729, 178, 5, 12, 23, 72, 0, 18, 597, 290, 11, 9, 12, 80, 7
556, 323, 123, 17, 5, 0, 0, 0, 0, 914, 110, 0, 0, 0, 0, 0, 84, 813, 127, 0, 0, 0, 0, 0
307, 421, 246, 48, 0, 0, 1, 1, 0, 604, 416, 1, 1, 0, 0, 2, 2, 670, 348, 2, 0, 0, 1, 1
253, 211, 158, 5, 0, 3, 5, 37, 3, 403, 214, 5, 2, 2, 4, 39, 4, 528, 90, 4, 1, 2, 6, 37
208, 761, 33, 9, 4, 2, 2, 5, 134, 877, 12, 1, 0, 0, 0, 0, 899, 108, 8, 4, 1, 2, 2, 0
122, 657, 62, 30, 14, 18, 18, 103, 532, 492, 0, 0, 0, 0, 0, 0, 838, 60, 16, 20, 14, 20, 12, 44
38, 751, 72, 18, 23, 17, 12, 93, 422, 602, 0, 0, 0, 0, 0, 0, 800, 105, 19, 14, 21, 14, 17, 34
83, 719, 66, 23, 25, 14, 13, 81, 587, 437, 0, 0, 0, 0, 0, 0, 844, 66, 23, 25, 16, 19, 18, 13
136, 677, 57, 28, 22, 19, 16, 69, 396, 628, 0, 0, 0, 0, 0, 0, 830, 87, 34, 34, 19, 16, 4, 0
436, 507, 15, 18, 21, 8, 14, 5, 563, 461, 0, 0, 0, 0, 0, 0, 935, 61, 28, 0, 0, 0, 0, 0
167, 856, 1, 0, 0, 0, 0, 0, 1, 1023, 0, 0, 0, 0, 0, 0, 865, 159, 0, 0, 0, 0, 0, 0
3, 484, 534, 3, 0, 0, 0, 0, 0, 805, 219, 0, 0, 0, 0, 0, 117, 907, 0, 0, 0, 0, 0, 0
9, 95, 354, 44, 144, 247, 108, 23, 13, 211, 295, 137, 343, 2, 3, 20, 109, 400, 290, 200, 1, 2, 3, 19
0, 0, 0, 10, 148, 380, 330, 156, 0, 0, 19, 247, 495, 211, 45, 7, 0, 28, 328, 574, 89, 5, 0, 0
4, 86, 54, 92, 149, 270, 179, 190, 89, 107, 68, 177, 328, 93, 135, 27, 99, 155, 270, 298, 171, 22, 9, 0
20, 57, 104, 468, 318, 37, 19, 1, 339, 248, 78, 160, 183, 16, 0, 0, 71, 484, 113, 162, 186, 8, 0, 0
23, 108, 346, 401, 140, 6, 0, 0, 143, 215, 175, 384, 86, 18, 3, 0, 62, 285, 191, 350, 105, 28, 3, 0
55, 320, 391, 196, 25, 12, 8, 17, 44, 322, 311, 247, 67, 10, 12, 11, 137, 365, 231, 234, 37, 11, 9, 0
0, 215, 689, 90, 30, 0, 0, 0, 19, 688, 119, 178, 20, 0, 0, 0, 376, 402, 56, 154, 36, 0, 0, 0
0, 31, 727, 135, 36, 39, 31, 25, 0, 38, 541, 267, 77, 43, 25, 33, 1, 524, 85, 235, 94, 37, 20, 28
8, 33, 601, 4, 6, 9, 10, 1, 7, 28, 606, 5, 7, 6, 12, 1, 7, 583, 55, 2, 10, 11, 4, 0
160, 695, 49, 11, 11, 12, 17, 69, 267, 755, 2, 0, 0, 0, 0, 0, 804, 130, 12, 12, 13, 11, 27, 15
37, 667, 77, 31, 28, 30, 29, 125, 505, 519, 0, 0, 0, 0, 0, 0, 732, 120, 36, 22, 28, 25, 23, 38
147, 671, 45, 28, 24, 11, 14, 84, 394, 630, 0, 0, 0, 0, 0, 0, 834, 79, 23, 20, 25, 18, 19, 6
71, 745, 66, 23, 21, 18, 11, 69, 410, 600, 10, 4, 0, 0, 0, 0, 816, 109, 25, 19, 24, 29, 2, 0
164, 691, 37, 18, 23, 19, 19, 53, 383, 641, 0, 0, 0, 0, 0, 0, 859, 68, 39, 41, 17, 0, 0, 0
389, 566, 15, 22, 17, 9, 4, 2, 387, 637, 0, 0, 0, 0, 0, 0, 941, 71, 12, 0, 0, 0, 0, 0
279, 637, 10, 5, 49, 43, 1, 0, 27, 896, 7, 31, 61, 2, 0, 0, 860, 66, 27, 67, 4, 0, 0, 0
7, 784, 81, 16, 14, 94, 28, 0, 15, 850, 22, 18, 97, 22, 0, 0, 212, 670, 17, 100, 24, 1, 0, 0
0, 65, 260, 35, 110, 465, 43, 46, 0, 303, 62, 122, 479, 12, 11, 35, 45, 309, 263, 347, 16, 11, 4, 29
0, 0, 8, 219, 394, 72, 233, 98, 1, 14, 81, 551, 179, 189, 9, 0, 9, 129, 506, 319, 61, 0, 0, 0
61, 187, 70, 113, 152, 156, 200, 85, 80, 260, 146, 122, 226, 165, 23, 2, 145, 252, 179, 333, 100, 12, 3, 0
161, 153, 97, 145, 302, 153, 8, 5, 391, 579, 15, 9, 10, 16, 2, 2, 194, 623, 172, 12, 13, 6, 4, 0
284, 154, 177, 303, 94, 12, 0, 0, 251, 610, 127, 34, 2, 0, 0, 0, 444, 460, 114, 6, 0, 0, 0, 0
211, 341, 433, 39, 0, 0, 0, 0, 132, 458, 274, 159, 1, 0, 0, 0, 286, 431, 165, 141, 1, 0, 0, 0
186, 321, 480, 37, 0, 0, 0, 0, 126, 494, 188, 201, 15, 0, 0, 0, 371, 297, 172, 169, 15, 0, 0, 0
182, 287, 425, 54, 34, 25, 7, 10, 113, 462, 292, 73, 41, 24, 8, 11, 256, 483, 158, 67, 29, 16, 5, 10
134, 362, 175, 1, 0, 0, 0, 0, 77, 455, 139, 1, 0, 0, 0, 0, 163, 508, 1, 0, 0, 0, 0, 0
32, 662, 75, 31, 23, 26, 45, 130, 480, 544, 0, 0, 0, 0, 0, 0, 754, 88, 45, 22, 25, 32, 43, 15
82, 562, 76, 34, 9, 39, 36, 186, 611, 413, 0, 0, 0, 0, 0, 0, 690, 96, 33, 29, 30, 52, 22, 72
213, 407, 52, 39, 28, 44, 40, 201, 616, 408, 0, 0, 0, 0, 0, 0, 652, 98, 48, 45, 65, 64, 29, 23
128, 483, 64, 47, 36, 39, 39, 188, 553, 471, 0, 0, 0, 0, 0, 0, 633, 120, 77, 79, 56, 34, 21, 4
284, 443, 51, 38, 40, 30, 32, 106, 413, 611, 0, 0, 0, 0, 0, 0, 749, 106, 74, 51, 31, 12, 1, 0
94, 722, 117, 27, 22, 13, 16, 13, 162, 859, 3, 0, 0, 0, 0, 0, 817, 168, 28, 11, 0, 0, 0, 0
16, 384, 120, 86, 246, 148, 19, 5, 20, 466, 92, 254, 175, 12, 3, 2, 350, 202, 244, 216, 7, 0, 4, 1
20, 195, 28, 56, 279, 355, 85, 6, 13, 221, 54, 357, 324, 55, 0, 0, 191, 80, 373, 329, 51, 0, 0, 0
0, 71, 73, 22, 17, 89, 461, 291, 3, 120, 53, 20, 447, 107, 195, 79, 30, 122, 73, 487, 173, 77, 4, 58
0, 15, 47, 324, 306, 58, 144, 130, 31, 357, 242, 88, 129, 71, 83, 23, 45, 356, 319, 160, 80, 57, 7, 0
132, 539, 65, 59, 30, 127, 67, 5, 23, 696, 89, 31, 163, 16, 4, 2, 160, 612, 74, 162, 12, 3, 1, 0
798, 210, 15, 0, 1, 0, 0, 0, 5, 1013, 5, 1, 0, 0, 0, 0, 646, 377, 0, 1, 0, 0, 0, 0
753, 193, 44, 22, 5, 6, 1, 0, 23, 951, 34, 10, 6, 0, 0, 0, 701, 298, 18, 7, 0, 0, 0, 0
36, 285, 162, 507, 34, 0, 0, 0, 132, 892, 0, 0, 0, 0, 0, 0, 275, 749, 0, 0, 0, 0, 0, 0
2, 148, 143, 498, 233, 0, 0, 0, 96, 928, 0, 0, 0, 0, 0, 0, 158, 846, 20, 0, 0, 0, 0, 0
0, 78, 231, 224, 446, 45, 0, 0, 68, 947, 9, 0, 0, 0, 0, 0, 74, 642, 308, 0, 0, 0, 0, 0
51, 180, 98, 98, 150, 95, 0, 0, 34, 617, 14, 5, 2, 0, 0, 0, 110, 341, 217, 3, 1, 0, 0, 0
299, 527, 43, 12, 13, 24, 24, 82, 389, 635, 0, 0, 0, 0, 0, 0, 858, 54, 19, 16, 16, 28, 25, 8
440, 402, 24, 27, 18, 21, 22, 70, 440, 584, 0, 0, 0, 0, 0, 0, 851, 64, 23, 22, 30, 23, 11, 0
295, 561, 30, 23, 19, 16, 22, 58, 353, 671, 0, 0, 0, 0, 0, 0, 854, 67, 39, 42, 18, 4, 0, 0
403, 549, 20, 15, 11, 12, 12, 2, 406, 618, 0, 0, 0, 0, 0, 0, 960, 41, 23, 0, 0, 0, 0, 0
736, 288, 0, 0, 0, 0, 0, 0, 263, 761, 0, 0, 0, 0, 0, 0, 1020, 4, 0, 0, 0, 0, 0, 0
20, 926, 78, 0, 0, 0, 0, 0, 6, 1018, 0, 0, 0, 0, 0, 0, 876, 148, 0, 0, 0, 0, 0, 0
8, 510, 112, 68, 45, 40, 138, 103, 13, 588, 95, 49, 80, 132, 44, 23, 448, 212, 84, 100, 135, 22, 9, 14
0, 0, 0, 0, 0, 49, 397, 578, 0, 0, 0, 5, 249, 419, 267, 84, 0, 0, 10, 368, 467, 142, 25, 12
0, 0, 0, 0, 0, 7, 367, 650, 0, 0, 0, 0, 233, 383, 104, 304, 0, 0, 3, 451, 242, 33, 61, 234
13, 242, 24, 23, 19, 13, 84, 606, 36, 258, 11, 15, 54, 87, 167, 396, 70, 223, 23, 85, 86, 311, 150, 76
90, 527, 15, 17, 22, 110, 206, 37, 19, 604, 22, 35, 262, 44, 16, 22, 79, 568, 56, 265, 31, 11, 13, 1
216, 731, 77, 0, 0, 0, 0, 0, 25, 992, 7, 0, 0, 0, 0, 0, 296, 727, 1, 0, 0, 0, 0, 0
102, 525, 110, 46, 33, 23, 21, 164, 6, 483, 201, 63, 39, 30, 23, 179, 83, 453, 166, 58, 41, 27, 21, 175
284, 699, 32, 9, 0, 0, 0, 0, 41, 915, 53, 13, 2, 0, 0, 0, 518, 466, 30, 10, 0, 0, 0, 0
71, 801, 104, 45, 3, 0, 0, 0, 320, 624, 69, 11, 0, 0, 0, 0, 840, 154, 30, 0, 0, 0, 0, 0
96, 895, 29, 4, 0, 0, 0, 0, 166, 825, 33, 0, 0, 0, 0, 0, 657, 328, 39, 0, 0, 0, 0, 0
61, 360, 52, 41, 55, 57, 35, 11, 34, 441, 57, 24, 13, 24, 60, 19, 105, 341, 92, 20, 17, 46, 37, 14
962, 62, 0, 0, 0, 0, 0, 0, 420, 604, 0, 0, 0, 0, 0, 0, 1009, 15, 0, 0, 0, 0, 0, 0
585, 439, 0, 0, 0, 0, 0, 0, 310, 714, 0, 0, 0, 0, 0, 0, 1023, 1, 0, 0, 0, 0, 0, 0
681, 326, 12, 1, 3, 1, 0, 0, 394, 619, 6, 2, 3, 0, 0, 0, 954, 63, 2, 3, 2, 0, 0, 0
570, 454, 0, 0, 0, 0, 0, 0, 322, 702, 0, 0, 0, 0, 0, 0, 1005, 19, 0, 0, 0, 0, 0, 0
598, 426, 0, 0, 0, 0, 0, 0, 349, 675, 0, 0, 0, 0, 0, 0, 1011, 13, 0, 0, 0, 0, 0, 0
26, 942, 55, 1, 0, 0, 0, 0, 3, 1015, 6, 0, 0, 0, 0, 0, 867, 157, 0, 0, 0, 0, 0, 0
57, 545, 70, 24, 32, 106, 149, 41, 22, 643, 32, 61, 185, 51, 27, 3, 584, 110, 75, 202, 40, 11, 2, 0
1, 56, 99, 143, 74, 83, 121, 447, 1, 138, 192, 94, 105, 70, 101, 323, 77, 220, 125, 116, 80, 132, 98, 176
0, 47, 256, 59, 57, 124, 111, 370, 14, 170, 189, 134, 96, 62, 70, 289, 49, 269, 189, 104, 51, 77, 55, 230
23, 200, 150, 97, 230, 217, 55, 52, 18, 228, 258, 371, 73, 54, 15, 7, 44, 309, 382, 223, 49, 12, 3, 2
155, 735, 13, 8, 82, 11, 16, 4, 10, 883, 17, 75, 30, 7, 2, 0, 182, 721, 57, 56, 7, 1, 0, 0
322, 702, 0, 0, 0, 0, 0, 0, 1, 1023, 0, 0, 0, 0, 0, 0, 130, 894, 0, 0, 0, 0, 0, 0
108, 636, 71, 41, 27, 17, 16, 108, 1, 564, 202, 50, 38, 28, 22, 119, 23, 589, 179, 42, 37, 23, 17, 114
135, 793, 73, 23, 0, 0, 0, 0, 10, 677, 293, 31, 13, 0, 0, 0, 92, 582, 319, 24, 7, 0, 0, 0
170, 827, 27, 0, 0, 0, 0, 0, 11, 412, 598, 3, 0, 0, 0, 0, 84, 354, 571, 15, 0, 0, 0, 0
281, 739, 4, 0, 0, 0, 0, 0, 21, 604, 398, 1, 0, 0, 0, 0, 117, 425, 481, 1, 0, 0, 0, 0
213, 413, 39, 7, 0, 0, 0, 0, 32, 373, 254, 13, 0, 0, 0, 0, 108, 286, 269, 9, 0, 0, 0, 0
718, 306, 0, 0, 0, 0, 0, 0, 237, 787, 0, 0, 0, 0, 0, 0, 1024, 0, 0, 0, 0, 0, 0, 0
684, 340, 0, 0, 0, 0, 0, 0, 390, 634, 0, 0, 0, 0, 0, 0, 1017, 7, 0, 0, 0, 0, 0, 0
746, 278, 0, 0, 0, 0, 0, 0, 521, 503, 0, 0, 0, 0, 0, 0, 1020, 4, 0, 0, 0, 0, 0, 0
839, 185, 0, 0, 0, 0, 0, 0, 489, 535, 0, 0, 0, 0, 0, 0, 1024, 0, 0, 0, 0, 0, 0, 0
311, 709, 4, 0, 0, 0, 0, 0, 197, 827, 0, 0, 0, 0, 0, 0, 956, 68, 0, 0, 0, 0, 0, 0
83, 907, 34, 0, 0, 0, 0, 0, 96, 915, 13, 0, 0, 0, 0, 0, 891, 132, 1, 0, 0, 0, 0, 0
19, 641, 135, 139, 18, 12, 10, 50, 28, 742, 160, 29, 6, 13, 15, 31, 572, 327, 53, 7, 15, 17, 8, 25
0, 167, 125, 53, 69, 113, 150, 347, 9, 254, 105, 115, 149, 107, 93, 192, 111, 237, 143, 160, 112, 66, 59, 136
0, 12, 34, 219, 259, 187, 132, 181, 2, 28, 285, 315, 148, 120, 77, 49, 19, 249, 365, 167, 120, 58, 40, 6
0, 19, 113, 215, 63, 34, 91, 489, 24, 47, 283, 62, 40, 205, 180, 183, 56, 255, 95, 95, 234, 160, 53, 76
45, 214, 162, 126, 73, 86, 159, 159, 53, 327, 153, 99, 118, 151, 81, 42, 232, 255, 134, 157, 144, 70, 18, 14
469, 142, 65, 98, 102, 50, 55, 43, 78, 560, 100, 85, 101, 60, 24, 16, 547, 174, 95, 120, 59, 19, 8, 2
473, 363, 66, 78, 28, 4, 8, 4, 187, 656, 122, 42, 5, 7, 2, 3, 643, 280, 82, 8, 6, 2, 2, 1
388, 520, 104, 6, 1, 3, 1, 1, 89, 695, 218, 14, 3, 3, 1, 1, 545, 342, 125, 6, 2, 2, 2, 0
479, 409, 20, 17, 21, 33, 44, 1, 213, 590, 102, 17, 21, 37, 43, 1, 641, 185, 85, 22, 25, 62, 4, 0
669, 354, 1, 0, 0, 0, 0, 0, 187, 825, 12, 0, 0, 0, 0, 0, 763, 242, 19, 0, 0, 0, 0, 0
11, 583, 57, 17, 4, 0, 0, 0, 2, 517, 121, 26, 6, 0, 0, 0, 48, 538, 70, 16, 0, 0, 0, 0
797, 227, 0, 0, 0, 0, 0, 0, 234, 790, 0, 0, 0, 0, 0, 0, 1024, 0, 0, 0, 0, 0, 0, 0
944, 80, 0, 0, 0, 0, 0, 0, 343, 681, 0, 0, 0, 0, 0, 0, 1024, 0, 0, 0, 0, 0, 0, 0
749, 275, 0, 0, 0, 0, 0, 0, 481, 543, 0, 0, 0, 0, 0, 0, 1023, 1, 0, 0, 0, 0, 0, 0
700, 324, 0, 0, 0, 0, 0, 0, 330, 694, 0, 0, 0, 0, 0, 0, 1004, 20, 0, 0, 0, 0, 0, 0
232, 792, 0, 0, 0, 0, 0, 0, 15, 1009, 0, 0, 0, 0, 0, 0, 1014, 10, 0, 0, 0, 0, 0, 0
389, 564, 24, 8, 6, 6, 5, 22, 229, 750, 8, 7, 5, 5, 7, 13, 892, 90, 6, 7, 5, 3, 8, 13
240, 376, 99, 143, 81, 58, 13, 14, 48, 612, 207, 107, 33, 8, 9, 0, 557, 258, 157, 37, 11, 4, 0, 0
0, 48, 37, 111, 29, 73, 178, 548, 11, 55, 101, 76, 189, 201, 267, 124, 37, 80, 133, 243, 277, 158, 62, 34
0, 9, 218, 70, 121, 164, 127, 315, 0, 106, 199, 157, 199, 167, 132, 64, 30, 258, 174, 241, 178, 82, 34, 27
0, 0, 4, 97, 185, 142, 150, 446, 4, 87, 268, 209, 137, 108, 101, 110, 14, 154, 293, 168, 145, 131, 74, 45
48, 86, 165, 132, 124, 101, 64, 304, 76, 115, 225, 56, 158, 87, 103, 204, 124, 256, 65, 134, 150, 121, 138, 36
0, 40, 181, 199, 253, 114, 99, 138, 7, 136, 230, 184, 229, 121, 71, 46, 65, 277, 212, 206, 170, 58, 20, 16
125, 176, 185, 203, 147, 79, 43, 66, 184, 162, 234, 157, 141, 64, 41, 41, 280, 271, 172, 124, 95, 63, 19, 0
352, 526, 104, 23, 9, 8, 2, 0, 178, 310, 284, 221, 20, 7, 4, 0, 404, 120, 405, 73, 12, 7, 3, 0
253, 710, 45, 14, 2, 0, 0, 0, 423, 429, 129, 37, 6, 0, 0, 0, 864, 105, 32, 21, 2, 0, 0, 0
94, 930, 0, 0, 0, 0, 0, 0, 588, 436, 0, 0, 0, 0, 0, 0, 954, 70, 0, 0, 0, 0, 0, 0
0, 582, 90, 0, 0, 0, 0, 0, 0, 661, 11, 0, 0, 0, 0, 0, 100, 572, 0, 0, 0, 0, 0, 0
813, 211, 0, 0, 0, 0, 0, 0, 229, 795, 0, 0, 0, 0, 0, 0, 1017, 7, 0, 0, 0, 0, 0, 0
910, 114, 0, 0, 0, 0, 0, 0, 380, 644, 0, 0, 0, 0, 0, 0, 1024, 0, 0, 0, 0, 0, 0, 0
839, 185, 0, 0, 0, 0, 0, 0, 551, 473, 0, 0, 0, 0, 0, 0, 1024, 0, 0, 0, 0, 0, 0, 0
728, 296, 0, 0, 0, 0, 0, 0, 370, 654, 0, 0, 0, 0, 0, 0, 1018, 6, 0, 0, 0, 0, 0, 0
248, 775, 1, 0, 0, 0, 0, 0, 139, 885, 0, 0, 0, 0, 0, 0, 1000, 24, 0, 0, 0, 0, 0, 0
543, 406, 23, 11, 5, 9, 8, 19, 373, 589, 20, 5, 9, 7, 9, 12, 901, 77, 7, 6, 8, 10, 5, 10
386, 548, 87, 3, 0, 0, 0, 0, 95, 918, 9, 2, 0, 0, 0, 0, 757, 264, 3, 0, 0, 0, 0, 0
0, 102, 82, 42, 60, 287, 198, 253, 18, 166, 62, 92, 322, 191, 132, 41, 83, 144, 107, 337, 200, 118, 35, 0
0, 304, 137, 27, 36, 118, 139, 263, 31, 413, 25, 51, 142, 66, 131, 165, 146, 317, 55, 155, 101, 166, 78, 6
0, 37, 174, 144, 98, 213, 143, 215, 9, 156, 244, 192, 160, 111, 65, 87, 25, 292, 280, 189, 107, 114, 17, 0
105, 144, 96, 248, 138, 89, 92, 112, 97, 216, 289, 154, 104, 71, 62, 31, 259, 255, 221, 123, 104, 41, 21, 0
13, 50, 185, 281, 202, 100, 108, 85, 48, 139, 304, 247, 140, 74, 43, 29, 126, 295, 281, 194, 68, 52, 6, 2
84, 192, 205, 245, 152, 66, 58, 22, 97, 269, 262, 192, 133, 31, 28, 12, 225, 325, 238, 151, 47, 29, 9, 0
192, 591, 131, 37, 30, 30, 7, 6, 148, 577, 185, 37, 23, 34, 12, 8, 515, 276, 141, 20, 30, 28, 8, 6
116, 768, 94, 31, 12, 3, 0, 0, 261, 651, 82, 17, 12, 1, 0, 0, 825, 148, 36, 6, 9, 0, 0, 0
136, 888, 0, 0, 0, 0, 0, 0, 585, 439, 0, 0, 0, 0, 0, 0, 1001, 23, 0, 0, 0, 0, 0, 0
25, 471, 176, 0, 0, 0, 0, 0, 0, 646, 26, 0, 0, 0, 0, 0, 180, 492, 0, 0, 0, 0, 0, 0
951, 73, 0, 0, 0, 0, 0, 0, 337, 687, 0, 0, 0, 0, 0, 0, 1024, 0, 0, 0, 0, 0, 0, 0
831, 193, 0, 0, 0, 0, 0, 0, 393, 631, 0, 0, 0, 0, 0, 0, 1024, 0, 0, 0, 0, 0, 0, 0
958, 66, 0, 0, 0, 0, 0, 0, 640, 384, 0, 0, 0, 0, 0, 0, 1020, 4, 0, 0, 0, 0, 0, 0
476, 548, 0, 0, 0, 0, 0, 0, 87, 937, 0, 0, 0, 0, 0, 0, 1017, 7, 0, 0, 0, 0, 0, 0
482, 537, 5, 0, 0, 0, 0, 0, 221, 799, 4, 0, 0, 0, 0, 0, 998, 26, 0, 0, 0, 0, 0, 0
610, 274, 127, 9, 1, 1, 0, 2, 402, 528, 88, 3, 1, 0, 0, 2, 845, 172, 3, 1, 1, 0, 0, 2
9, 213, 582, 68, 42, 27, 24, 59, 88, 563, 208, 51, 28, 23, 30, 33, 331, 515, 54, 34, 33, 30, 23, 4
0, 26, 361, 182, 167, 79, 59, 150, 29, 205, 411, 160, 78, 54, 39, 48, 99, 500, 168, 88, 68, 50, 38, 13
0, 58, 61, 352, 313, 158, 38, 44, 5, 111, 412, 291, 142, 27, 8, 28, 27, 416, 383, 143, 16, 8, 9, 22
0, 48, 141, 160, 356, 233, 86, 0, 1, 123, 342, 282, 273, 3, 0, 0, 25, 324, 418, 253, 4, 0, 0, 0
37, 130, 110, 348, 183, 117, 69, 30, 52, 182, 420, 173, 76, 66, 45, 10, 141, 343, 321, 91, 55, 57, 12, 4
0, 116, 158, 135, 137, 122, 208, 148, 64, 157, 130, 105, 165, 172, 163, 68, 129, 190, 145, 137, 172, 188, 48, 15
45, 188, 193, 203, 142, 109, 90, 54, 73, 212, 211, 194, 119, 102, 82, 31, 183, 287, 215, 142, 102, 70, 24, 1
145, 239, 221, 166, 89, 92, 46, 26, 68, 349, 212, 126, 89, 78, 69, 33, 230, 322, 160, 120, 77, 74, 25, 16
68, 421, 228, 149, 77, 70, 10, 1, 75, 490, 227, 90, 44, 79, 18, 1, 395, 271, 177, 61, 58, 58, 4, 0
1, 1023, 0, 0, 0, 0, 0, 0, 286, 738, 0, 0, 0, 0, 0, 0, 998, 26, 0, 0, 0, 0, 0, 0
14, 492, 166, 0, 0, 0, 0, 0, 14, 648, 10, 0, 0, 0, 0, 0, 180, 492, 0, 0, 0, 0, 0, 0
805, 203, 8, 6, 0, 2, 0, 0, 315, 693, 8, 6, 0, 2, 0, 0, 966, 46, 8, 2, 1, 1, 0, 0
869, 155, 0, 0, 0, 0, 0, 0, 410, 614, 0, 0, 0, 0, 0, 0, 989, 35, 0, 0, 0, 0, 0, 0
761, 260, 3, 0, 0, 0, 0, 0, 345, 676, 3, 0, 0, 0, 0, 0, 951, 73, 0, 0, 0, 0, 0, 0
434, 583, 7, 0, 0, 0, 0, 0, 31, 988, 5, 0, 0, 0, 0, 0, 974, 50, 0, 0, 0, 0, 0, 0
484, 462, 46, 9, 10, 3, 3, 7, 349, 609, 39, 11, 5, 4, 2, 5, 862, 118, 23, 7, 4, 4, 1, 5
371, 591, 43, 14, 2, 2, 1, 0, 143, 834, 38, 4, 3, 1, 1, 0, 799, 215, 3, 4, 2, 1, 0, 0
0, 80, 207, 216, 116, 54, 53, 298, 4, 213, 328, 106, 45, 34, 40, 254, 72, 418, 142, 44, 47, 44, 45, 212
0, 8, 203, 326, 147, 113, 95, 132, 27, 112, 421, 168, 92, 73, 45, 86, 90, 452, 183, 102, 65, 46, 53, 33
0, 0, 0, 69, 388, 368, 80, 119, 0, 0, 119, 462, 283, 84, 61, 15, 1, 116, 522, 253, 80, 49, 3, 0
6, 211, 242, 63, 236, 134, 69, 63, 22, 359, 156, 277, 100, 65, 29, 16, 209, 296, 305, 105, 64, 33, 10, 2
9, 92, 350, 157, 166, 181, 57, 12, 33, 260, 282, 118, 182, 121, 24, 4, 125, 420, 145, 138, 168, 27, 0, 1
9, 115, 239, 103, 155, 98, 65, 240, 7, 79, 311, 143, 135, 93, 69, 187, 53, 377, 180, 131, 83, 56, 100, 44
77, 326, 221, 144, 94, 59, 38, 65, 70, 352, 213, 158, 98, 46, 36, 51, 288, 359, 158, 91, 58, 31, 23, 16
162, 307, 60, 58, 89, 96, 94, 158, 102, 391, 66, 64, 87, 99, 103, 112, 397, 163, 92, 108, 122, 90, 37, 15
32, 287, 308, 152, 144, 65, 31, 5, 75, 376, 274, 64, 107, 110, 16, 2, 264, 368, 146, 61, 130, 53, 2, 0
1, 1023, 0, 0, 0, 0, 0, 0, 496, 528, 0, 0, 0, 0, 0, 0, 1021, 3, 0, 0, 0, 0, 0, 0
35, 594, 43, 0, 0, 0, 0, 0, 178, 492, 2, 0, 0, 0, 0, 0, 361, 311, 0, 0, 0, 0, 0, 0
969, 55, 0, 0, 0, 0, 0, 0, 399, 625, 0, 0, 0, 0, 0, 0, 1024, 0, 0, 0, 0, 0, 0, 0
991, 33, 0, 0, 0, 0, 0, 0, 525, 499, 0, 0, 0, 0, 0, 0, 1024, 0, 0, 0, 0, 0, 0, 0
802, 222, 0, 0, 0, 0, 0, 0, 191, 833, 0, 0, 0, 0, 0, 0, 997, 27, 0, 0, 0, 0, 0, 0
541, 483, 0, 0, 0, 0, 0, 0, 164, 860, 0, 0, 0, 0, 0, 0, 1024, 0, 0, 0, 0, 0, 0, 0
689, 332, 1, 1, 1, 0, 0, 0, 407, 615, 1, 1, 0, 0, 0, 0, 1019, 3, 1, 1, 0, 0, 0, 0
254, 142, 156, 74, 88, 72, 68, 170, 209, 295, 129, 100, 71, 69, 69, 82, 394, 236, 111, 85, 71, 74, 50, 3
0, 6, 66, 54, 174, 247, 136, 341, 3, 55, 92, 309, 182, 95, 84, 204, 21, 109, 394, 158, 86, 108, 70, 78
0, 12, 259, 378, 132, 61, 60, 122, 19, 166, 479, 141, 47, 52, 43, 77, 114, 519, 165, 53, 51, 54, 46, 22
0, 0, 15, 269, 242, 189, 221, 88, 0, 6, 337, 159, 381, 86, 38, 17, 9, 227, 269, 406, 79, 23, 11, 0
5, 104, 300, 172, 133, 159, 53, 98, 35, 270, 268, 155, 157, 73, 52, 14, 119, 377, 210, 183, 92, 36, 7, 0
5, 417, 307, 73, 108, 53, 18, 43, 21, 316, 435, 44, 120, 33, 24, 31, 128, 342, 336, 108, 78, 22, 10, 0
11, 178, 127, 157, 110, 133, 121, 187, 11, 69, 217, 156, 106, 146, 126, 193, 75, 202, 229, 165, 143, 49, 57, 104
26, 92, 174, 176, 145, 111, 103, 197, 36, 112, 169, 171, 165, 109, 96, 166, 154, 192, 219, 144, 112, 95, 41, 67
223, 226, 87, 99, 134, 92, 58, 105, 109, 348, 106, 100, 126, 98, 73, 64, 368, 211, 118, 127, 122, 44, 18, 16
201, 380, 300, 66, 68, 8, 1, 0, 148, 536, 225, 50, 50, 14, 1, 0, 475, 410, 61, 52, 25, 1, 0, 0
32, 992, 0, 0, 0, 0, 0, 0, 573, 451, 0, 0, 0, 0, 0, 0, 1021, 3, 0, 0, 0, 0, 0, 0
94, 575, 3, 0, 0, 0, 0, 0, 273, 399, 0, 0, 0, 0, 0, 0, 550, 122, 0, 0, 0, 0, 0, 0
917, 107, 0, 0, 0, 0, 0, 0, 416, 608, 0, 0, 0, 0, 0, 0, 1024, 0, 0, 0, 0, 0, 0, 0
875, 149, 0, 0, 0, 0, 0, 0, 340, 684, 0, 0, 0, 0, 0, 0, 1016, 8, 0, 0, 0, 0, 0, 0
831, 193, 0, 0, 0, 0, 0, 0, 94, 930, 0, 0, 0, 0, 0, 0, 1024, 0, 0, 0, 0, 0, 0, 0
685, 336, 3, 0, 0, 0, 0, 0, 256, 764, 4, 0, 0, 0, 0, 0, 1005, 17, 2, 0, 0, 0, 0, 0
290, 601, 56, 17, 9, 4, 10, 37, 135, 819, 16, 9, 5, 4, 5, 31, 832, 121, 14, 11, 3, 6, 6, 31
17, 134, 422, 221, 103, 60, 29, 38, 24, 443, 350, 103, 55, 24, 20, 5, 130, 649, 149, 57, 25, 11, 3, 0
0, 8, 103, 259, 298, 114, 90, 152, 1, 89, 347, 293, 122, 74, 85, 13, 42, 314, 401, 125, 108, 26, 2, 6
0, 35, 544, 389, 18, 12, 10, 16, 9, 260, 694, 18, 18, 7, 11, 7, 120, 807, 53, 16, 12, 9, 7, 0
34, 173, 117, 545, 115, 33, 3, 4, 11, 278, 568, 127, 28, 7, 2, 3, 175, 587, 219, 31, 7, 2, 3, 0
21, 558, 302, 108, 20, 12, 1, 2, 12, 69, 888, 51, 2, 0, 2, 0, 45, 215, 759, 3, 1, 1, 0, 0
42, 959, 23, 0, 0, 0, 0, 0, 0, 134, 890, 0, 0, 0, 0, 0, 1, 180, 843, 0, 0, 0, 0, 0
22, 781, 165, 19, 6, 8, 10, 13, 0, 251, 702, 30, 8, 8, 13, 12, 6, 302, 663, 20, 13, 4, 9, 7
23, 677, 197, 23, 38, 33, 20, 13, 5, 111, 769, 34, 36, 31, 20, 18, 9, 214, 686, 44, 33, 14, 15, 9
52, 690, 99, 79, 36, 25, 15, 28, 7, 390, 460, 66, 35, 25, 13, 28, 21, 543, 359, 33, 22, 12, 23, 11
133, 808, 58, 11, 9, 3, 1, 1, 26, 427, 539, 14, 7, 7, 2, 2, 119, 468, 410, 12, 6, 7, 1, 1
259, 755, 10, 0, 0, 0, 0, 0, 103, 364, 557, 0, 0, 0, 0, 0, 232, 278, 514, 0, 0, 0, 0, 0
176, 368, 37, 27, 30, 19, 12, 3, 74, 227, 272, 25, 22, 31, 13, 8, 193, 165, 230, 25, 34, 18, 7, 0
940, 84, 0, 0, 0, 0, 0, 0, 393, 631, 0, 0, 0, 0, 0, 0, 1024, 0, 0, 0, 0, 0, 0, 0
889, 135, 0, 0, 0, 0, 0, 0, 274, 750, 0, 0, 0, 0, 0, 0, 1019, 5, 0, 0, 0, 0, 0, 0
914, 110, 0, 0, 0, 0, 0, 0, 156, 868, 0, 0, 0, 0, 0, 0, 1024, 0, 0, 0, 0, 0, 0, 0
987, 37, 0, 0, 0, 0, 0, 0, 415, 609, 0, 0, 0, 0, 0, 0, 1024, 0, 0, 0, 0, 0, 0, 0
674, 230, 98, 9, 8, 2, 2, 1, 340, 657, 16, 9, 2, 0, 0, 0, 839, 165, 11, 9, 0, 0, 0, 0
0, 354, 574, 54, 30, 5, 4, 3, 6, 843, 119, 51, 5, 0, 0, 0, 232, 719, 41, 32, 0, 0, 0, 0
0, 146, 492, 320, 50, 7, 6, 3, 4, 480, 413, 99, 19, 6, 3, 0, 154, 587, 245, 30, 5, 3, 0, 0
0, 230, 580, 53, 49, 42, 40, 30, 8, 595, 309, 54, 48, 6, 4, 0, 164, 675, 89, 84, 11, 1, 0, 0
72, 416, 225, 139, 69, 69, 28, 6, 92, 504, 175, 117, 62, 50, 17, 7, 425, 316, 127, 85, 44, 21, 6, 0
4, 279, 522, 214, 5, 0, 0, 0, 0, 48, 620, 324, 32, 0, 0, 0, 3, 92, 746, 182, 1, 0, 0, 0
24, 806, 194, 0, 0, 0, 0, 0, 0, 166, 762, 96, 0, 0, 0, 0, 0, 220, 762, 42, 0, 0, 0, 0
22, 730, 245, 22, 2, 2, 1, 0, 0, 263, 632, 118, 8, 2, 0, 1, 0, 233, 694, 91, 4, 1, 1, 0
8, 559, 408, 45, 4, 0, 0, 0, 2, 14, 810, 182, 16, 0, 0, 0, 6, 30, 905, 81, 2, 0, 0, 0
13, 719, 237, 36, 9, 6, 2, 2, 0, 117, 746, 131, 23, 6, 0, 1, 5, 151, 810, 54, 3, 1, 0, 0
23, 771, 137, 66, 17, 7, 3, 0, 5, 206, 692, 77, 38, 6, 0, 0, 9, 291, 648, 57, 19, 0, 0, 0
67, 883, 65, 3, 6, 0, 0, 0, 52, 232, 706, 28, 5, 1, 0, 0, 80, 221, 700, 17, 6, 0, 0, 0
52, 436, 49, 18, 22, 40, 45, 10, 31, 106, 379, 30, 18, 32, 48, 28, 53, 107, 366, 33, 31, 38, 38, 6
983, 41, 0, 0, 0, 0, 0, 0, 442, 582, 0, 0, 0, 0, 0, 0, 1021, 3, 0, 0, 0, 0, 0, 0
884, 140, 0, 0, 0, 0, 0, 0, 68, 956, 0, 0, 0, 0, 0, 0, 1023, 1, 0, 0, 0, 0, 0, 0
844, 180, 0, 0, 0, 0, 0, 0, 386, 638, 0, 0, 0, 0, 0, 0, 1008, 16, 0, 0, 0, 0, 0, 0
604, 311, 31, 19, 14, 11, 6, 28, 396, 546, 19, 17, 8, 7, 13, 18, 883, 74, 12, 15, 6, 9, 8, 17
253, 345, 285, 41, 20, 14, 19, 47, 135, 797, 58, 32, 2, 0, 0, 0, 540, 395, 23, 28, 18, 11, 9, 0
0, 171, 657, 121, 11, 1, 11, 52, 46, 806, 142, 30, 0, 0, 0, 0, 69, 850, 43, 13, 30, 19, 0, 0
0, 0, 4, 535, 392, 29, 20, 44, 0, 0, 280, 715, 26, 3, 0, 0, 0, 50, 901, 28, 18, 18, 5, 4
0, 0, 31, 280, 396, 129, 92, 96, 0, 8, 297, 434, 129, 62, 45, 49, 0, 64, 497, 236, 111, 53, 38, 25
0, 0, 23, 406, 233, 145, 109, 108, 0, 3, 255, 396, 172, 80, 34, 84, 0, 92, 469, 211, 110, 46, 41, 55
5, 132, 187, 330, 229, 59, 36, 46, 39, 142, 266, 399, 97, 48, 28, 5, 97, 255, 378, 241, 43, 9, 1, 0
33, 79, 319, 237, 100, 30, 23, 203, 32, 67, 127, 416, 130, 27, 25, 200, 81, 89, 245, 369, 25, 32, 21, 162
8, 91, 295, 174, 67, 70, 52, 267, 9, 53, 230, 261, 89, 74, 64, 244, 46, 115, 371, 134, 92, 76, 109, 81
19, 83, 153, 288, 126, 100, 88, 167, 20, 84, 134, 322, 120, 99, 79, 166, 88, 207, 319, 106, 141, 129, 34, 0
2, 93, 168, 287, 166, 109, 98, 101, 3, 94, 159, 289, 176, 117, 96, 90, 82, 210, 292, 174, 149, 66, 41, 10
139, 419, 184, 123, 37, 23, 36, 63, 109, 504, 216, 58, 41, 49, 12, 35, 295, 505, 84, 66, 39, 23, 10, 2
122, 896, 1, 1, 3, 1, 0, 0, 510, 508, 1, 1, 3, 1, 0, 0, 972, 46, 1, 1, 3, 1, 0, 0
25, 614, 7, 6, 12, 8, 0, 0, 350, 289, 9, 5, 12, 7, 0, 0, 635, 7, 7, 11, 12, 0, 0, 0
857, 167, 0, 0, 0, 0, 0, 0, 219, 805, 0, 0, 0, 0, 0, 0, 1009, 15, 0, 0, 0, 0, 0, 0
967, 57, 0, 0, 0, 0, 0, 0, 123, 901, 0, 0, 0, 0, 0, 0, 1018, 6, 0, 0, 0, 0, 0, 0
904, 120, 0, 0, 0, 0, 0, 0, 549, 475, 0, 0, 0, 0, 0, 0, 1010, 14, 0, 0, 0, 0, 0, 0
621, 289, 40, 17, 7, 7, 5, 38, 307, 649, 19, 6, 5, 4, 3, 31, 852, 107, 9, 11, 5, 3, 4, 33
52, 288, 636, 24, 9, 4, 8, 3, 28, 873, 116, 7, 0, 0, 0, 0, 264, 734, 18, 7, 1, 0, 0, 0
0, 195, 463, 84, 53, 78, 102, 49, 0, 614, 154, 62, 122, 68, 4, 0, 127, 608, 82, 160, 44, 3, 0, 0
0, 0, 12, 118, 226, 161, 150, 357, 4, 24, 144, 272, 232, 90, 66, 192, 12, 129, 281, 251, 129, 76, 79, 67
0, 2, 37, 245, 191, 45, 54, 450, 2, 41, 256, 144, 72, 78, 120, 311, 11, 161, 240, 113, 131, 132, 65, 171
0, 15, 74, 253, 134, 100, 150, 298, 8, 75, 278, 135, 151, 113, 47, 217, 30, 220, 219, 235, 62, 71, 121, 66
0, 151, 209, 249, 242, 137, 17, 19, 46, 311, 360, 154, 97, 40, 13, 3, 207, 411, 242, 95, 58, 10, 1, 0
2, 104, 68, 324, 209, 38, 21, 258, 2, 101, 70, 359, 184, 35, 19, 254, 72, 153, 323, 171, 44, 38, 41, 182
0, 20, 109, 212, 96, 75, 59, 453, 7, 34, 126, 202, 95, 80, 70, 410, 40, 157, 198, 112, 78, 66, 102, 271
1, 81, 223, 67, 36, 69, 125, 422, 11, 85, 233, 67, 38, 88, 148, 354, 76, 254, 83, 76, 145, 163, 102, 125
8, 103, 115, 184, 118, 125, 117, 254, 8, 97, 145, 174, 118, 116, 134, 232, 88, 189, 221, 142, 120, 147, 56, 61
46, 314, 287, 171, 68, 37, 42, 59, 47, 310, 369, 127, 54, 38, 40, 39, 162, 467, 228, 69, 54, 34, 7, 3
159, 860, 5, 0, 0, 0, 0, 0, 226, 798, 0, 0, 0, 0, 0, 0, 948, 76, 0, 0, 0, 0, 0, 0
0, 672, 0, 0, 0, 0, 0, 0, 155, 517, 0, 0, 0, 0, 0, 0, 665, 7, 0, 0, 0, 0, 0, 0
889, 135, 0, 0, 0, 0, 0, 0, 87, 937, 0, 0, 0, 0, 0, 0, 1024, 0, 0, 0, 0, 0, 0, 0
792, 230, 2, 0, 0, 0, 0, 0, 163, 861, 0, 0, 0, 0, 0, 0, 974, 50, 0, 0, 0, 0, 0, 0
942, 76, 4, 2, 0, 0, 0, 0, 391, 627, 5, 1, 0, 0, 0, 0, 1000, 21, 3, 0, 0, 0, 0, 0
589, 244, 124, 65, 2, 0, 0, 0, 365, 522, 130, 7, 0, 0, 0, 0, 785, 211, 28, 0, 0, 0, 0, 0
3, 70, 149, 154, 118, 99, 116, 315, 20, 150, 236, 127, 106, 111, 104, 170, 96, 298, 157, 116, 120, 95, 91, 51
0, 0, 14, 167, 102, 109, 138, 494, 0, 7, 205, 120, 141, 157, 173, 221, 6, 187, 162, 177, 194, 117, 129, 52
0, 0, 244, 368, 165, 86, 52, 109, 0, 102, 531, 183, 65, 37, 40, 66, 39, 497, 289, 57, 38, 49, 46, 9
0, 2, 473, 163, 45, 33, 25, 283, 2, 170, 495, 27, 29, 23, 10, 268, 62, 586, 44, 28, 23, 13, 96, 172
0, 88, 127, 127, 60, 34, 20, 568, 22, 172, 158, 49, 34, 15, 20, 554, 89, 173, 111, 45, 26, 18, 318, 244
30, 169, 167, 223, 260, 106, 59, 10, 69, 252, 299, 130, 157, 87, 25, 5, 179, 291, 238, 160, 121, 30, 5, 0
0, 69, 369, 210, 148, 41, 45, 142, 2, 73, 376, 226, 124, 39, 36, 148, 56, 433, 190, 111, 50, 70, 60, 54
6, 16, 220, 146, 62, 65, 65, 444, 7, 29, 215, 132, 79, 63, 55, 444, 36, 214, 139, 91, 60, 57, 125, 302
7, 176, 223, 55, 41, 23, 96, 403, 10, 130, 259, 62, 34, 22, 50, 457, 74, 315, 72, 35, 24, 52, 100, 352
12, 140, 93, 58, 78, 103, 93, 447, 16, 103, 134, 67, 78, 111, 106, 409, 98, 151, 75, 95, 129, 110, 72, 294
2, 118, 224, 269, 127, 154, 25, 105, 2, 141, 264, 223, 121, 158, 43, 72, 43, 263, 297, 134, 171, 55, 33, 28
217, 740, 53, 13, 1, 0, 0, 0, 53, 945, 12, 14, 0, 0, 0, 0, 824, 183, 15, 2, 0, 0, 0, 0
0, 669, 3, 0, 0, 0, 0, 0, 22, 650, 0, 0, 0, 0, 0, 0, 609, 63, 0, 0, 0, 0, 0, 0
940, 84, 0, 0, 0, 0, 0, 0, 76, 941, 7, 0, 0, 0, 0, 0, 979, 45, 0, 0, 0, 0, 0, 0
686, 330, 8, 0, 0, 0, 0, 0, 171, 840, 13, 0, 0, 0, 0, 0, 938, 86, 0, 0, 0, 0, 0, 0
588, 320, 48, 20, 18, 16, 2, 12, 171, 742, 49, 26, 13, 9, 6, 8, 756, 179, 44, 17, 11, 8, 3, 6
643, 368, 4, 7, 2, 0, 0, 0, 29, 982, 6, 6, 1, 0, 0, 0, 981, 33, 7, 3, 0, 0, 0, 0
0, 256, 129, 56, 30, 19, 14, 520, 0, 302, 146, 37, 9, 13, 11, 506, 130, 273, 67, 18, 10, 18, 79, 429
0, 0, 0, 7, 11, 7, 30, 969, 0, 0, 11, 12, 15, 126, 226, 634, 0, 6, 15, 56, 191, 278, 309, 169
0, 0, 4, 254, 227, 191, 189, 159, 0, 3, 284, 283, 231, 98, 56, 69, 2, 198, 405, 231, 80, 55, 42, 11
0, 0, 213, 279, 57, 39, 26, 410, 0, 49, 458, 59, 30, 23, 71, 334, 21, 482, 56, 37, 55, 47, 102, 224
0, 64, 202, 47, 27, 9, 16, 659, 39, 249, 34, 19, 10, 14, 14, 645, 144, 166, 24, 13, 13, 19, 222, 423
85, 432, 334, 94, 42, 15, 11, 11, 87, 658, 168, 64, 23, 11, 11, 2, 462, 377, 119, 40, 18, 6, 2, 0
3, 500, 110, 77, 100, 43, 47, 144, 20, 544, 59, 75, 103, 32, 44, 147, 406, 174, 99, 107, 39, 38, 41, 120
3, 355, 38, 76, 15, 17, 50, 470, 43, 338, 19, 78, 13, 24, 45, 464, 238, 133, 76, 36, 24, 32, 52, 433
7, 257, 46, 24, 14, 14, 34, 628, 76, 198, 39, 25, 13, 12, 25, 636, 140, 131, 49, 19, 12, 18, 23, 632
17, 166, 94, 60, 21, 15, 89, 562, 44, 157, 86, 55, 19, 17, 32, 614, 96, 164, 59, 36, 16, 29, 78, 546
9, 63, 185, 107, 56, 206, 231, 167, 23, 59, 206, 84, 52, 169, 245, 186, 18, 153, 176, 65, 134, 236, 152, 90
10, 571, 102, 36, 84, 190, 31, 0, 33, 629, 24, 36, 59, 164, 79, 0, 420, 255, 40, 42, 82, 164, 21, 0
0, 584, 88, 0, 0, 0, 0, 0, 45, 602, 25, 0, 0, 0, 0, 0, 505, 161, 6, 0, 0, 0, 0, 0
969, 55, 0, 0, 0, 0, 0, 0, 139, 885, 0, 0, 0, 0, 0, 0, 1024, 0, 0, 0, 0, 0, 0, 0
922, 102, 0, 0, 0, 0, 0, 0, 300, 724, 0, 0, 0, 0, 0, 0, 1022, 2, 0, 0, 0, 0, 0, 0
934, 90, 0, 0, 0, 0, 0, 0, 432, 591, 1, 0, 0, 0, 0, 0, 1004, 20, 0, 0, 0, 0, 0, 0
183, 265, 193, 105, 101, 52, 36, 89, 67, 442, 252, 106, 42, 22, 47, 46, 396, 353, 124, 45, 37, 43, 24, 2
0, 78, 91, 52, 31, 97, 150, 525, 0, 101, 124, 83, 146, 148, 131, 291, 18, 163, 144, 187, 145, 99, 68, 200
0, 2, 177, 115, 76, 119, 173, 362, 0, 111, 186, 129, 184, 156, 165, 93, 32, 254, 168, 241, 194, 78, 45, 12
0, 0, 121, 382, 168, 195, 118, 40, 0, 68, 434, 294, 163, 28, 24, 13, 23, 376, 422, 143, 32, 21, 7, 0
0, 0, 225, 105, 77, 39, 32, 546, 0, 56, 315, 52, 30, 24, 28, 519, 15, 348, 49, 34, 24, 23, 30, 501
2, 40, 192, 82, 60, 42, 26, 580, 36, 220, 70, 53, 43, 28, 51, 523, 135, 174, 64, 56, 38, 95, 146, 316
168, 320, 139, 109, 161, 96, 20, 11, 141, 429, 122, 87, 127, 96, 19, 3, 410, 223, 113, 91, 151, 29, 5, 2
2, 909, 71, 34, 7, 1, 0, 0, 170, 755, 57, 32, 9, 1, 0, 0, 824, 122, 48, 24, 5, 1, 0, 0
0, 974, 50, 0, 0, 0, 0, 0, 153, 871, 0, 0, 0, 0, 0, 0, 915, 109, 0, 0, 0, 0, 0, 0
0, 964, 60, 0, 0, 0, 0, 0, 371, 653, 0, 0, 0, 0, 0, 0, 983, 41, 0, 0, 0, 0, 0, 0
0, 976, 48, 0, 0, 0, 0, 0, 378, 646, 0, 0, 0, 0, 0, 0, 1008, 16, 0, 0, 0, 0, 0, 0
0, 892, 132, 0, 0, 0, 0, 0, 129, 895, 0, 0, 0, 0, 0, 0, 886, 138, 0, 0, 0, 0, 0, 0
1, 778, 183, 6, 13, 38, 5, 0, 47, 910, 8, 3, 12, 34, 10, 0, 678, 283, 4, 6, 9, 37, 7, 0
0, 627, 45, 0, 0, 0, 0, 0, 23, 646, 3, 0, 0, 0, 0, 0, 566, 106, 0, 0, 0, 0, 0, 0
