0, 0, 76, 185, 573, 190, 0, 0, 72, 33, 394, 415, 110, 0, 0, 0, 98, 400, 385, 141, 0, 0, 0, 0
0, 0, 661, 348, 4, 2, 2, 7, 999, 9, 5, 2, 2, 1, 4, 2, 1008, 3, 4, 2, 0, 3, 4, 0
0, 0, 287, 737, 0, 0, 0, 0, 1024, 0, 0, 0, 0, 0, 0, 0, 1024, 0, 0, 0, 0, 0, 0, 0
0, 0, 226, 798, 0, 0, 0, 0, 1022, 2, 0, 0, 0, 0, 0, 0, 1024, 0, 0, 0, 0, 0, 0, 0
0, 1, 691, 19, 15, 241, 57, 0, 695, 17, 17, 295, 0, 0, 0, 0, 950, 74, 0, 0, 0, 0, 0, 0
0, 1, 314, 215, 156, 330, 7, 1, 508, 64, 279, 170, 2, 1, 0, 0, 996, 26, 1, 1, 0, 0, 0, 0
0, 0, 38, 161, 243, 411, 84, 87, 125, 80, 273, 394, 44, 67, 41, 0, 431, 456, 74, 63, 0, 0, 0, 0
0, 0, 0, 8, 53, 272, 217, 474, 0, 11, 61, 249, 146, 342, 194, 21, 92, 323, 257, 319, 33, 0, 0, 0
0, 13, 13, 31, 71, 263, 584, 49, 26, 50, 82, 196, 501, 165, 2, 2, 146, 385, 447, 31, 10, 2, 3, 0
12, 119, 83, 141, 319, 239, 81, 30, 176, 147, 259, 280, 118, 15, 9, 20, 541, 353, 83, 11, 6, 4, 10, 16
3, 152, 236, 188, 133, 161, 99, 52, 316, 255, 155, 183, 52, 55, 8, 0, 708, 196, 75, 42, 3, 0, 0, 0
0, 0, 113, 330, 170, 374, 37, 0, 103, 362, 320, 236, 3, 0, 0, 0, 579, 443, 2, 0, 0, 0, 0, 0
0, 0, 9, 13, 93, 909, 0, 0, 11, 25, 742, 246, 0, 0, 0, 0, 114, 910, 0, 0, 0, 0, 0, 0
0, 174, 368, 90, 175, 217, 0, 0, 563, 104, 357, 0, 0, 0, 0, 0, 772, 252, 0, 0, 0, 0, 0, 0
0, 0, 233, 694, 87, 10, 0, 0, 40, 893, 91, 0, 0, 0, 0, 0, 1024, 0, 0, 0, 0, 0, 0, 0
0, 0, 0, 1, 370, 547, 106, 0, 0, 0, 227, 183, 611, 3, 0, 0, 0, 325, 61, 623, 15, 0, 0, 0
0, 0, 13, 932, 65, 3, 2, 9, 885, 61, 38, 29, 3, 3, 4, 1, 946, 65, 2, 3, 3, 4, 1, 0
0, 0, 0, 1014, 1, 1, 1, 7, 874, 140, 1, 0, 2, 3, 4, 0, 1014, 1, 1, 1, 3, 4, 0, 0
0, 0, 4, 1000, 7, 3, 5, 5, 899, 110, 3, 4, 5, 1, 1, 1, 1009, 2, 4, 4, 3, 1, 1, 0
0, 0, 284, 740, 0, 0, 0, 0, 1024, 0, 0, 0, 0, 0, 0, 0, 1024, 0, 0, 0, 0, 0, 0, 0
0, 0, 145, 470, 59, 328, 17, 5, 603, 47, 177, 187, 5, 1, 3, 1, 975, 39, 5, 1, 3, 1, 0, 0
0, 0, 30, 144, 217, 541, 84, 8, 203, 94, 175, 535, 13, 4, 0, 0, 508, 485, 26, 3, 2, 0, 0, 0
0, 0, 1, 4, 16, 381, 483, 139, 0, 6, 7, 368, 344, 244, 36, 19, 18, 478, 429, 89, 10, 0, 0, 0
0, 0, 0, 13, 111, 174, 642, 84, 0, 79, 129, 107, 368, 326, 12, 3, 213, 178, 535, 70, 14, 8, 4, 2
0, 25, 69, 209, 300, 286, 116, 19, 78, 276, 285, 224, 130, 28, 3, 0, 582, 311, 97, 29, 3, 2, 0, 0
0, 3, 80, 108, 84, 510, 188, 51, 56, 149, 186, 480, 112, 20, 21, 0, 425, 494, 71, 31, 3, 0, 0, 0
0, 60, 114, 400, 95, 272, 80, 3, 174, 330, 224, 291, 2, 2, 1, 0, 422, 589, 10, 3, 0, 0, 0, 0
0, 0, 29, 34, 24, 675, 262, 0, 44, 19, 37, 924, 0, 0, 0, 0, 63, 789, 172, 0, 0, 0, 0, 0
0, 73, 245, 147, 120, 418, 21, 0, 422, 66, 294, 242, 0, 0, 0, 0, 483, 531, 10, 0, 0, 0, 0, 0
0, 24, 118, 706, 62, 114, 0, 0, 118, 759, 85, 62, 0, 0, 0, 0, 1012, 12, 0, 0, 0, 0, 0, 0
0, 0, 0, 0, 180, 405, 439, 0, 0, 0, 0, 195, 493, 336, 0, 0, 0, 106, 91, 554, 273, 0, 0, 0
0, 0, 2, 787, 162, 65, 2, 6, 573, 222, 25, 195, 3, 2, 1, 3, 793, 87, 133, 5, 2, 1, 3, 0
0, 0, 2, 971, 41, 0, 2, 8, 706, 301, 6, 1, 1, 1, 5, 3, 1007, 6, 1, 2, 0, 5, 3, 0
0, 0, 4, 984, 19, 7, 4, 6, 664, 341, 5, 5, 3, 4, 2, 0, 1004, 5, 6, 3, 4, 2, 0, 0
0, 0, 130, 849, 33, 1, 6, 5, 1000, 12, 0, 5, 4, 3, 0, 0, 1009, 3, 2, 7, 1, 2, 0, 0
0, 0, 11, 661, 74, 224, 46, 8, 691, 31, 109, 179, 6, 2, 5, 1, 962, 45, 8, 1, 4, 3, 1, 0
0, 1, 25, 224, 235, 449, 52, 38, 288, 87, 105, 492, 20, 12, 17, 3, 526, 472, 26, 0, 0, 0, 0, 0
0, 1, 10, 43, 68, 455, 158, 289, 18, 43, 60, 432, 131, 159, 176, 5, 135, 493, 132, 189, 75, 0, 0, 0
0, 0, 4, 81, 199, 383, 271, 86, 7, 110, 212, 318, 243, 112, 21, 1, 388, 386, 180, 50, 19, 0, 1, 0
0, 4, 7, 119, 365, 278, 142, 109, 32, 180, 383, 213, 125, 84, 6, 1, 587, 341, 81, 12, 3, 0, 0, 0
0, 12, 16, 74, 239, 311, 315, 57, 42, 159, 261, 307, 227, 28, 0, 0, 577, 316, 100, 29, 2, 0, 0, 0
0, 52, 50, 267, 241, 182, 223, 9, 94, 141, 407, 335, 35, 12, 0, 0, 302, 496, 201, 23, 2, 0, 0, 0
0, 0, 0, 21, 118, 112, 773, 0, 22, 100, 36, 692, 174, 0, 0, 0, 128, 100, 796, 0, 0, 0, 0, 0
0, 0, 0, 293, 118, 461, 152, 0, 221, 142, 73, 552, 36, 0, 0, 0, 370, 365, 289, 0, 0, 0, 0, 0
0, 0, 147, 337, 379, 160, 1, 0, 141, 394, 334, 155, 0, 0, 0, 0, 940, 84, 0, 0, 0, 0, 0, 0
0, 0, 0, 0, 25, 367, 632, 0, 0, 0, 0, 40, 282, 702, 0, 0, 0, 0, 40, 155, 829, 0, 0, 0
0, 0, 0, 608, 151, 265, 0, 0, 283, 382, 15, 339, 5, 0, 0, 0, 667, 18, 334, 5, 0, 0, 0, 0
0, 0, 2, 969, 44, 2, 2, 5, 393, 620, 4, 1, 1, 4, 1, 0, 1013, 4, 1, 1, 5, 0, 0, 0
0, 0, 46, 896, 62, 6, 6, 8, 281, 651, 68, 10, 7, 5, 2, 0, 982, 22, 7, 6, 5, 2, 0, 0
0, 1, 84, 655, 195, 79, 7, 3, 619, 121, 102, 97, 82, 3, 0, 0, 906, 105, 7, 3, 3, 0, 0, 0
0, 0, 0, 421, 396, 178, 24, 5, 688, 123, 34, 145, 21, 10, 3, 0, 965, 39, 14, 4, 2, 0, 0, 0
0, 0, 0, 161, 315, 531, 14, 3, 266, 175, 147, 433, 0, 0, 3, 0, 650, 371, 0, 0, 2, 1, 0, 0
0, 0, 0, 0, 0, 385, 438, 201, 0, 0, 0, 265, 381, 306, 72, 0, 0, 594, 302, 128, 0, 0, 0, 0
0, 0, 0, 12, 33, 126, 288, 565, 5, 17, 60, 97, 148, 429, 254, 14, 133, 125, 300, 369, 81, 13, 3, 0
0, 1, 24, 70, 261, 394, 215, 59, 25, 69, 328, 321, 204, 68, 9, 0, 408, 357, 196, 62, 0, 1, 0, 0
5, 172, 144, 250, 243, 175, 35, 0, 287, 310, 258, 120, 41, 8, 0, 0, 746, 186, 40, 36, 14, 2, 0, 0
7, 129, 97, 140, 376, 40, 235, 0, 197, 153, 405, 186, 83, 0, 0, 0, 382, 356, 284, 1, 1, 0, 0, 0
0, 0, 0, 0, 104, 187, 733, 0, 0, 89, 51, 252, 632, 0, 0, 0, 95, 77, 849, 3, 0, 0, 0, 0
0, 0, 0, 9, 192, 402, 416, 5, 0, 144, 125, 549, 196, 10, 0, 0, 158, 171, 662, 26, 7, 0, 0, 0
0, 0, 0, 250, 529, 164, 78, 3, 1, 274, 504, 207, 32, 6, 0, 0, 692, 295, 21, 7, 9, 0, 0, 0
0, 0, 0, 0, 0, 236, 788, 0, 0, 0, 0, 0, 169, 855, 0, 0, 0, 0, 0, 99, 925, 0, 0, 0
0, 0, 0, 451, 98, 422, 44, 9, 82, 423, 24, 370, 67, 52, 4, 2, 508, 24, 367, 69, 50, 4, 2, 0
0, 0, 22, 982, 8, 4, 3, 5, 205, 805, 3, 3, 2, 1, 3, 2, 1009, 5, 1, 3, 1, 1, 4, 0
0, 0, 416, 443, 69, 44, 35, 17, 249, 572, 59, 64, 40, 24, 8, 8, 906, 66, 29, 11, 6, 5, 1, 0
0, 0, 0, 34, 127, 582, 232, 49, 0, 4, 36, 141, 492, 282, 58, 11, 166, 641, 163, 47, 6, 1, 0, 0
0, 0, 3, 207, 170, 274, 338, 32, 121, 158, 67, 130, 212, 278, 49, 9, 389, 380, 222, 27, 2, 4, 0, 0
0, 0, 0, 66, 300, 512, 114, 32, 85, 278, 199, 422, 29, 8, 3, 0, 759, 245, 14, 3, 3, 0, 0, 0
0, 0, 0, 0, 14, 361, 427, 222, 0, 0, 2, 272, 398, 212, 109, 31, 16, 603, 264, 113, 28, 0, 0, 0
0, 0, 1, 58, 107, 181, 452, 225, 5, 96, 65, 132, 360, 270, 84, 12, 178, 376, 308, 141, 14, 2, 3, 2
0, 0, 1, 98, 340, 237, 285, 63, 9, 353, 164, 160, 247, 87, 4, 0, 474, 239, 239, 60, 9, 3, 0, 0
0, 124, 330, 259, 184, 95, 30, 2, 368, 387, 94, 80, 83, 10, 2, 0, 736, 95, 81, 78, 29, 5, 0, 0
0, 42, 183, 123, 342, 103, 207, 24, 210, 126, 186, 307, 162, 12, 7, 14, 387, 110, 442, 50, 13, 9, 9, 4
0, 0, 0, 0, 17, 185, 760, 62, 0, 0, 17, 190, 736, 28, 37, 16, 5, 27, 738, 177, 28, 28, 21, 0
0, 0, 0, 0, 21, 335, 553, 115, 0, 5, 59, 290, 504, 99, 52, 15, 27, 70, 541, 237, 79, 54, 16, 0
0, 0, 0, 104, 550, 108, 211, 51, 3, 97, 532, 219, 87, 77, 9, 0, 401, 427, 90, 41, 44, 21, 0, 0
0, 0, 0, 0, 0, 168, 856, 0, 0, 0, 0, 0, 145, 878, 1, 0, 0, 0, 0, 88, 906, 30, 0, 0
0, 0, 0, 320, 100, 442, 162, 0, 28, 356, 17, 363, 65, 195, 0, 0, 386, 18, 364, 53, 199, 4, 0, 0
0, 0, 28, 843, 153, 0, 0, 0, 157, 867, 0, 0, 0, 0, 0, 0, 1024, 0, 0, 0, 0, 0, 0, 0
0, 0, 197, 539, 97, 111, 61, 19, 148, 494, 122, 117, 93, 48, 2, 0, 814, 151, 50, 5, 4, 0, 0, 0
0, 0, 0, 0, 52, 623, 284, 65, 0, 0, 3, 65, 635, 252, 63, 6, 115, 667, 182, 48, 11, 1, 0, 0
0, 0, 0, 9, 337, 519, 136, 23, 0, 12, 28, 433, 420, 110, 19, 2, 464, 452, 93, 14, 1, 0, 0, 0
0, 0, 13, 150, 529, 301, 23, 8, 188, 422, 192, 198, 19, 4, 1, 0, 904, 94, 16, 8, 2, 0, 0, 0
0, 11, 213, 183, 340, 169, 69, 39, 425, 309, 84, 124, 49, 16, 9, 8, 832, 110, 45, 22, 11, 4, 0, 0
0, 70, 83, 139, 442, 171, 74, 45, 323, 464, 98, 60, 43, 23, 8, 5, 824, 87, 60, 28, 11, 6, 4, 4
0, 0, 7, 14, 469, 157, 372, 5, 2, 419, 171, 91, 70, 271, 0, 0, 541, 114, 47, 314, 5, 3, 0, 0
0, 0, 34, 118, 166, 131, 558, 17, 36, 165, 153, 110, 461, 98, 1, 0, 328, 181, 432, 83, 0, 0, 0, 0
0, 0, 1, 59, 493, 190, 269, 12, 1, 79, 509, 313, 111, 8, 3, 0, 235, 565, 216, 8, 0, 0, 0, 0
0, 0, 0, 2, 126, 133, 763, 0, 11, 89, 52, 173, 699, 0, 0, 0, 114, 54, 856, 0, 0, 0, 0, 0
0, 0, 0, 35, 270, 197, 522, 0, 35, 241, 66, 459, 223, 0, 0, 0, 301, 76, 647, 0, 0, 0, 0, 0
0, 0, 6, 292, 462, 30, 234, 0, 20, 313, 432, 205, 54, 0, 0, 0, 771, 253, 0, 0, 0, 0, 0, 0
0, 0, 0, 0, 0, 159, 865, 0, 0, 0, 0, 0, 116, 908, 0, 0, 0, 0, 0, 73, 916, 35, 0, 0
0, 0, 0, 101, 158, 447, 311, 7, 1, 230, 18, 361, 64, 343, 3, 4, 230, 24, 359, 56, 338, 13, 4, 0
0, 0, 33, 423, 558, 3, 2, 5, 51, 962, 1, 3, 0, 3, 2, 2, 1011, 3, 1, 2, 3, 1, 3, 0
0, 0, 19, 636, 133, 73, 109, 54, 23, 526, 168, 94, 63, 88, 53, 9, 670, 190, 77, 63, 17, 7, 0, 0
0, 0, 0, 9, 46, 299, 557, 113, 0, 1, 33, 55, 333, 480, 88, 34, 54, 357, 464, 93, 31, 19, 6, 0
0, 0, 0, 0, 121, 593, 284, 26, 0, 0, 2, 134, 557, 295, 33, 3, 180, 589, 222, 30, 3, 0, 0, 0
0, 0, 0, 34, 355, 586, 35, 14, 41, 85, 248, 388, 213, 40, 7, 2, 563, 390, 57, 9, 5, 0, 0, 0
0, 0, 0, 0, 106, 364, 545, 9, 26, 179, 27, 238, 484, 69, 1, 0, 316, 258, 442, 8, 0, 0, 0, 0
0, 0, 2, 86, 159, 208, 513, 56, 95, 243, 165, 94, 236, 171, 9, 11, 508, 133, 353, 5, 8, 12, 5, 0
0, 0, 0, 77, 472, 233, 236, 6, 37, 470, 50, 106, 250, 111, 0, 0, 539, 182, 136, 167, 0, 0, 0, 0
0, 2, 94, 251, 181, 239, 244, 13, 78, 243, 199, 202, 267, 34, 1, 0, 509, 274, 199, 40, 2, 0, 0, 0
0, 0, 43, 78, 525, 140, 238, 0, 52, 150, 455, 298, 69, 0, 0, 0, 323, 507, 194, 0, 0, 0, 0, 0
0, 0, 0, 0, 114, 93, 817, 0, 5, 104, 33, 156, 726, 0, 0, 0, 124, 85, 815, 0, 0, 0, 0, 0
0, 0, 0, 103, 268, 136, 517, 0, 117, 243, 49, 449, 166, 0, 0, 0, 378, 110, 536, 0, 0, 0, 0, 0
0, 0, 7, 198, 457, 151, 211, 0, 22, 228, 479, 195, 100, 0, 0, 0, 757, 267, 0, 0, 0, 0, 0, 0
0, 0, 0, 0, 0, 194, 830, 0, 0, 0, 0, 0, 149, 875, 0, 0, 0, 0, 0, 120, 838, 66, 0, 0
0, 0, 0, 45, 92, 437, 448, 2, 0, 113, 19, 359, 52, 471, 10, 0, 121, 18, 358, 51, 447, 29, 0, 0
0, 0, 26, 399, 575, 8, 3, 13, 21, 961, 18, 4, 6, 4, 4, 6, 982, 18, 6, 1, 5, 6, 4, 2
0, 0, 45, 629, 166, 67, 68, 49, 13, 382, 318, 143, 57, 59, 44, 8, 674, 222, 72, 45, 8, 3, 0, 0
0, 0, 0, 0, 68, 439, 435, 82, 0, 0, 0, 69, 400, 423, 116, 16, 28, 545, 346, 86, 17, 2, 0, 0
0, 0, 0, 0, 0, 283, 710, 31, 0, 0, 0, 0, 50, 872, 90, 12, 0, 216, 726, 68, 13, 1, 0, 0
0, 0, 0, 20, 44, 736, 199, 25, 0, 17, 33, 156, 528, 251, 37, 2, 53, 621, 294, 51, 5, 0, 0, 0
0, 0, 33, 62, 241, 404, 263, 21, 38, 70, 99, 470, 316, 28, 2, 1, 182, 527, 298, 15, 2, 0, 0, 0
0, 0, 4, 111, 169, 245, 309, 186, 76, 203, 140, 120, 276, 167, 42, 0, 375, 177, 307, 162, 3, 0, 0, 0
0, 0, 0, 60, 601, 119, 216, 28, 3, 545, 134, 56, 208, 57, 18, 3, 635, 72, 98, 192, 23, 4, 0, 0
0, 6, 156, 277, 298, 181, 95, 11, 93, 294, 316, 156, 147, 16, 1, 1, 569, 247, 170, 34, 3, 1, 0, 0
0, 9, 94, 191, 496, 141, 93, 0, 68, 328, 444, 175, 9, 0, 0, 0, 412, 528, 84, 0, 0, 0, 0, 0
0, 0, 101, 85, 204, 419, 215, 0, 118, 424, 207, 159, 116, 0, 0, 0, 187, 350, 487, 0, 0, 0, 0, 0
0, 294, 136, 151, 190, 215, 38, 0, 482, 287, 128, 103, 24, 0, 0, 0, 565, 203, 255, 1, 0, 0, 0, 0
0, 0, 1, 83, 503, 299, 138, 0, 9, 271, 488, 203, 53, 0, 0, 0, 589, 383, 52, 0, 0, 0, 0, 0
0, 0, 0, 0, 0, 195, 829, 0, 0, 0, 0, 0, 140, 884, 0, 0, 0, 0, 0, 188, 688, 148, 0, 0
0, 0, 0, 10, 13, 415, 584, 2, 0, 12, 11, 344, 47, 594, 16, 0, 16, 9, 344, 48, 487, 120, 0, 0
0, 0, 0, 881, 132, 11, 0, 0, 15, 957, 46, 6, 0, 0, 0, 0, 972, 48, 4, 0, 0, 0, 0, 0
0, 0, 274, 540, 113, 29, 44, 24, 141, 574, 151, 66, 32, 34, 11, 15, 887, 71, 35, 11, 6, 10, 4, 0
0, 0, 0, 0, 85, 630, 252, 57, 0, 0, 0, 78, 554, 311, 66, 15, 150, 620, 197, 48, 9, 0, 0, 0
0, 0, 0, 0, 74, 629, 307, 14, 0, 0, 0, 5, 436, 538, 42, 3, 17, 753, 232, 21, 1, 0, 0, 0
0, 0, 0, 4, 227, 670, 112, 11, 0, 51, 95, 165, 565, 146, 2, 0, 201, 656, 152, 15, 0, 0, 0, 0
0, 42, 79, 70, 188, 196, 405, 44, 144, 49, 78, 241, 321, 190, 1, 0, 238, 286, 433, 67, 0, 0, 0, 0
0, 17, 51, 143, 153, 103, 184, 373, 172, 133, 77, 88, 92, 248, 214, 0, 351, 120, 208, 307, 38, 0, 0, 0
0, 0, 6, 99, 490, 78, 264, 87, 33, 514, 81, 51, 237, 97, 11, 0, 620, 136, 157, 109, 1, 1, 0, 0
0, 3, 31, 77, 229, 328, 268, 88, 19, 115, 322, 283, 209, 75, 1, 0, 617, 263, 119, 24, 1, 0, 0, 0
0, 0, 48, 183, 445, 144, 204, 0, 50, 332, 384, 206, 52, 0, 0, 0, 521, 447, 56, 0, 0, 0, 0, 0
0, 0, 0, 24, 96, 91, 813, 0, 6, 121, 115, 231, 551, 0, 0, 0, 158, 149, 717, 0, 0, 0, 0, 0
0, 87, 67, 213, 267, 153, 237, 0, 239, 350, 157, 278, 0, 0, 0, 0, 659, 230, 135, 0, 0, 0, 0, 0
0, 3, 10, 32, 236, 551, 192, 0, 11, 186, 494, 247, 86, 0, 0, 0, 516, 385, 114, 9, 0, 0, 0, 0
0, 0, 0, 0, 0, 159, 811, 54, 0, 0, 0, 0, 115, 887, 22, 0, 0, 0, 0, 254, 694, 76, 0, 0
0, 0, 0, 0, 0, 324, 700, 0, 0, 0, 0, 243, 51, 708, 22, 0, 0, 0, 248, 53, 433, 290, 0, 0
0, 0, 3, 881, 43, 90, 4, 3, 7, 901, 19, 90, 4, 1, 2, 0, 911, 22, 84, 4, 2, 1, 0, 0
0, 0, 253, 655, 92, 14, 1, 9, 118, 754, 125, 11, 6, 3, 3, 4, 885, 121, 8, 2, 2, 4, 2, 0
0, 0, 80, 261, 276, 342, 40, 25, 35, 169, 144, 216, 397, 38, 19, 6, 480, 480, 36, 16, 9, 3, 0, 0
0, 0, 0, 0, 283, 685, 52, 4, 0, 0, 18, 134, 742, 121, 7, 2, 184, 806, 30, 3, 1, 0, 0, 0
0, 0, 0, 27, 298, 614, 75, 10, 1, 42, 77, 448, 395, 52, 9, 0, 316, 631, 66, 8, 3, 0, 0, 0
0, 6, 13, 99, 324, 513, 67, 2, 31, 90, 273, 527, 99, 2, 1, 1, 345, 619, 56, 2, 2, 0, 0, 0
0, 1, 19, 105, 493, 308, 77, 21, 71, 232, 343, 287, 70, 20, 1, 0, 666, 286, 62, 9, 1, 0, 0, 0
0, 0, 11, 103, 413, 163, 261, 73, 45, 410, 181, 93, 185, 97, 13, 0, 700, 128, 98, 91, 7, 0, 0, 0
8, 114, 96, 50, 112, 232, 329, 83, 190, 109, 137, 158, 338, 82, 9, 1, 466, 314, 209, 35, 0, 0, 0, 0
7, 29, 13, 166, 365, 146, 200, 98, 50, 237, 358, 172, 109, 56, 42, 0, 418, 391, 120, 36, 59, 0, 0, 0
0, 0, 0, 3, 50, 159, 809, 3, 0, 52, 27, 727, 217, 1, 0, 0, 88, 306, 614, 16, 0, 0, 0, 0
0, 6, 50, 327, 251, 188, 202, 0, 164, 415, 101, 344, 0, 0, 0, 0, 630, 388, 6, 0, 0, 0, 0, 0
0, 0, 0, 0, 109, 595, 320, 0, 0, 0, 307, 404, 313, 0, 0, 0, 692, 332, 0, 0, 0, 0, 0, 0
0, 0, 0, 0, 0, 147, 680, 197, 0, 0, 0, 0, 113, 767, 112, 32, 0, 0, 0, 265, 742, 17, 0, 0
0, 0, 0, 0, 0, 224, 797, 3, 0, 0, 0, 134, 55, 806, 29, 0, 0, 0, 137, 63, 611, 213, 0, 0
0, 0, 2, 722, 90, 193, 5, 12, 19, 770, 27, 191, 4, 2, 3, 8, 789, 30, 188, 5, 1, 5, 6, 0
0, 0, 3, 951, 62, 2, 2, 4, 27, 947, 42, 2, 2, 3, 1, 0, 964, 52, 2, 2, 3, 1, 0, 0
0, 0, 95, 499, 106, 163, 127, 34, 136, 413, 88, 108, 126, 123, 27, 3, 708, 192, 102, 15, 5, 2, 0, 0
0, 0, 0, 0, 80, 795, 131, 18, 0, 0, 0, 40, 798, 161, 25, 0, 89, 862, 64, 9, 0, 0, 0, 0
0, 0, 2, 96, 333, 557, 29, 7, 34, 124, 95, 285, 454, 29, 3, 0, 419, 562, 33, 8, 2, 0, 0, 0
0, 0, 4, 93, 226, 671, 25, 5, 3, 53, 157, 706, 88, 13, 4, 0, 214, 727, 70, 12, 1, 0, 0, 0
0, 11, 106, 229, 209, 158, 291, 20, 116, 356, 100, 121, 311, 17, 3, 0, 546, 218, 254, 5, 1, 0, 0, 0
9, 248, 154, 130, 128, 93, 207, 55, 402, 178, 122, 75, 159, 70, 13, 5, 686, 127, 152, 34, 15, 3, 5, 2
370, 561, 49, 9, 23, 5, 4, 3, 962, 20, 26, 8, 5, 0, 3, 0, 985, 22, 13, 1, 3, 0, 0, 0
62, 229, 56, 173, 385, 66, 53, 0, 335, 119, 417, 149, 4, 0, 0, 0, 420, 548, 56, 0, 0, 0, 0, 0
0, 0, 0, 12, 593, 160, 259, 0, 2, 18, 243, 736, 25, 0, 0, 0, 26, 717, 281, 0, 0, 0, 0, 0
0, 133, 172, 183, 339, 182, 15, 0, 289, 199, 202, 334, 0, 0, 0, 0, 513, 454, 57, 0, 0, 0, 0, 0
0, 0, 0, 10, 405, 289, 320, 0, 0, 12, 476, 224, 312, 0, 0, 0, 694, 330, 0, 0, 0, 0, 0, 0
0, 0, 0, 0, 0, 134, 547, 343, 0, 0, 0, 0, 120, 632, 147, 125, 0, 0, 0, 263, 696, 65, 0, 0
0, 0, 0, 0, 0, 137, 886, 1, 0, 0, 0, 27, 70, 925, 2, 0, 0, 0, 36, 65, 861, 62, 0, 0
0, 0, 7, 716, 14, 287, 0, 0, 58, 666, 14, 284, 2, 0, 0, 0, 727, 14, 283, 0, 0, 0, 0, 0
0, 0, 119, 871, 24, 3, 3, 4, 142, 822, 40, 13, 1, 2, 2, 2, 997, 19, 1, 1, 2, 2, 2, 0
0, 0, 10, 170, 231, 549, 55, 9, 2, 65, 142, 199, 552, 57, 5, 2, 388, 597, 31, 4, 4, 0, 0, 0
0, 0, 0, 0, 420, 558, 37, 9, 0, 0, 0, 177, 772, 64, 9, 2, 212, 774, 31, 6, 1, 0, 0, 0
0, 0, 39, 301, 255, 398, 27, 4, 198, 236, 105, 316, 144, 23, 2, 0, 725, 262, 32, 3, 1, 1, 0, 0
0, 0, 6, 62, 232, 724, 0, 0, 15, 42, 132, 806, 28, 1, 0, 0, 184, 830, 10, 0, 0, 0, 0, 0
0, 63, 80, 185, 60, 307, 326, 3, 188, 165, 64, 269, 137, 201, 0, 0, 434, 285, 304, 0, 1, 0, 0, 0
0, 215, 157, 97, 88, 127, 236, 104, 312, 188, 92, 128, 102, 171, 31, 0, 629, 164, 219, 11, 1, 0, 0, 0
14, 710, 28, 91, 77, 63, 32, 9, 741, 102, 86, 52, 29, 13, 1, 0, 918, 80, 18, 7, 1, 0, 0, 0
21, 230, 5, 76, 429, 136, 126, 1, 252, 83, 438, 209, 41, 1, 0, 0, 433, 572, 19, 0, 0, 0, 0, 0
0, 0, 0, 28, 314, 241, 441, 0, 0, 45, 141, 507, 331, 0, 0, 0, 80, 803, 141, 0, 0, 0, 0, 0
1, 51, 33, 187, 525, 103, 124, 0, 103, 271, 346, 304, 0, 0, 0, 0, 591, 416, 17, 0, 0, 0, 0, 0
0, 0, 0, 0, 457, 233, 334, 0, 0, 0, 491, 215, 318, 0, 0, 0, 693, 331, 0, 0, 0, 0, 0, 0
0, 0, 0, 0, 0, 105, 463, 456, 0, 0, 0, 0, 96, 534, 217, 177, 0, 0, 0, 253, 713, 58, 0, 0
0, 0, 0, 0, 0, 122, 902, 0, 0, 0, 0, 0, 49, 972, 3, 0, 0, 0, 0, 21, 994, 9, 0, 0
0, 0, 0, 621, 24, 356, 23, 0, 50, 575, 18, 310, 63, 8, 0, 0, 632, 19, 311, 54, 8, 0, 0, 0
0, 0, 33, 849, 98, 15, 9, 20, 195, 592, 161, 36, 11, 8, 10, 11, 959, 32, 8, 9, 10, 6, 0, 0
0, 0, 0, 24, 326, 524, 124, 26, 0, 0, 43, 341, 474, 134, 19, 13, 329, 611, 58, 13, 11, 2, 0, 0
0, 0, 0, 65, 453, 454, 49, 3, 10, 248, 23, 327, 381, 32, 3, 0, 599, 388, 33, 4, 0, 0, 0, 0
0, 0, 17, 440, 128, 381, 55, 3, 421, 120, 166, 307, 7, 0, 1, 2, 909, 108, 4, 0, 2, 1, 0, 0
0, 0, 11, 136, 353, 459, 52, 13, 56, 83, 282, 541, 36, 26, 0, 0, 275, 669, 31, 31, 18, 0, 0, 0
0, 0, 8, 50, 213, 498, 157, 98, 23, 38, 159, 471, 216, 54, 37, 26, 216, 626, 72, 41, 22, 23, 24, 0
0, 27, 94, 58, 154, 374, 280, 37, 87, 87, 134, 302, 334, 62, 17, 1, 316, 520, 87, 53, 36, 12, 0, 0
0, 0, 38, 161, 268, 418, 126, 13, 22, 160, 296, 395, 131, 19, 1, 0, 718, 250, 49, 5, 2, 0, 0, 0
0, 0, 1, 7, 349, 270, 396, 1, 1, 150, 391, 359, 123, 0, 0, 0, 433, 584, 7, 0, 0, 0, 0, 0
0, 0, 0, 0, 46, 88, 890, 0, 0, 58, 65, 200, 701, 0, 0, 0, 124, 818, 82, 0, 0, 0, 0, 0
0, 0, 0, 90, 404, 334, 196, 0, 21, 240, 373, 366, 24, 0, 0, 0, 820, 204, 0, 0, 0, 0, 0, 0
0, 0, 0, 0, 257, 415, 352, 0, 0, 0, 343, 329, 352, 0, 0, 0, 672, 352, 0, 0, 0, 0, 0, 0
0, 0, 0, 0, 0, 95, 372, 557, 0, 0, 0, 0, 94, 434, 227, 269, 0, 0, 0, 292, 680, 52, 0, 0
0, 0, 0, 0, 0, 131, 893, 0, 0, 0, 0, 0, 73, 951, 0, 0, 0, 0, 0, 28, 996, 0, 0, 0
0, 0, 1, 399, 80, 445, 84, 15, 22, 402, 51, 347, 100, 89, 5, 8, 450, 60, 338, 76, 92, 4, 4, 0
0, 0, 11, 363, 255, 201, 135, 59, 37, 274, 232, 197, 163, 75, 24, 22, 524, 286, 131, 49, 21, 6, 7, 0
0, 0, 0, 10, 793, 179, 35, 7, 0, 6, 262, 641, 96, 15, 4, 0, 565, 430, 22, 7, 0, 0, 0, 0
0, 0, 0, 138, 791, 91, 4, 0, 12, 515, 419, 74, 4, 0, 0, 0, 980, 41, 3, 0, 0, 0, 0, 0
0, 0, 22, 438, 181, 251, 119, 13, 426, 114, 105, 300, 59, 10, 5, 5, 747, 225, 36, 10, 5, 1, 0, 0
0, 0, 16, 76, 256, 268, 180, 228, 4, 63, 103, 366, 188, 107, 69, 124, 158, 465, 181, 94, 124, 2, 0, 0
0, 0, 11, 90, 249, 272, 237, 165, 8, 85, 182, 237, 244, 143, 32, 93, 241, 313, 264, 77, 43, 20, 62, 4
2, 158, 121, 288, 242, 135, 59, 19, 180, 215, 290, 151, 131, 46, 8, 3, 536, 309, 99, 36, 35, 5, 3, 1
0, 35, 115, 325, 331, 191, 20, 7, 83, 255, 368, 272, 37, 7, 2, 0, 692, 273, 49, 8, 2, 0, 0, 0
0, 0, 7, 16, 311, 365, 325, 0, 3, 111, 375, 408, 127, 0, 0, 0, 550, 470, 4, 0, 0, 0, 0, 0
0, 0, 0, 4, 88, 80, 852, 0, 0, 72, 63, 433, 456, 0, 0, 0, 290, 734, 0, 0, 0, 0, 0, 0
0, 0, 0, 91, 221, 664, 48, 0, 12, 189, 251, 571, 1, 0, 0, 0, 974, 50, 0, 0, 0, 0, 0, 0
0, 0, 0, 0, 273, 399, 352, 0, 0, 0, 306, 386, 332, 0, 0, 0, 686, 338, 0, 0, 0, 0, 0, 0
0, 0, 0, 0, 0, 101, 301, 622, 0, 0, 0, 0, 110, 325, 206, 383, 0, 0, 0, 364, 629, 31, 0, 0
0, 0, 0, 0, 0, 166, 858, 0, 0, 0, 0, 0, 128, 896, 0, 0, 0, 0, 0, 87, 937, 0, 0, 0
0, 0, 11, 395, 51, 463, 104, 0, 36, 359, 56, 321, 132, 120, 0, 0, 424, 48, 311, 94, 147, 0, 0, 0
0, 0, 0, 93, 237, 354, 235, 105, 0, 44, 215, 265, 251, 165, 58, 26, 352, 365, 196, 67, 24, 12, 8, 0
0, 0, 1, 189, 502, 261, 41, 30, 1, 159, 322, 356, 127, 34, 19, 6, 706, 228, 50, 31, 6, 3, 0, 0
0, 0, 6, 308, 569, 124, 14, 3, 15, 501, 417, 73, 4, 12, 2, 0, 969, 41, 10, 2, 1, 1, 0, 0
0, 0, 30, 423, 306, 204, 56, 5, 317, 238, 146, 279, 36, 5, 2, 1, 740, 248, 31, 3, 2, 0, 0, 0
0, 7, 54, 179, 394, 239, 95, 56, 56, 110, 326, 333, 132, 38, 24, 5, 467, 450, 60, 41, 5, 1, 0, 0
0, 26, 73, 302, 329, 184, 85, 25, 40, 189, 411, 264, 94, 21, 5, 0, 518, 403, 80, 16, 6, 1, 0, 0
1, 82, 193, 292, 231, 111, 74, 40, 133, 259, 310, 173, 74, 63, 9, 3, 466, 317, 133, 71, 26, 8, 1, 2
0, 111, 249, 424, 149, 75, 14, 2, 206, 447, 242, 95, 31, 2, 1, 0, 750, 224, 44, 5, 1, 0, 0, 0
34, 136, 260, 251, 188, 105, 41, 9, 305, 329, 250, 111, 18, 5, 6, 0, 846, 143, 19, 6, 5, 5, 0, 0
0, 0, 133, 157, 257, 405, 72, 0, 16, 230, 234, 539, 5, 0, 0, 0, 991, 32, 1, 0, 0, 0, 0, 0
0, 0, 0, 71, 235, 643, 75, 0, 0, 43, 175, 723, 83, 0, 0, 0, 1003, 21, 0, 0, 0, 0, 0, 0
0, 0, 0, 0, 100, 617, 307, 0, 0, 0, 15, 956, 53, 0, 0, 0, 889, 135, 0, 0, 0, 0, 0, 0
0, 0, 0, 0, 0, 46, 305, 673, 0, 0, 0, 0, 75, 272, 304, 373, 0, 0, 0, 417, 584, 23, 0, 0
0, 0, 0, 0, 0, 270, 754, 0, 0, 0, 0, 0, 266, 758, 0, 0, 0, 0, 0, 241, 783, 0, 0, 0
0, 0, 9, 317, 51, 533, 114, 0, 0, 302, 64, 326, 201, 131, 0, 0, 342, 160, 199, 170, 153, 0, 0, 0
0, 0, 1, 107, 228, 535, 136, 17, 0, 26, 204, 193, 476, 106, 18, 1, 275, 618, 109, 19, 3, 0, 0, 0
0, 0, 48, 153, 127, 581, 98, 17, 5, 164, 90, 198, 504, 53, 9, 1, 373, 576, 64, 6, 3, 2, 0, 0
0, 0, 8, 330, 215, 227, 213, 31, 4, 295, 235, 127, 185, 169, 9, 0, 662, 287, 70, 4, 1, 0, 0, 0
0, 0, 23, 497, 325, 165, 14, 0, 19, 445, 206, 254, 82, 18, 0, 0, 799, 215, 9, 1, 0, 0, 0, 0
0, 1, 20, 186, 406, 235, 113, 63, 37, 87, 254, 350, 178, 105, 10, 3, 522, 317, 153, 24, 5, 3, 0, 0
0, 5, 74, 192, 414, 261, 59, 19, 35, 167, 209, 440, 134, 35, 4, 0, 345, 542, 102, 32, 3, 0, 0, 0
4, 27, 67, 216, 219, 329, 154, 8, 43, 99, 198, 264, 362, 54, 3, 1, 221, 509, 239, 41, 10, 3, 1, 0
0, 20, 73, 277, 212, 287, 141, 14, 30, 172, 241, 261, 273, 44, 3, 0, 401, 527, 87, 9, 0, 0, 0, 0
0, 17, 82, 194, 372, 203, 127, 29, 42, 164, 337, 278, 74, 86, 33, 10, 578, 346, 59, 36, 5, 0, 0, 0
0, 0, 32, 72, 256, 650, 11, 3, 6, 55, 133, 729, 90, 7, 4, 0, 930, 68, 20, 5, 1, 0, 0, 0
0, 0, 0, 0, 32, 680, 311, 1, 0, 0, 12, 542, 466, 4, 0, 0, 832, 192, 0, 0, 0, 0, 0, 0
0, 0, 0, 0, 38, 649, 172, 165, 0, 0, 0, 709, 121, 11, 46, 137, 635, 178, 14, 8, 12, 26, 66, 85
0, 0, 0, 0, 0, 4, 269, 751, 0, 0, 0, 0, 33, 294, 415, 282, 0, 0, 13, 470, 524, 17, 0, 0
0, 0, 0, 0, 0, 389, 635, 0, 0, 0, 0, 0, 472, 552, 0, 0, 0, 0, 10, 442, 572, 0, 0, 0
0, 0, 19, 190, 91, 617, 107, 0, 0, 68, 210, 326, 339, 81, 0, 0, 266, 295, 56, 346, 61, 0, 0, 0
0, 0, 0, 39, 256, 463, 215, 51, 0, 0, 120, 205, 473, 178, 33, 15, 239, 577, 159, 27, 15, 7, 0, 0
0, 0, 131, 263, 125, 276, 192, 37, 43, 242, 149, 99, 268, 181, 30, 12, 432, 399, 145, 23, 14, 6, 5, 0
0, 0, 26, 402, 395, 116, 64, 21, 2, 244, 389, 257, 70, 56, 6, 0, 739, 209, 66, 10, 0, 0, 0, 0
0, 0, 0, 89, 226, 427, 252, 30, 0, 78, 158, 219, 433, 117, 16, 3, 360, 544, 108, 10, 2, 0, 0, 0
0, 0, 0, 3, 114, 359, 436, 112, 0, 0, 57, 147, 388, 302, 130, 0, 204, 477, 283, 60, 0, 0, 0, 0
0, 0, 52, 111, 223, 299, 131, 208, 62, 109, 201, 167, 209, 55, 168, 53, 452, 268, 63, 170, 53, 18, 0, 0
0, 0, 0, 3, 155, 376, 170, 320, 0, 0, 2, 119, 373, 146, 325, 59, 41, 416, 187, 286, 54, 30, 9, 1
0, 0, 0, 3, 179, 348, 291, 203, 0, 0, 2, 171, 303, 338, 210, 0, 115, 438, 397, 74, 0, 0, 0, 0
0, 0, 0, 6, 27, 177, 358, 456, 0, 0, 3, 28, 133, 288, 304, 268, 91, 142, 262, 247, 203, 79, 0, 0
0, 0, 10, 69, 129, 677, 103, 36, 0, 2, 53, 251, 579, 69, 50, 20, 674, 205, 79, 35, 25, 6, 0, 0
0, 0, 0, 0, 0, 678, 343, 3, 0, 0, 0, 292, 707, 23, 2, 0, 689, 296, 15, 19, 5, 0, 0, 0
0, 0, 0, 0, 19, 291, 261, 453, 0, 0, 0, 109, 194, 142, 179, 400, 95, 167, 18, 14, 73, 174, 166, 317
0, 0, 0, 0, 0, 30, 253, 741, 0, 0, 0, 30, 99, 231, 490, 174, 0, 40, 154, 497, 333, 0, 0, 0
0, 0, 0, 0, 0, 517, 507, 0, 0, 0, 0, 21, 693, 310, 0, 0, 0, 0, 88, 814, 122, 0, 0, 0
0, 0, 0, 88, 76, 677, 164, 19, 0, 4, 128, 326, 418, 130, 11, 7, 129, 332, 70, 443, 50, 0, 0, 0
0, 0, 0, 15, 132, 412, 297, 168, 0, 0, 70, 145, 365, 210, 216, 18, 146, 440, 181, 220, 37, 0, 0, 0
0, 0, 0, 0, 103, 402, 419, 100, 0, 0, 0, 155, 460, 294, 98, 17, 33, 526, 306, 122, 30, 7, 0, 0
0, 0, 2, 21, 59, 174, 407, 361, 0, 20, 11, 75, 208, 382, 264, 64, 42, 180, 379, 301, 89, 33, 0, 0
0, 0, 0, 38, 65, 155, 388, 378, 0, 29, 43, 126, 162, 370, 291, 3, 196, 130, 377, 317, 4, 0, 0, 0
0, 0, 0, 0, 93, 312, 287, 332, 0, 0, 93, 272, 109, 328, 222, 0, 371, 151, 347, 155, 0, 0, 0, 0
0, 0, 0, 26, 134, 273, 216, 375, 0, 26, 155, 248, 82, 175, 165, 173, 403, 92, 147, 184, 132, 66, 0, 0
0, 0, 0, 1, 22, 45, 292, 664, 0, 0, 14, 16, 41, 220, 593, 140, 25, 28, 187, 572, 121, 91, 0, 0
0, 0, 0, 133, 95, 127, 479, 190, 0, 145, 75, 59, 119, 442, 153, 31, 244, 126, 444, 166, 29, 15, 0, 0
0, 0, 21, 83, 48, 89, 422, 361, 8, 84, 32, 45, 95, 369, 239, 152, 141, 85, 351, 196, 109, 80, 49, 13
0, 1, 17, 26, 68, 53, 398, 461, 6, 14, 24, 69, 61, 362, 474, 14, 71, 68, 29, 147, 394, 302, 13, 0
0, 0, 0, 0, 0, 27, 469, 528, 0, 0, 0, 0, 51, 286, 639, 48, 1, 23, 16, 51, 305, 403, 221, 4
0, 0, 0, 4, 102, 302, 412, 204, 0, 0, 0, 3, 114, 527, 334, 46, 0, 14, 9, 26, 300, 510, 150, 15
0, 0, 0, 0, 87, 71, 203, 663, 0, 0, 0, 155, 82, 159, 482, 146, 0, 103, 269, 490, 162, 0, 0, 0
0, 0, 0, 0, 43, 638, 343, 0, 0, 0, 0, 152, 836, 36, 0, 0, 0, 0, 369, 653, 2, 0, 0, 0
0, 0, 0, 19, 165, 650, 190, 0, 0, 0, 62, 403, 505, 54, 0, 0, 64, 367, 92, 501, 0, 0, 0, 0
0, 0, 0, 4, 129, 434, 381, 76, 0, 0, 36, 201, 394, 310, 73, 10, 130, 526, 267, 79, 21, 1, 0, 0
0, 0, 0, 2, 84, 339, 521, 78, 0, 0, 35, 156, 349, 417, 50, 17, 98, 427, 423, 55, 18, 3, 0, 0
0, 0, 0, 9, 40, 257, 590, 128, 0, 0, 27, 80, 346, 472, 99, 0, 236, 320, 349, 119, 0, 0, 0, 0
0, 0, 0, 0, 0, 16, 154, 854, 0, 0, 0, 11, 51, 136, 819, 7, 29, 67, 126, 795, 7, 0, 0, 0
0, 0, 0, 0, 20, 64, 234, 706, 0, 0, 12, 33, 85, 223, 606, 65, 101, 194, 158, 445, 122, 4, 0, 0
0, 16, 62, 101, 89, 49, 299, 408, 80, 82, 85, 44, 69, 421, 218, 25, 294, 139, 229, 320, 40, 2, 0, 0
0, 12, 74, 110, 57, 287, 293, 191, 104, 68, 49, 77, 332, 209, 81, 104, 239, 294, 281, 73, 75, 60, 2, 0
0, 0, 13, 76, 59, 367, 428, 81, 9, 85, 37, 82, 434, 291, 57, 29, 162, 420, 358, 51, 16, 17, 0, 0
0, 0, 0, 11, 7, 208, 593, 205, 0, 5, 9, 12, 449, 317, 182, 50, 41, 346, 244, 100, 120, 123, 50, 0
0, 0, 0, 0, 0, 10, 156, 858, 0, 0, 0, 0, 8, 68, 731, 217, 0, 0, 0, 13, 54, 614, 343, 0
0, 0, 0, 0, 0, 36, 470, 518, 0, 0, 0, 0, 43, 331, 593, 57, 0, 0, 0, 50, 220, 518, 236, 0
0, 0, 0, 0, 1, 21, 270, 732, 0, 0, 0, 6, 38, 305, 672, 3, 0, 0, 0, 15, 104, 652, 253, 0
0, 0, 0, 5, 232, 47, 189, 551, 0, 0, 73, 217, 78, 165, 397, 94, 8, 249, 328, 370, 69, 0, 0, 0
0, 0, 0, 0, 202, 616, 161, 45, 0, 0, 0, 487, 463, 45, 28, 1, 0, 87, 732, 205, 0, 0, 0, 0
0, 0, 0, 0, 294, 553, 177, 0, 0, 0, 139, 444, 440, 1, 0, 0, 1, 328, 486, 209, 0, 0, 0, 0
0, 0, 0, 26, 132, 467, 392, 7, 0, 0, 41, 174, 552, 253, 4, 0, 113, 743, 164, 4, 0, 0, 0, 0
0, 0, 0, 3, 57, 594, 336, 34, 0, 0, 14, 217, 639, 130, 19, 5, 31, 674, 288, 21, 5, 4, 1, 0
0, 0, 20, 24, 15, 100, 856, 9, 22, 21, 11, 39, 442, 485, 4, 0, 80, 237, 701, 6, 0, 0, 0, 0
0, 0, 0, 6, 78, 100, 638, 202, 0, 5, 53, 74, 160, 633, 97, 2, 147, 197, 616, 63, 1, 0, 0, 0
0, 0, 0, 10, 107, 131, 583, 193, 0, 13, 75, 128, 151, 553, 101, 3, 260, 204, 440, 112, 5, 3, 0, 0
0, 0, 37, 114, 171, 66, 128, 508, 32, 159, 152, 44, 79, 61, 392, 105, 423, 33, 50, 258, 258, 2, 0, 0
0, 0, 0, 3, 19, 187, 659, 156, 0, 6, 10, 84, 271, 483, 155, 15, 88, 254, 437, 221, 24, 0, 0, 0
105, 55, 60, 50, 50, 190, 477, 37, 208, 60, 36, 75, 313, 283, 38, 11, 354, 302, 336, 21, 10, 1, 0, 0
307, 77, 35, 32, 31, 170, 369, 3, 400, 38, 38, 53, 232, 261, 2, 0, 485, 198, 286, 47, 8, 0, 0, 0
0, 5, 7, 19, 50, 556, 329, 58, 13, 20, 11, 267, 376, 260, 77, 0, 36, 67, 346, 272, 230, 73, 0, 0
0, 0, 0, 0, 57, 442, 283, 242, 0, 0, 1, 108, 404, 287, 219, 5, 0, 5, 122, 343, 263, 196, 95, 0
0, 0, 17, 110, 178, 153, 367, 199, 0, 20, 42, 160, 272, 312, 212, 6, 9, 38, 66, 216, 323, 301, 69, 2
