0, 0, 8, 144, 358, 514, 0, 0, 0, 0, 18, 161, 324, 521, 0, 0, 0, 3, 92, 302, 627, 0, 0, 0
0, 0, 15, 300, 578, 131, 0, 0, 0, 0, 15, 307, 571, 131, 0, 0, 0, 5, 227, 480, 312, 0, 0, 0
0, 299, 417, 83, 77, 148, 0, 0, 0, 344, 379, 77, 65, 159, 0, 0, 60, 632, 98, 44, 190, 0, 0, 0
97, 224, 29, 31, 43, 600, 0, 0, 0, 257, 85, 32, 42, 608, 0, 0, 0, 303, 57, 36, 628, 0, 0, 0
0, 0, 0, 0, 0, 1024, 0, 0, 0, 0, 0, 0, 0, 1024, 0, 0, 0, 0, 0, 0, 659, 365, 0, 0
0, 66, 185, 177, 66, 429, 101, 0, 0, 116, 150, 184, 52, 487, 35, 0, 27, 313, 91, 54, 249, 285, 5, 0
0, 53, 179, 226, 80, 274, 212, 0, 1, 134, 119, 231, 87, 299, 153, 0, 25, 346, 92, 83, 135, 343, 0, 0
0, 61, 49, 65, 109, 373, 365, 2, 1, 63, 33, 57, 108, 370, 385, 7, 38, 35, 15, 105, 210, 572, 48, 1
0, 0, 23, 50, 70, 107, 381, 393, 0, 0, 11, 41, 70, 111, 380, 411, 0, 0, 0, 53, 112, 360, 113, 386
0, 0, 0, 0, 0, 10, 50, 964, 0, 0, 0, 0, 0, 7, 30, 987, 0, 0, 0, 0, 1, 15, 25, 983
0, 1, 102, 18, 15, 36, 351, 501, 0, 0, 100, 20, 15, 33, 268, 588, 0, 0, 32, 81, 15, 32, 219, 645
0, 137, 166, 118, 127, 125, 127, 224, 0, 85, 204, 115, 131, 116, 122, 251, 0, 11, 190, 148, 134, 140, 110, 291
0, 0, 0, 0, 39, 22, 195, 768, 0, 0, 0, 0, 37, 19, 104, 864, 0, 0, 0, 0, 30, 21, 62, 911
0, 0, 38, 36, 23, 27, 351, 549, 0, 0, 31, 42, 24, 25, 169, 733, 0, 0, 19, 43, 26, 25, 128, 783
0, 6, 72, 279, 202, 46, 54, 365, 0, 9, 74, 290, 180, 53, 44, 374, 0, 8, 121, 246, 161, 58, 36, 394
0, 11, 63, 96, 748, 106, 0, 0, 0, 6, 63, 97, 724, 133, 1, 0, 0, 15, 65, 89, 684, 167, 4, 0
0, 18, 37, 139, 830, 0, 0, 0, 0, 14, 40, 49, 921, 0, 0, 0, 0, 7, 29, 53, 935, 0, 0, 0
0, 0, 0, 137, 23, 0, 0, 0, 0, 0, 0, 36, 124, 0, 0, 0, 0, 0, 0, 27, 133, 0, 0, 0
0, 16, 115, 228, 366, 299, 0, 0, 0, 16, 129, 250, 341, 288, 0, 0, 0, 52, 233, 327, 412, 0, 0, 0
0, 0, 0, 107, 539, 378, 0, 0, 0, 0, 0, 121, 539, 364, 0, 0, 0, 0, 22, 444, 558, 0, 0, 0
0, 301, 403, 260, 25, 35, 0, 0, 0, 337, 378, 252, 26, 31, 0, 0, 56, 620, 255, 48, 45, 0, 0, 0
66, 238, 31, 35, 65, 589, 0, 0, 0, 219, 110, 37, 69, 589, 0, 0, 0, 258, 86, 51, 620, 9, 0, 0
0, 0, 0, 0, 0, 1024, 0, 0, 0, 0, 0, 0, 0, 1024, 0, 0, 0, 0, 0, 0, 820, 204, 0, 0
0, 57, 104, 194, 136, 425, 108, 0, 0, 102, 72, 183, 170, 408, 89, 0, 42, 186, 99, 50, 217, 339, 91, 0
0, 0, 16, 277, 299, 354, 78, 0, 0, 5, 15, 286, 282, 341, 95, 0, 2, 101, 53, 134, 350, 324, 60, 0
0, 120, 91, 124, 194, 250, 225, 20, 13, 153, 44, 81, 197, 261, 240, 35, 89, 104, 20, 130, 245, 333, 103, 0
0, 14, 59, 57, 180, 470, 209, 35, 0, 5, 28, 76, 202, 457, 225, 31, 0, 0, 17, 156, 403, 373, 75, 0
6, 41, 70, 199, 372, 255, 54, 27, 9, 41, 111, 223, 328, 231, 47, 34, 27, 76, 166, 370, 297, 17, 40, 31
0, 0, 0, 108, 492, 277, 100, 47, 0, 0, 37, 358, 321, 169, 74, 65, 0, 0, 198, 297, 221, 179, 73, 56
0, 31, 50, 19, 166, 668, 68, 22, 0, 12, 63, 22, 188, 651, 56, 32, 0, 0, 38, 46, 359, 496, 52, 33
0, 3, 30, 159, 323, 347, 38, 124, 0, 3, 33, 270, 344, 212, 26, 136, 0, 2, 58, 416, 230, 172, 14, 132
1, 11, 136, 265, 349, 19, 84, 159, 0, 22, 122, 219, 392, 23, 48, 198, 2, 44, 109, 337, 269, 19, 60, 184
0, 15, 108, 372, 317, 68, 12, 132, 0, 13, 93, 336, 360, 79, 9, 134, 0, 16, 86, 399, 289, 90, 13, 131
0, 0, 5, 64, 798, 157, 0, 0, 0, 0, 3, 57, 783, 181, 0, 0, 0, 0, 12, 55, 761, 191, 5, 0
0, 0, 0, 62, 962, 0, 0, 0, 0, 0, 0, 10, 1014, 0, 0, 0, 0, 0, 0, 11, 1013, 0, 0, 0
0, 0, 0, 77, 83, 0, 0, 0, 0, 0, 0, 0, 160, 0, 0, 0, 0, 0, 0, 0, 160, 0, 0, 0
0, 212, 147, 253, 338, 74, 0, 0, 0, 214, 153, 268, 332, 57, 0, 0, 0, 259, 238, 339, 188, 0, 0, 0
0, 0, 0, 0, 427, 597, 0, 0, 0, 0, 0, 0, 436, 588, 0, 0, 0, 0, 0, 236, 788, 0, 0, 0
0, 295, 290, 333, 106, 0, 0, 0, 0, 323, 261, 340, 100, 0, 0, 0, 59, 518, 247, 200, 0, 0, 0, 0
52, 234, 132, 56, 86, 464, 0, 0, 0, 204, 208, 53, 83, 476, 0, 0, 0, 330, 114, 72, 502, 6, 0, 0
0, 0, 0, 0, 0, 1024, 0, 0, 0, 0, 0, 0, 0, 1024, 0, 0, 0, 0, 0, 0, 651, 373, 0, 0
0, 24, 132, 210, 59, 495, 104, 0, 0, 35, 158, 178, 57, 501, 93, 2, 13, 146, 194, 45, 186, 371, 68, 1
0, 0, 150, 256, 165, 286, 167, 0, 0, 54, 103, 247, 166, 325, 129, 0, 11, 248, 112, 59, 170, 394, 30, 0
0, 107, 47, 45, 16, 338, 471, 0, 7, 123, 32, 41, 16, 333, 472, 0, 64, 104, 29, 13, 88, 726, 0, 0
0, 0, 0, 1, 77, 100, 384, 462, 0, 0, 0, 5, 75, 110, 333, 501, 0, 0, 0, 55, 74, 243, 160, 492
28, 131, 144, 301, 145, 72, 114, 89, 51, 173, 158, 249, 124, 65, 95, 109, 97, 173, 206, 168, 104, 72, 77, 127
0, 0, 25, 276, 410, 176, 137, 0, 0, 5, 217, 464, 105, 111, 122, 0, 0, 94, 386, 285, 78, 181, 0, 0
0, 0, 0, 3, 267, 416, 338, 0, 0, 0, 0, 1, 242, 470, 311, 0, 0, 0, 0, 75, 440, 509, 0, 0
0, 0, 4, 205, 623, 192, 0, 0, 0, 0, 30, 214, 583, 197, 0, 0, 0, 0, 143, 338, 533, 10, 0, 0
30, 64, 77, 275, 425, 153, 0, 0, 20, 61, 75, 276, 448, 144, 0, 0, 41, 66, 126, 417, 374, 0, 0, 0
0, 46, 58, 880, 40, 0, 0, 0, 0, 32, 50, 873, 69, 0, 0, 0, 0, 31, 51, 894, 48, 0, 0, 0
63, 494, 70, 83, 302, 12, 0, 0, 29, 513, 79, 69, 316, 18, 0, 0, 309, 247, 77, 75, 301, 15, 0, 0
0, 349, 49, 434, 192, 0, 0, 0, 0, 350, 36, 389, 249, 0, 0, 0, 333, 29, 65, 382, 215, 0, 0, 0
0, 36, 29, 93, 2, 0, 0, 0, 0, 36, 27, 75, 22, 0, 0, 0, 33, 5, 32, 73, 17, 0, 0, 0
0, 439, 184, 260, 141, 0, 0, 0, 0, 448, 190, 256, 130, 0, 0, 0, 0, 515, 268, 226, 15, 0, 0, 0
0, 0, 0, 0, 362, 662, 0, 0, 0, 0, 0, 2, 376, 646, 0, 0, 0, 0, 0, 141, 883, 0, 0, 0
0, 288, 101, 324, 311, 0, 0, 0, 0, 305, 89, 319, 311, 0, 0, 0, 112, 270, 245, 388, 9, 0, 0, 0
68, 233, 275, 60, 88, 300, 0, 0, 0, 222, 354, 55, 86, 307, 0, 0, 2, 482, 126, 73, 318, 23, 0, 0
0, 0, 0, 0, 0, 1018, 6, 0, 0, 0, 0, 0, 0, 1018, 6, 0, 0, 0, 0, 0, 454, 570, 0, 0
0, 3, 20, 76, 65, 580, 280, 0, 0, 2, 33, 63, 69, 551, 306, 0, 0, 12, 72, 69, 172, 606, 89, 4
0, 0, 68, 65, 131, 226, 534, 0, 0, 1, 79, 58, 124, 262, 495, 5, 0, 53, 65, 126, 130, 514, 126, 10
0, 0, 0, 0, 0, 171, 853, 0, 0, 0, 0, 0, 0, 169, 855, 0, 0, 0, 0, 0, 8, 1016, 0, 0
0, 2, 17, 134, 87, 451, 225, 108, 0, 3, 15, 137, 85, 453, 213, 118, 0, 17, 101, 114, 192, 476, 19, 105
0, 0, 428, 289, 57, 114, 56, 80, 0, 0, 453, 267, 49, 118, 55, 82, 0, 230, 475, 20, 52, 108, 56, 83
0, 197, 502, 84, 193, 48, 0, 0, 0, 269, 436, 86, 182, 51, 0, 0, 15, 668, 63, 105, 141, 32, 0, 0
0, 21, 151, 278, 370, 131, 73, 0, 0, 1, 171, 303, 319, 153, 77, 0, 0, 76, 263, 336, 236, 113, 0, 0
0, 12, 97, 212, 458, 202, 33, 10, 0, 9, 116, 204, 451, 200, 34, 10, 0, 36, 136, 297, 434, 83, 28, 10
19, 71, 239, 324, 253, 72, 34, 12, 16, 78, 143, 403, 268, 69, 34, 13, 19, 87, 185, 482, 183, 38, 29, 1
18, 169, 227, 568, 9, 7, 11, 15, 0, 161, 41, 768, 19, 6, 11, 18, 0, 159, 41, 762, 25, 7, 7, 23
90, 934, 0, 0, 0, 0, 0, 0, 80, 944, 0, 0, 0, 0, 0, 0, 753, 271, 0, 0, 0, 0, 0, 0
0, 1024, 0, 0, 0, 0, 0, 0, 0, 1024, 0, 0, 0, 0, 0, 0, 1024, 0, 0, 0, 0, 0, 0, 0
0, 160, 0, 0, 0, 0, 0, 0, 0, 160, 0, 0, 0, 0, 0, 0, 160, 0, 0, 0, 0, 0, 0, 0
0, 490, 245, 271, 18, 0, 0, 0, 0, 491, 259, 257, 17, 0, 0, 0, 0, 598, 265, 159, 2, 0, 0, 0
0, 0, 4, 118, 297, 605, 0, 0, 0, 0, 10, 138, 280, 596, 0, 0, 0, 0, 82, 260, 682, 0, 0, 0
0, 151, 44, 311, 471, 47, 0, 0, 0, 154, 43, 316, 464, 47, 0, 0, 112, 78, 249, 436, 149, 0, 0, 0
53, 316, 331, 45, 85, 194, 0, 0, 0, 445, 256, 46, 89, 188, 0, 0, 45, 558, 131, 60, 230, 0, 0, 0
13, 29, 10, 11, 17, 790, 154, 0, 0, 34, 13, 13, 16, 808, 140, 0, 0, 37, 14, 13, 338, 622, 0, 0
0, 3, 1, 32, 62, 297, 629, 0, 0, 3, 1, 26, 58, 273, 606, 57, 0, 2, 2, 37, 122, 316, 486, 59
1, 22, 36, 42, 61, 209, 648, 5, 1, 20, 40, 39, 45, 194, 564, 121, 0, 36, 37, 37, 111, 145, 547, 111
0, 0, 0, 0, 0, 106, 918, 0, 0, 0, 0, 0, 0, 106, 918, 0, 0, 0, 0, 0, 24, 1000, 0, 0
328, 120, 97, 74, 63, 94, 247, 1, 327, 117, 88, 78, 65, 100, 245, 4, 333, 129, 102, 64, 65, 308, 19, 4
79, 105, 120, 428, 281, 11, 0, 0, 77, 97, 130, 385, 319, 15, 1, 0, 100, 146, 67, 453, 243, 14, 1, 0
168, 104, 46, 504, 157, 29, 16, 0, 169, 107, 45, 493, 165, 30, 15, 0, 214, 75, 106, 480, 114, 32, 3, 0
540, 119, 81, 74, 50, 160, 0, 0, 524, 86, 155, 86, 173, 0, 0, 0, 570, 144, 302, 8, 0, 0, 0, 0
310, 261, 194, 148, 41, 32, 25, 13, 243, 265, 248, 155, 42, 35, 23, 13, 318, 263, 268, 71, 42, 30, 21, 11
85, 164, 122, 124, 132, 75, 60, 262, 50, 200, 138, 140, 117, 57, 67, 255, 139, 166, 130, 148, 88, 71, 92, 190
162, 122, 59, 92, 259, 82, 82, 166, 132, 189, 97, 233, 96, 44, 82, 151, 169, 197, 226, 75, 79, 48, 83, 147
134, 890, 0, 0, 0, 0, 0, 0, 177, 847, 0, 0, 0, 0, 0, 0, 986, 38, 0, 0, 0, 0, 0, 0
0, 1024, 0, 0, 0, 0, 0, 0, 0, 1024, 0, 0, 0, 0, 0, 0, 1018, 6, 0, 0, 0, 0, 0, 0
0, 160, 0, 0, 0, 0, 0, 0, 0, 160, 0, 0, 0, 0, 0, 0, 160, 0, 0, 0, 0, 0, 0, 0
0, 475, 280, 267, 2, 0, 0, 0, 0, 475, 273, 275, 1, 0, 0, 0, 0, 510, 366, 148, 0, 0, 0, 0
0, 35, 116, 216, 278, 379, 0, 0, 0, 34, 132, 226, 261, 371, 0, 0, 0, 79, 235, 264, 446, 0, 0, 0
0, 8, 15, 262, 469, 270, 0, 0, 0, 9, 17, 284, 444, 270, 0, 0, 7, 16, 208, 427, 366, 0, 0, 0
1, 443, 253, 112, 116, 99, 0, 0, 0, 509, 190, 115, 119, 91, 0, 0, 228, 429, 115, 134, 118, 0, 0, 0
49, 162, 21, 9, 16, 711, 56, 0, 0, 123, 103, 14, 12, 715, 57, 0, 1, 148, 81, 12, 204, 578, 0, 0
0, 13, 51, 67, 26, 361, 506, 0, 0, 17, 56, 56, 34, 357, 504, 0, 2, 34, 71, 35, 47, 835, 0, 0
0, 28, 150, 152, 75, 171, 443, 5, 0, 114, 72, 162, 53, 172, 445, 6, 24, 129, 57, 141, 101, 555, 17, 0
0, 60, 83, 46, 20, 32, 783, 0, 1, 91, 53, 38, 14, 37, 790, 0, 36, 77, 60, 19, 26, 805, 1, 0
344, 119, 73, 63, 67, 49, 307, 2, 337, 125, 71, 60, 67, 53, 309, 2, 342, 127, 63, 58, 71, 337, 23, 3
61, 65, 44, 624, 176, 47, 7, 0, 59, 64, 40, 580, 225, 49, 7, 0, 66, 62, 98, 580, 175, 38, 5, 0
15, 32, 49, 406, 450, 43, 29, 0, 26, 26, 46, 343, 513, 47, 23, 0, 38, 19, 65, 472, 369, 41, 20, 0
688, 38, 20, 25, 27, 226, 0, 0, 703, 34, 24, 27, 236, 0, 0, 0, 735, 34, 241, 14, 0, 0, 0, 0
118, 415, 262, 117, 32, 29, 38, 13, 112, 435, 249, 113, 34, 27, 35, 19, 219, 419, 226, 56, 24, 30, 31, 19
26, 75, 135, 168, 232, 270, 58, 60, 27, 106, 145, 293, 276, 66, 54, 57, 30, 133, 281, 316, 75, 69, 64, 56
371, 206, 171, 127, 126, 23, 0, 0, 406, 309, 166, 134, 9, 0, 0, 0, 566, 244, 183, 31, 0, 0, 0, 0
11, 1013, 0, 0, 0, 0, 0, 0, 93, 931, 0, 0, 0, 0, 0, 0, 1022, 2, 0, 0, 0, 0, 0, 0
0, 1024, 0, 0, 0, 0, 0, 0, 0, 1024, 0, 0, 0, 0, 0, 0, 1018, 6, 0, 0, 0, 0, 0, 0
0, 160, 0, 0, 0, 0, 0, 0, 0, 160, 0, 0, 0, 0, 0, 0, 160, 0, 0, 0, 0, 0, 0, 0
0, 233, 231, 558, 2, 0, 0, 0, 0, 233, 222, 567, 2, 0, 0, 0, 12, 262, 517, 233, 0, 0, 0, 0
0, 274, 138, 202, 257, 153, 0, 0, 0, 276, 166, 209, 232, 141, 0, 0, 55, 277, 248, 232, 212, 0, 0, 0
0, 0, 0, 88, 421, 515, 0, 0, 0, 0, 0, 88, 419, 517, 0, 0, 0, 0, 46, 373, 605, 0, 0, 0
0, 465, 206, 289, 29, 35, 0, 0, 0, 511, 170, 282, 29, 32, 0, 0, 249, 389, 296, 47, 43, 0, 0, 0
43, 217, 36, 29, 47, 576, 76, 0, 0, 130, 157, 35, 43, 577, 82, 0, 0, 200, 107, 37, 193, 487, 0, 0
0, 39, 152, 54, 14, 237, 528, 0, 0, 40, 157, 50, 15, 235, 527, 0, 5, 90, 128, 34, 17, 750, 0, 0
0, 0, 55, 137, 332, 303, 178, 19, 0, 0, 45, 210, 360, 304, 97, 8, 0, 0, 74, 112, 414, 330, 94, 0
0, 99, 198, 99, 115, 17, 496, 0, 8, 119, 144, 98, 97, 63, 495, 0, 51, 121, 156, 41, 92, 563, 0, 0
50, 111, 236, 137, 35, 100, 351, 4, 36, 80, 169, 174, 95, 84, 380, 6, 62, 164, 179, 120, 68, 411, 15, 5
26, 308, 495, 180, 15, 0, 0, 0, 10, 224, 327, 363, 97, 3, 0, 0, 70, 394, 360, 172, 28, 0, 0, 0
193, 467, 153, 192, 16, 1, 2, 0, 271, 365, 135, 125, 119, 7, 2, 0, 463, 249, 129, 154, 26, 1, 2, 0
690, 260, 17, 16, 18, 23, 0, 0, 838, 120, 20, 20, 26, 0, 0, 0, 949, 37, 33, 5, 0, 0, 0, 0
677, 248, 63, 23, 10, 3, 0, 0, 768, 172, 52, 21, 9, 2, 0, 0, 858, 94, 44, 17, 10, 1, 0, 0
561, 96, 62, 66, 65, 94, 78, 2, 566, 93, 62, 62, 65, 93, 81, 2, 548, 113, 54, 62, 75, 90, 77, 5
589, 160, 88, 60, 50, 52, 25, 0, 591, 158, 91, 61, 41, 45, 37, 0, 567, 177, 109, 51, 41, 45, 32, 2
331, 374, 88, 42, 64, 78, 47, 0, 342, 362, 85, 43, 62, 67, 63, 0, 408, 295, 77, 52, 57, 68, 61, 6
254, 363, 51, 43, 45, 137, 131, 0, 244, 372, 48, 44, 39, 103, 173, 1, 199, 381, 64, 44, 51, 84, 169, 32
12, 55, 14, 6, 12, 27, 34, 0, 10, 58, 12, 6, 10, 21, 43, 0, 57, 14, 10, 7, 11, 22, 39, 0
0, 12, 275, 717, 20, 0, 0, 0, 0, 12, 264, 730, 18, 0, 0, 0, 0, 17, 671, 334, 2, 0, 0, 0
108, 342, 168, 235, 171, 0, 0, 0, 126, 327, 179, 228, 164, 0, 0, 0, 275, 262, 264, 214, 9, 0, 0, 0
0, 0, 0, 0, 371, 653, 0, 0, 0, 0, 0, 0, 377, 647, 0, 0, 0, 0, 0, 213, 811, 0, 0, 0
0, 330, 171, 323, 200, 0, 0, 0, 0, 365, 147, 330, 182, 0, 0, 0, 193, 292, 298, 241, 0, 0, 0, 0
78, 146, 122, 75, 194, 324, 85, 0, 4, 158, 182, 82, 198, 313, 87, 0, 20, 255, 122, 193, 267, 167, 0, 0
0, 13, 48, 6, 167, 367, 423, 0, 0, 17, 44, 7, 194, 337, 425, 0, 1, 49, 17, 160, 343, 454, 0, 0
0, 39, 157, 99, 194, 274, 247, 14, 0, 87, 107, 106, 231, 245, 243, 5, 12, 116, 112, 203, 290, 267, 24, 0
0, 72, 91, 37, 174, 401, 249, 0, 4, 88, 67, 45, 165, 420, 235, 0, 41, 72, 75, 153, 400, 283, 0, 0
12, 20, 58, 151, 215, 300, 245, 23, 3, 15, 29, 75, 220, 376, 283, 23, 12, 16, 73, 200, 397, 245, 58, 23
19, 55, 203, 424, 150, 173, 0, 0, 12, 40, 157, 322, 318, 175, 0, 0, 27, 121, 308, 322, 245, 1, 0, 0
368, 535, 108, 5, 6, 2, 0, 0, 444, 489, 78, 6, 5, 2, 0, 0, 606, 380, 30, 5, 3, 0, 0, 0
866, 158, 0, 0, 0, 0, 0, 0, 971, 53, 0, 0, 0, 0, 0, 0, 1022, 2, 0, 0, 0, 0, 0, 0
978, 46, 0, 0, 0, 0, 0, 0, 1003, 21, 0, 0, 0, 0, 0, 0, 1016, 8, 0, 0, 0, 0, 0, 0
1020, 4, 0, 0, 0, 0, 0, 0, 1021, 3, 0, 0, 0, 0, 0, 0, 1023, 1, 0, 0, 0, 0, 0, 0
988, 36, 0, 0, 0, 0, 0, 0, 998, 26, 0, 0, 0, 0, 0, 0, 1014, 10, 0, 0, 0, 0, 0, 0
763, 150, 56, 46, 9, 0, 0, 0, 765, 145, 57, 45, 12, 0, 0, 0, 801, 109, 59, 45, 10, 0, 0, 0
374, 67, 53, 87, 149, 218, 76, 0, 363, 71, 51, 80, 130, 220, 109, 0, 251, 148, 70, 77, 146, 214, 105, 13
94, 8, 9, 10, 14, 23, 2, 0, 92, 8, 7, 13, 10, 17, 13, 0, 81, 22, 11, 14, 10, 21, 1, 0
0, 0, 217, 751, 56, 0, 0, 0, 0, 0, 183, 782, 59, 0, 0, 0, 0, 0, 802, 191, 31, 0, 0, 0
196, 278, 350, 199, 1, 0, 0, 0, 212, 273, 358, 181, 0, 0, 0, 0, 296, 348, 332, 48, 0, 0, 0, 0
0, 4, 59, 406, 398, 157, 0, 0, 0, 6, 69, 438, 385, 126, 0, 0, 0, 37, 265, 512, 210, 0, 0, 0
0, 220, 62, 321, 412, 9, 0, 0, 0, 223, 65, 327, 406, 3, 0, 0, 188, 82, 270, 427, 57, 0, 0, 0
29, 226, 293, 50, 53, 268, 105, 0, 0, 285, 247, 64, 51, 247, 130, 0, 24, 422, 135, 51, 211, 181, 0, 0
0, 0, 0, 0, 0, 29, 995, 0, 0, 0, 0, 0, 0, 29, 995, 0, 0, 0, 0, 0, 1, 1023, 0, 0
0, 2, 26, 46, 152, 193, 601, 4, 1, 2, 30, 75, 124, 191, 599, 2, 2, 10, 53, 150, 197, 608, 4, 0
14, 223, 226, 207, 193, 98, 59, 4, 0, 207, 256, 237, 169, 106, 44, 5, 73, 348, 217, 210, 105, 63, 5, 3
23, 49, 74, 113, 152, 172, 441, 0, 29, 44, 76, 108, 183, 176, 408, 0, 56, 84, 99, 164, 170, 451, 0, 0
22, 106, 289, 181, 257, 110, 50, 9, 22, 114, 288, 181, 274, 106, 30, 9, 84, 280, 239, 275, 126, 7, 10, 3
86, 203, 315, 114, 76, 229, 1, 0, 104, 215, 310, 105, 100, 188, 2, 0, 155, 326, 278, 69, 164, 32, 0, 0
507, 362, 65, 30, 21, 39, 0, 0, 620, 273, 52, 35, 43, 1, 0, 0, 744, 174, 80, 24, 2, 0, 0, 0
650, 263, 91, 19, 1, 0, 0, 0, 737, 207, 65, 14, 1, 0, 0, 0, 790, 184, 38, 12, 0, 0, 0, 0
945, 71, 6, 2, 0, 0, 0, 0, 960, 56, 6, 2, 0, 0, 0, 0, 968, 49, 6, 1, 0, 0, 0, 0
839, 141, 33, 11, 0, 0, 0, 0, 853, 128, 32, 11, 0, 0, 0, 0, 868, 118, 30, 8, 0, 0, 0, 0
566, 148, 117, 82, 60, 35, 16, 0, 562, 149, 110, 88, 53, 41, 21, 0, 545, 160, 119, 80, 49, 44, 27, 0
405, 82, 74, 154, 120, 102, 86, 1, 387, 82, 70, 144, 131, 105, 93, 12, 308, 144, 80, 133, 143, 115, 73, 28
59, 11, 8, 31, 35, 16, 0, 0, 53, 13, 10, 21, 42, 19, 2, 0, 8, 49, 16, 30, 39, 16, 2, 0
0, 0, 26, 751, 226, 21, 0, 0, 0, 0, 12, 756, 229, 27, 0, 0, 0, 0, 392, 462, 167, 3, 0, 0
41, 224, 450, 188, 19, 43, 59, 0, 45, 218, 457, 186, 14, 35, 69, 0, 80, 387, 355, 89, 13, 63, 37, 0
0, 5, 104, 399, 304, 75, 136, 1, 0, 3, 120, 396, 279, 82, 143, 1, 0, 22, 226, 346, 227, 99, 104, 0
0, 33, 133, 375, 474, 9, 0, 0, 0, 33, 158, 358, 467, 8, 0, 0, 32, 115, 342, 469, 66, 0, 0, 0
20, 369, 363, 48, 38, 125, 61, 0, 0, 327, 414, 56, 38, 112, 77, 0, 83, 550, 143, 46, 103, 99, 0, 0
0, 2, 11, 52, 55, 50, 843, 11, 0, 2, 11, 52, 56, 47, 845, 11, 1, 5, 43, 53, 56, 845, 9, 12
0, 26, 78, 222, 189, 246, 238, 25, 0, 17, 67, 243, 176, 246, 250, 25, 1, 45, 160, 249, 230, 289, 26, 24
25, 345, 140, 145, 159, 98, 68, 44, 11, 350, 152, 158, 146, 122, 44, 41, 64, 401, 141, 155, 114, 69, 53, 27
0, 44, 88, 27, 115, 216, 531, 3, 0, 20, 107, 27, 98, 231, 539, 2, 0, 118, 22, 67, 229, 574, 14, 0
14, 69, 434, 111, 216, 156, 24, 0, 0, 63, 425, 84, 253, 167, 32, 0, 0, 476, 35, 193, 271, 49, 0, 0
30, 104, 153, 98, 118, 234, 270, 17, 40, 116, 154, 115, 129, 195, 263, 12, 64, 178, 182, 105, 105, 365, 15, 10
33, 216, 268, 265, 87, 108, 35, 12, 42, 206, 290, 241, 118, 78, 36, 13, 121, 226, 398, 92, 82, 62, 37, 6
102, 69, 313, 338, 122, 48, 32, 0, 102, 66, 306, 293, 96, 120, 39, 2, 103, 84, 357, 202, 57, 116, 96, 9
95, 309, 165, 221, 120, 66, 22, 26, 127, 292, 119, 185, 141, 93, 34, 33, 167, 256, 117, 165, 129, 82, 72, 36
20, 981, 13, 8, 2, 0, 0, 0, 105, 905, 5, 9, 0, 0, 0, 0, 810, 201, 6, 7, 0, 0, 0, 0
3, 998, 13, 4, 3, 2, 1, 0, 39, 962, 13, 3, 3, 3, 1, 0, 492, 511, 10, 4, 5, 1, 1, 0
137, 698, 27, 32, 47, 44, 35, 4, 130, 701, 29, 32, 42, 36, 45, 9, 348, 455, 43, 36, 41, 34, 50, 17
90, 70, 0, 0, 0, 0, 0, 0, 90, 70, 0, 0, 0, 0, 0, 0, 104, 56, 0, 0, 0, 0, 0, 0
0, 0, 6, 835, 174, 9, 0, 0, 0, 0, 2, 824, 180, 18, 0, 0, 0, 0, 156, 737, 131, 0, 0, 0
5, 75, 574, 362, 7, 1, 0, 0, 9, 70, 543, 393, 8, 1, 0, 0, 16, 185, 753, 68, 1, 1, 0, 0
72, 52, 64, 219, 266, 163, 182, 6, 69, 57, 51, 234, 264, 153, 176, 20, 87, 54, 114, 233, 269, 111, 155, 1
0, 0, 3, 156, 324, 514, 21, 6, 0, 0, 3, 157, 326, 511, 21, 6, 0, 1, 124, 286, 519, 73, 21, 0
15, 326, 366, 179, 46, 92, 0, 0, 0, 308, 399, 176, 47, 93, 1, 0, 92, 515, 259, 57, 79, 22, 0, 0
7, 45, 8, 9, 9, 36, 910, 0, 0, 36, 19, 10, 10, 16, 933, 0, 0, 46, 12, 10, 14, 942, 0, 0
0, 0, 26, 31, 41, 57, 860, 9, 0, 0, 24, 29, 42, 53, 866, 10, 0, 14, 29, 31, 56, 861, 29, 4
19, 231, 129, 94, 171, 204, 172, 4, 10, 225, 139, 80, 156, 218, 192, 4, 39, 297, 99, 116, 217, 219, 35, 2
7, 67, 95, 74, 146, 245, 390, 0, 0, 36, 131, 65, 147, 263, 382, 0, 4, 99, 52, 188, 268, 409, 4, 0
43, 118, 401, 174, 185, 52, 51, 0, 6, 129, 400, 136, 240, 64, 49, 0, 5, 447, 104, 245, 163, 60, 0, 0
12, 98, 207, 132, 103, 114, 343, 15, 20, 133, 196, 130, 91, 114, 326, 14, 73, 220, 145, 106, 117, 335, 16, 12
4, 149, 138, 340, 59, 198, 98, 38, 17, 119, 165, 329, 61, 194, 101, 38, 77, 196, 353, 48, 154, 117, 50, 29
100, 61, 81, 115, 131, 155, 320, 61, 95, 28, 23, 146, 135, 175, 349, 73, 96, 28, 27, 85, 91, 233, 390, 74
23, 275, 238, 304, 93, 48, 33, 10, 0, 253, 55, 412, 179, 60, 52, 13, 0, 249, 57, 318, 143, 142, 101, 14
9, 1015, 0, 0, 0, 0, 0, 0, 0, 1024, 0, 0, 0, 0, 0, 0, 700, 324, 0, 0, 0, 0, 0, 0
0, 1024, 0, 0, 0, 0, 0, 0, 0, 1024, 0, 0, 0, 0, 0, 0, 930, 94, 0, 0, 0, 0, 0, 0
0, 1024, 0, 0, 0, 0, 0, 0, 0, 1024, 0, 0, 0, 0, 0, 0, 950, 74, 0, 0, 0, 0, 0, 0
0, 160, 0, 0, 0, 0, 0, 0, 0, 160, 0, 0, 0, 0, 0, 0, 109, 51, 0, 0, 0, 0, 0, 0
0, 0, 2, 843, 154, 25, 0, 0, 0, 0, 2, 833, 162, 27, 0, 0, 0, 0, 38, 848, 126, 12, 0, 0
0, 0, 39, 896, 70, 19, 0, 0, 0, 0, 27, 902, 72, 23, 0, 0, 0, 0, 729, 229, 61, 5, 0, 0
133, 178, 63, 278, 285, 87, 0, 0, 156, 154, 63, 309, 263, 79, 0, 0, 239, 103, 191, 366, 125, 0, 0, 0
0, 0, 0, 0, 80, 730, 214, 0, 0, 0, 0, 0, 81, 729, 214, 0, 0, 0, 0, 46, 521, 457, 0, 0
0, 184, 357, 220, 183, 80, 0, 0, 0, 232, 308, 206, 193, 85, 0, 0, 95, 430, 187, 212, 89, 11, 0, 0
42, 206, 55, 41, 54, 85, 541, 0, 0, 97, 185, 47, 55, 68, 571, 1, 3, 193, 124, 53, 62, 588, 1, 0
7, 28, 31, 41, 57, 73, 787, 0, 0, 22, 34, 41, 54, 78, 795, 0, 6, 43, 42, 58, 72, 800, 3, 0
0, 36, 52, 104, 91, 91, 650, 0, 5, 49, 33, 70, 85, 109, 673, 0, 24, 42, 78, 75, 111, 689, 5, 0
14, 54, 103, 189, 246, 144, 274, 0, 0, 74, 94, 150, 271, 160, 275, 0, 20, 105, 127, 249, 206, 312, 5, 0
5, 85, 404, 106, 222, 142, 59, 1, 0, 70, 412, 104, 220, 155, 62, 1, 0, 451, 93, 201, 187, 90, 2, 0
94, 192, 181, 97, 59, 97, 298, 6, 125, 211, 156, 74, 66, 106, 280, 6, 202, 193, 118, 76, 85, 333, 11, 6
5, 119, 68, 395, 50, 192, 123, 72, 15, 72, 85, 414, 51, 185, 119, 83, 23, 115, 437, 51, 116, 115, 107, 60
2, 24, 139, 199, 46, 134, 330, 150, 1, 22, 95, 241, 47, 134, 327, 157, 2, 30, 137, 195, 53, 136, 321, 150
2, 425, 25, 360, 73, 78, 61, 0, 0, 426, 19, 313, 108, 90, 68, 0, 76, 348, 20, 342, 72, 95, 71, 0
0, 1005, 16, 3, 0, 0, 0, 0, 28, 994, 2, 0, 0, 0, 0, 0, 457, 567, 0, 0, 0, 0, 0, 0
0, 1024, 0, 0, 0, 0, 0, 0, 0, 1024, 0, 0, 0, 0, 0, 0, 412, 612, 0, 0, 0, 0, 0, 0
0, 944, 80, 0, 0, 0, 0, 0, 0, 1024, 0, 0, 0, 0, 0, 0, 701, 323, 0, 0, 0, 0, 0, 0
0, 160, 0, 0, 0, 0, 0, 0, 27, 133, 0, 0, 0, 0, 0, 0, 93, 67, 0, 0, 0, 0, 0, 0
0, 0, 0, 969, 48, 7, 0, 0, 0, 0, 0, 955, 62, 6, 1, 0, 0, 0, 49, 937, 31, 7, 0, 0
0, 0, 3, 830, 172, 19, 0, 0, 0, 0, 2, 825, 177, 20, 0, 0, 0, 0, 458, 428, 131, 7, 0, 0
57, 220, 134, 520, 93, 0, 0, 0, 77, 200, 146, 520, 81, 0, 0, 0, 202, 153, 452, 201, 16, 0, 0, 0
0, 0, 0, 26, 155, 518, 325, 0, 0, 0, 0, 43, 159, 503, 319, 0, 0, 0, 21, 146, 338, 519, 0, 0
0, 216, 230, 191, 213, 174, 0, 0, 0, 252, 197, 188, 214, 173, 0, 0, 88, 355, 163, 191, 227, 0, 0, 0
69, 212, 85, 44, 56, 256, 302, 0, 0, 139, 216, 46, 53, 163, 407, 0, 2, 285, 98, 51, 138, 450, 0, 0
16, 187, 15, 18, 41, 33, 714, 0, 0, 162, 51, 14, 34, 44, 719, 0, 5, 195, 24, 30, 49, 719, 2, 0
0, 5, 55, 130, 98, 65, 665, 6, 0, 11, 71, 139, 81, 59, 656, 7, 4, 43, 116, 116, 68, 659, 18, 0
4, 160, 218, 248, 230, 114, 50, 0, 0, 140, 240, 260, 221, 103, 60, 0, 16, 334, 163, 310, 125, 76, 0, 0
0, 77, 153, 104, 151, 195, 344, 0, 0, 65, 160, 101, 148, 178, 372, 0, 0, 196, 87, 159, 166, 414, 2, 0
19, 204, 180, 139, 104, 237, 139, 2, 51, 240, 178, 114, 74, 282, 84, 1, 153, 275, 128, 83, 161, 220, 3, 1
0, 94, 209, 169, 116, 142, 229, 65, 2, 89, 209, 255, 107, 89, 174, 99, 4, 209, 193, 124, 116, 101, 189, 88
4, 53, 170, 357, 268, 86, 61, 25, 5, 92, 217, 424, 159, 39, 62, 26, 14, 149, 363, 324, 68, 28, 53, 25
0, 33, 162, 323, 301, 186, 19, 0, 1, 186, 249, 402, 105, 77, 4, 0, 47, 336, 297, 230, 76, 35, 3, 0
26, 362, 207, 205, 191, 33, 0, 0, 167, 350, 55, 112, 249, 87, 4, 0, 383, 163, 88, 222, 145, 23, 0, 0
0, 364, 238, 235, 150, 37, 0, 0, 0, 334, 109, 256, 230, 93, 2, 0, 126, 257, 245, 232, 123, 41, 0, 0
158, 114, 214, 337, 171, 29, 1, 0, 169, 110, 81, 305, 273, 75, 11, 0, 220, 166, 208, 250, 143, 31, 6, 0
133, 27, 0, 0, 0, 0, 0, 0, 153, 7, 0, 0, 0, 0, 0, 0, 160, 0, 0, 0, 0, 0, 0, 0
0, 0, 5, 859, 100, 43, 17, 0, 0, 0, 2, 845, 116, 40, 21, 0, 0, 0, 96, 797, 76, 44, 11, 0
0, 0, 3, 805, 175, 41, 0, 0, 0, 0, 0, 787, 196, 41, 0, 0, 0, 0, 201, 682, 109, 32, 0, 0
35, 157, 48, 704, 80, 0, 0, 0, 41, 150, 47, 705, 81, 0, 0, 0, 143, 71, 353, 415, 42, 0, 0, 0
20, 83, 41, 132, 178, 369, 201, 0, 52, 56, 54, 135, 166, 360, 201, 0, 84, 35, 131, 191, 267, 316, 0, 0
0, 189, 69, 170, 203, 379, 14, 0, 0, 222, 37, 170, 202, 379, 14, 0, 129, 121, 157, 174, 345, 98, 0, 0
35, 251, 164, 47, 57, 403, 67, 0, 0, 308, 140, 47, 56, 389, 84, 0, 15, 409, 50, 50, 295, 205, 0, 0
10, 54, 128, 187, 132, 139, 374, 0, 25, 81, 146, 181, 90, 141, 360, 0, 52, 83, 201, 144, 105, 437, 2, 0
3, 159, 70, 81, 102, 328, 281, 0, 0, 163, 73, 78, 103, 300, 307, 0, 50, 177, 71, 101, 218, 406, 1, 0
0, 142, 253, 118, 238, 188, 84, 1, 0, 103, 277, 117, 240, 188, 98, 1, 0, 365, 79, 263, 178, 138, 0, 1
0, 1, 3, 6, 11, 564, 431, 8, 0, 1, 3, 6, 19, 614, 372, 9, 1, 3, 6, 28, 412, 557, 13, 4
7, 231, 255, 156, 101, 206, 53, 15, 15, 259, 256, 130, 111, 205, 28, 20, 46, 381, 171, 131, 196, 62, 31, 6
355, 525, 99, 38, 5, 2, 0, 0, 476, 458, 76, 13, 1, 0, 0, 0, 643, 312, 61, 7, 1, 0, 0, 0
188, 227, 112, 205, 188, 83, 14, 7, 267, 214, 174, 224, 75, 55, 9, 6, 395, 187, 217, 131, 55, 29, 6, 4
379, 358, 38, 50, 101, 81, 17, 0, 575, 188, 38, 79, 73, 58, 13, 0, 740, 51, 89, 82, 41, 21, 0, 0
660, 227, 54, 51, 32, 0, 0, 0, 768, 114, 43, 41, 50, 8, 0, 0, 843, 62, 51, 46, 22, 0, 0, 0
507, 199, 156, 102, 46, 14, 0, 0, 492, 164, 165, 100, 68, 32, 3, 0, 582, 190, 118, 84, 38, 12, 0, 0
62, 153, 384, 334, 48, 43, 0, 0, 48, 39, 240, 463, 168, 61, 5, 0, 64, 160, 364, 322, 70, 44, 0, 0
160, 0, 0, 0, 0, 0, 0, 0, 67, 93, 0, 0, 0, 0, 0, 0, 88, 72, 0, 0, 0, 0, 0, 0
0, 0, 0, 487, 299, 182, 56, 0, 0, 0, 0, 446, 317, 199, 62, 0, 0, 0, 70, 513, 230, 178, 33, 0
0, 0, 1, 873, 113, 37, 0, 0, 0, 0, 0, 863, 123, 38, 0, 0, 0, 0, 63, 846, 82, 33, 0, 0
0, 6, 26, 894, 87, 11, 0, 0, 0, 6, 24, 888, 93, 13, 0, 0, 0, 9, 531, 429, 49, 6, 0, 0
132, 159, 81, 194, 193, 242, 23, 0, 156, 139, 88, 200, 187, 235, 19, 0, 217, 106, 205, 200, 210, 86, 0, 0
0, 32, 69, 134, 263, 504, 22, 0, 0, 33, 68, 135, 262, 504, 22, 0, 30, 30, 143, 223, 435, 163, 0, 0
59, 499, 65, 53, 121, 227, 0, 0, 2, 538, 76, 57, 113, 238, 0, 0, 256, 336, 61, 81, 288, 2, 0, 0
165, 210, 163, 82, 66, 322, 10, 6, 175, 201, 159, 84, 64, 326, 9, 6, 220, 248, 119, 59, 265, 100, 5, 8
13, 339, 89, 49, 74, 453, 7, 0, 4, 348, 87, 47, 73, 456, 9, 0, 103, 311, 51, 79, 400, 80, 0, 0
17, 305, 338, 125, 69, 166, 3, 1, 14, 252, 349, 167, 67, 171, 3, 1, 33, 504, 158, 152, 164, 13, 0, 0
0, 0, 1, 17, 60, 651, 145, 150, 0, 0, 2, 18, 71, 661, 115, 157, 0, 0, 16, 70, 563, 152, 88, 135
24, 105, 72, 34, 55, 119, 296, 319, 7, 105, 84, 35, 54, 114, 251, 374, 25, 125, 55, 38, 73, 110, 268, 330
59, 484, 235, 72, 25, 31, 68, 50, 93, 450, 248, 58, 25, 31, 64, 55, 239, 417, 169, 37, 19, 32, 73, 38
40, 159, 69, 431, 272, 36, 16, 1, 53, 136, 75, 144, 571, 25, 20, 0, 73, 146, 63, 460, 262, 18, 2, 0
16, 248, 175, 231, 204, 97, 47, 6, 5, 351, 185, 169, 168, 114, 28, 4, 91, 446, 158, 134, 139, 51, 5, 0
16, 166, 340, 352, 123, 27, 0, 0, 27, 264, 275, 318, 96, 39, 5, 0, 141, 293, 335, 178, 49, 28, 0, 0
4, 86, 353, 404, 158, 19, 0, 0, 2, 36, 233, 481, 253, 19, 0, 0, 24, 131, 340, 358, 165, 6, 0, 0
118, 269, 340, 262, 35, 0, 0, 0, 45, 285, 267, 297, 128, 2, 0, 0, 77, 371, 280, 246, 50, 0, 0, 0
160, 0, 0, 0, 0, 0, 0, 0, 0, 160, 0, 0, 0, 0, 0, 0, 0, 160, 0, 0, 0, 0, 0, 0
0, 0, 1, 374, 577, 59, 13, 0, 0, 0, 1, 271, 674, 63, 15, 0, 0, 0, 13, 626, 321, 58, 6, 0
0, 0, 0, 866, 95, 36, 27, 0, 0, 0, 0, 849, 106, 39, 30, 0, 0, 0, 122, 785, 61, 32, 24, 0
0, 0, 2, 722, 202, 97, 1, 0, 0, 0, 1, 709, 210, 103, 1, 0, 0, 0, 298, 512, 133, 81, 0, 0
168, 119, 156, 434, 131, 16, 0, 0, 174, 120, 157, 438, 121, 14, 0, 0, 215, 138, 405, 235, 31, 0, 0, 0
0, 0, 2, 112, 298, 612, 0, 0, 0, 0, 3, 116, 298, 607, 0, 0, 0, 0, 50, 301, 673, 0, 0, 0
117, 438, 170, 170, 100, 29, 0, 0, 91, 461, 174, 170, 88, 40, 0, 0, 388, 274, 184, 123, 55, 0, 0, 0
84, 126, 84, 238, 302, 169, 14, 7, 72, 141, 104, 267, 342, 84, 8, 6, 94, 186, 273, 357, 97, 11, 4, 2
91, 249, 97, 133, 294, 156, 4, 0, 41, 305, 93, 140, 314, 131, 0, 0, 82, 311, 157, 290, 178, 6, 0, 0
59, 286, 152, 147, 262, 118, 0, 0, 47, 272, 185, 147, 278, 95, 0, 0, 95, 308, 208, 261, 152, 0, 0, 0
0, 35, 42, 86, 473, 388, 0, 0, 3, 58, 18, 94, 541, 310, 0, 0, 34, 37, 53, 462, 438, 0, 0, 0
7, 47, 116, 305, 397, 56, 33, 63, 13, 135, 278, 262, 194, 45, 31, 66, 72, 248, 229, 230, 127, 21, 31, 66
136, 158, 419, 311, 0, 0, 0, 0, 134, 209, 452, 229, 0, 0, 0, 0, 167, 318, 446, 93, 0, 0, 0, 0
108, 168, 98, 644, 6, 0, 0, 0, 102, 159, 105, 564, 94, 0, 0, 0, 113, 169, 97, 639, 6, 0, 0, 0
167, 674, 148, 28, 7, 0, 0, 0, 159, 831, 34, 0, 0, 0, 0, 0, 236, 788, 0, 0, 0, 0, 0, 0
19, 395, 294, 247, 56, 12, 1, 0, 239, 468, 233, 29, 43, 11, 1, 0, 442, 396, 121, 27, 31, 6, 1, 0
0, 14, 155, 418, 303, 134, 0, 0, 0, 11, 147, 426, 309, 131, 0, 0, 0, 38, 189, 407, 271, 119, 0, 0
4, 115, 438, 466, 1, 0, 0, 0, 4, 116, 431, 471, 2, 0, 0, 0, 8, 224, 675, 116, 1, 0, 0, 0
0, 17, 8, 135, 0, 0, 0, 0, 0, 14, 9, 137, 0, 0, 0, 0, 0, 19, 141, 0, 0, 0, 0, 0
0, 0, 0, 320, 658, 29, 17, 0, 0, 0, 0, 218, 758, 30, 18, 0, 0, 0, 0, 526, 454, 28, 16, 0
0, 0, 0, 523, 254, 134, 103, 10, 0, 0, 0, 488, 277, 141, 100, 18, 0, 0, 105, 472, 212, 126, 106, 3
0, 0, 4, 696, 290, 34, 0, 0, 0, 0, 1, 675, 311, 37, 0, 0, 0, 0, 187, 648, 164, 25, 0, 0
182, 85, 381, 350, 26, 0, 0, 0, 184, 88, 371, 354, 27, 0, 0, 0, 210, 111, 489, 212, 2, 0, 0, 0
6, 24, 84, 216, 540, 154, 0, 0, 6, 34, 92, 213, 525, 154, 0, 0, 9, 76, 188, 481, 270, 0, 0, 0
42, 456, 164, 289, 73, 0, 0, 0, 11, 489, 158, 288, 78, 0, 0, 0, 342, 255, 215, 212, 0, 0, 0, 0
595, 92, 53, 127, 157, 0, 0, 0, 75, 599, 53, 120, 177, 0, 0, 0, 122, 570, 56, 276, 0, 0, 0, 0
68, 82, 112, 339, 423, 0, 0, 0, 1, 130, 119, 275, 499, 0, 0, 0, 3, 156, 139, 726, 0, 0, 0, 0
225, 305, 210, 256, 28, 0, 0, 0, 2, 506, 224, 258, 34, 0, 0, 0, 11, 522, 246, 233, 12, 0, 0, 0
0, 48, 158, 178, 608, 32, 0, 0, 0, 103, 227, 97, 593, 4, 0, 0, 19, 309, 96, 517, 83, 0, 0, 0
0, 554, 382, 88, 0, 0, 0, 0, 126, 798, 100, 0, 0, 0, 0, 0, 856, 168, 0, 0, 0, 0, 0, 0
17, 414, 334, 67, 44, 130, 16, 2, 192, 564, 89, 77, 92, 10, 0, 0, 709, 134, 74, 92, 13, 2, 0, 0
27, 19, 63, 108, 683, 124, 0, 0, 38, 55, 202, 717, 12, 0, 0, 0, 43, 238, 714, 29, 0, 0, 0, 0
127, 31, 45, 184, 633, 4, 0, 0, 143, 52, 455, 374, 0, 0, 0, 0, 148, 284, 592, 0, 0, 0, 0, 0
346, 73, 187, 216, 138, 51, 13, 0, 357, 268, 185, 47, 100, 53, 14, 0, 427, 304, 95, 70, 94, 29, 5, 0
0, 0, 0, 3, 305, 532, 184, 0, 0, 0, 0, 2, 302, 530, 190, 0, 0, 0, 0, 10, 343, 531, 140, 0
213, 267, 110, 253, 144, 10, 8, 19, 208, 258, 121, 245, 155, 9, 4, 24, 301, 176, 186, 199, 118, 13, 8, 23
27, 17, 5, 111, 0, 0, 0, 0, 30, 15, 5, 110, 0, 0, 0, 0, 30, 15, 115, 0, 0, 0, 0, 0
0, 0, 0, 241, 694, 54, 15, 20, 0, 0, 0, 214, 708, 63, 18, 21, 0, 0, 1, 295, 650, 46, 15, 17
0, 0, 0, 184, 633, 118, 73, 16, 0, 0, 0, 164, 640, 126, 71, 23, 0, 0, 22, 207, 597, 111, 73, 14
0, 0, 3, 741, 227, 40, 12, 1, 0, 0, 2, 719, 247, 43, 12, 1, 0, 0, 33, 828, 117, 34, 11, 1
22, 24, 517, 394, 67, 0, 0, 0, 22, 24, 497, 408, 73, 0, 0, 0, 26, 47, 709, 211, 31, 0, 0, 0
156, 129, 187, 274, 278, 0, 0, 0, 154, 141, 191, 270, 268, 0, 0, 0, 174, 230, 225, 394, 1, 0, 0, 0
204, 230, 156, 360, 74, 0, 0, 0, 202, 228, 154, 336, 104, 0, 0, 0, 351, 163, 246, 264, 0, 0, 0, 0
686, 98, 66, 174, 0, 0, 0, 0, 363, 415, 62, 184, 0, 0, 0, 0, 450, 345, 128, 101, 0, 0, 0, 0
643, 158, 86, 137, 0, 0, 0, 0, 110, 681, 90, 141, 2, 0, 0, 0, 119, 691, 85, 129, 0, 0, 0, 0
673, 268, 43, 31, 9, 0, 0, 0, 219, 707, 51, 35, 12, 0, 0, 0, 238, 705, 40, 39, 2, 0, 0, 0
31, 56, 76, 402, 453, 6, 0, 0, 27, 58, 75, 439, 422, 3, 0, 0, 41, 72, 196, 653, 62, 0, 0, 0
0, 54, 292, 311, 336, 8, 9, 14, 7, 245, 163, 338, 239, 9, 9, 14, 269, 86, 209, 308, 122, 9, 7, 14
57, 264, 234, 360, 78, 19, 10, 2, 100, 338, 342, 168, 49, 16, 9, 2, 324, 427, 129, 92, 33, 10, 9, 0
131, 301, 262, 230, 91, 8, 1, 0, 182, 362, 288, 186, 5, 1, 0, 0, 301, 387, 266, 67, 2, 1, 0, 0
706, 191, 127, 0, 0, 0, 0, 0, 695, 201, 112, 16, 0, 0, 0, 0, 670, 254, 71, 29, 0, 0, 0, 0
651, 41, 213, 65, 24, 28, 2, 0, 651, 39, 215, 64, 25, 28, 2, 0, 662, 225, 65, 29, 22, 19, 2, 0
90, 22, 19, 227, 226, 258, 164, 18, 7, 100, 22, 238, 203, 262, 168, 24, 19, 83, 116, 172, 197, 280, 139, 18
256, 355, 224, 125, 27, 21, 13, 3, 196, 372, 241, 139, 34, 17, 19, 6, 195, 389, 267, 90, 31, 24, 19, 9
13, 42, 24, 81, 0, 0, 0, 0, 8, 48, 25, 79, 0, 0, 0, 0, 15, 42, 103, 0, 0, 0, 0, 0
0, 0, 0, 377, 278, 191, 82, 96, 0, 0, 0, 341, 274, 218, 81, 110, 0, 0, 19, 361, 280, 181, 84, 99
0, 0, 0, 12, 775, 177, 51, 9, 0, 0, 0, 7, 725, 227, 50, 15, 0, 0, 0, 45, 784, 135, 57, 3
0, 0, 0, 601, 317, 88, 17, 1, 0, 0, 0, 580, 326, 97, 20, 1, 0, 0, 104, 613, 225, 71, 11, 0
0, 0, 477, 481, 66, 0, 0, 0, 0, 0, 462, 490, 72, 0, 0, 0, 0, 35, 674, 265, 50, 0, 0, 0
155, 241, 449, 178, 1, 0, 0, 0, 160, 235, 452, 177, 0, 0, 0, 0, 190, 468, 317, 49, 0, 0, 0, 0
153, 111, 220, 540, 0, 0, 0, 0, 141, 118, 226, 539, 0, 0, 0, 0, 179, 167, 571, 107, 0, 0, 0, 0
471, 211, 174, 167, 1, 0, 0, 0, 280, 338, 199, 205, 2, 0, 0, 0, 346, 380, 262, 36, 0, 0, 0, 0
439, 164, 153, 233, 35, 0, 0, 0, 148, 439, 141, 269, 27, 0, 0, 0, 169, 463, 260, 117, 15, 0, 0, 0
111, 148, 147, 341, 273, 4, 0, 0, 51, 196, 191, 371, 211, 4, 0, 0, 89, 218, 277, 292, 146, 2, 0, 0
1, 36, 199, 673, 111, 4, 0, 0, 0, 13, 230, 643, 132, 6, 0, 0, 2, 29, 379, 579, 33, 2, 0, 0
13, 63, 191, 417, 326, 14, 0, 0, 12, 76, 207, 391, 324, 14, 0, 0, 13, 122, 290, 316, 274, 9, 0, 0
10, 27, 214, 473, 158, 110, 32, 0, 14, 21, 183, 514, 150, 113, 29, 0, 22, 73, 221, 503, 85, 120, 0, 0
0, 373, 382, 269, 0, 0, 0, 0, 0, 323, 396, 305, 0, 0, 0, 0, 1, 561, 159, 303, 0, 0, 0, 0
82, 52, 890, 0, 0, 0, 0, 0, 82, 66, 876, 0, 0, 0, 0, 0, 104, 914, 6, 0, 0, 0, 0, 0
77, 23, 657, 267, 0, 0, 0, 0, 10, 89, 665, 260, 0, 0, 0, 0, 23, 677, 292, 32, 0, 0, 0, 0
182, 267, 53, 417, 105, 0, 0, 0, 152, 285, 66, 512, 9, 0, 0, 0, 225, 241, 163, 395, 0, 0, 0, 0
124, 219, 110, 552, 10, 6, 3, 0, 136, 184, 139, 544, 9, 8, 3, 1, 112, 240, 508, 144, 7, 8, 3, 2
31, 109, 8, 12, 0, 0, 0, 0, 48, 94, 8, 10, 0, 0, 0, 0, 103, 39, 17, 1, 0, 0, 0, 0
0, 0, 0, 60, 62, 137, 457, 308, 0, 0, 0, 51, 54, 128, 425, 366, 0, 0, 0, 49, 62, 131, 446, 336
0, 0, 0, 193, 374, 362, 50, 45, 0, 0, 0, 175, 339, 408, 55, 47, 0, 0, 0, 212, 433, 288, 47, 44
0, 0, 8, 252, 499, 197, 66, 2, 0, 0, 0, 251, 468, 233, 66, 6, 0, 0, 128, 194, 507, 122, 73, 0
0, 0, 511, 496, 17, 0, 0, 0, 0, 0, 458, 546, 20, 0, 0, 0, 0, 37, 688, 289, 10, 0, 0, 0
221, 144, 419, 240, 0, 0, 0, 0, 217, 127, 418, 262, 0, 0, 0, 0, 257, 237, 322, 208, 0, 0, 0, 0
218, 78, 99, 549, 80, 0, 0, 0, 121, 158, 99, 559, 87, 0, 0, 0, 197, 119, 184, 472, 52, 0, 0, 0
229, 360, 212, 171, 52, 0, 0, 0, 17, 331, 330, 257, 83, 6, 0, 0, 355, 381, 170, 91, 27, 0, 0, 0
279, 266, 237, 188, 44, 10, 0, 0, 164, 291, 245, 257, 52, 15, 0, 0, 324, 413, 206, 78, 3, 0, 0, 0
198, 233, 251, 168, 92, 47, 28, 7, 84, 265, 223, 240, 107, 59, 28, 18, 346, 298, 188, 87, 40, 33, 27, 5
3, 196, 233, 219, 174, 83, 43, 73, 0, 208, 247, 180, 171, 92, 50, 76, 1, 262, 217, 188, 171, 67, 47, 71
0, 18, 242, 205, 155, 169, 163, 72, 0, 86, 239, 145, 147, 168, 159, 80, 0, 160, 213, 138, 135, 144, 155, 79
45, 219, 387, 206, 119, 48, 0, 0, 49, 225, 266, 325, 108, 51, 0, 0, 62, 254, 300, 264, 111, 33, 0, 0
0, 564, 373, 87, 0, 0, 0, 0, 0, 474, 440, 109, 1, 0, 0, 0, 1, 717, 196, 109, 1, 0, 0, 0
0, 46, 977, 1, 0, 0, 0, 0, 0, 109, 912, 3, 0, 0, 0, 0, 0, 971, 53, 0, 0, 0, 0, 0
179, 65, 321, 455, 4, 0, 0, 0, 0, 229, 342, 444, 9, 0, 0, 0, 0, 424, 447, 152, 1, 0, 0, 0
295, 378, 180, 112, 30, 15, 11, 3, 139, 454, 248, 116, 26, 22, 16, 3, 173, 466, 184, 124, 29, 28, 12, 8
184, 474, 166, 200, 0, 0, 0, 0, 187, 454, 195, 188, 0, 0, 0, 0, 289, 424, 257, 54, 0, 0, 0, 0
40, 78, 17, 25, 0, 0, 0, 0, 39, 75, 21, 25, 0, 0, 0, 0, 58, 58, 44, 0, 0, 0, 0, 0
0, 0, 0, 0, 0, 9, 431, 584, 0, 0, 0, 0, 0, 4, 337, 683, 0, 0, 0, 0, 0, 4, 356, 664
0, 0, 0, 119, 186, 234, 163, 322, 0, 0, 0, 93, 200, 228, 164, 339, 0, 0, 0, 133, 208, 208, 149, 326
0, 0, 5, 172, 490, 346, 11, 0, 0, 0, 1, 154, 450, 398, 21, 0, 0, 0, 16, 288, 414, 295, 11, 0
0, 0, 645, 323, 56, 0, 0, 0, 0, 0, 609, 354, 61, 0, 0, 0, 0, 85, 694, 219, 26, 0, 0, 0
68, 66, 279, 611, 0, 0, 0, 0, 66, 67, 258, 633, 0, 0, 0, 0, 74, 127, 256, 567, 0, 0, 0, 0
0, 0, 0, 997, 27, 0, 0, 0, 0, 0, 0, 889, 135, 0, 0, 0, 0, 0, 0, 964, 60, 0, 0, 0
400, 167, 112, 180, 159, 6, 0, 0, 6, 539, 120, 206, 128, 25, 0, 0, 110, 473, 198, 125, 113, 5, 0, 0
523, 196, 177, 108, 20, 0, 0, 0, 282, 426, 182, 114, 20, 0, 0, 0, 364, 460, 151, 49, 0, 0, 0, 0
130, 88, 83, 28, 41, 50, 79, 525, 101, 119, 77, 30, 46, 50, 64, 537, 67, 161, 65, 52, 45, 51, 69, 514
0, 36, 79, 72, 129, 174, 246, 288, 0, 17, 109, 172, 180, 98, 148, 300, 3, 68, 231, 112, 67, 114, 176, 253
0, 22, 73, 97, 202, 339, 218, 73, 0, 4, 87, 147, 238, 289, 178, 81, 0, 10, 102, 196, 290, 189, 154, 83
1, 159, 232, 197, 241, 116, 73, 5, 1, 160, 204, 258, 236, 102, 60, 3, 18, 178, 241, 283, 175, 81, 43, 5
50, 527, 347, 69, 31, 0, 0, 0, 52, 423, 452, 58, 39, 0, 0, 0, 76, 510, 363, 48, 27, 0, 0, 0
0, 16, 240, 170, 576, 9, 8, 5, 0, 15, 225, 148, 610, 9, 7, 10, 4, 33, 255, 166, 542, 10, 6, 8
101, 238, 109, 449, 104, 10, 9, 4, 62, 247, 121, 398, 169, 10, 9, 8, 86, 254, 95, 451, 113, 10, 8, 7
106, 226, 132, 519, 23, 12, 4, 2, 74, 201, 153, 476, 91, 19, 7, 3, 76, 226, 149, 489, 53, 19, 12, 0
63, 57, 35, 869, 0, 0, 0, 0, 49, 70, 33, 872, 0, 0, 0, 0, 49, 83, 249, 643, 0, 0, 0, 0
0, 0, 9, 151, 0, 0, 0, 0, 0, 0, 2, 158, 0, 0, 0, 0, 0, 0, 95, 65, 0, 0, 0, 0
0, 0, 0, 0, 0, 0, 28, 996, 0, 0, 0, 0, 0, 0, 22, 1002, 0, 0, 0, 0, 0, 0, 18, 1006
0, 0, 0, 33, 41, 50, 289, 611, 0, 0, 0, 11, 55, 48, 199, 711, 0, 0, 0, 17, 62, 47, 224, 674
0, 0, 0, 173, 495, 217, 85, 54, 0, 0, 0, 145, 504, 222, 92, 61, 0, 0, 2, 279, 420, 186, 81, 56
0, 11, 522, 446, 45, 0, 0, 0, 0, 10, 498, 467, 49, 0, 0, 0, 0, 189, 528, 289, 18, 0, 0, 0
466, 179, 224, 147, 8, 0, 0, 0, 453, 177, 242, 132, 20, 0, 0, 0, 450, 307, 153, 105, 9, 0, 0, 0
181, 93, 64, 173, 166, 50, 39, 258, 85, 170, 52, 165, 165, 57, 57, 273, 65, 201, 104, 98, 118, 62, 54, 322
116, 80, 31, 50, 37, 12, 28, 670, 3, 186, 33, 58, 28, 17, 54, 645, 34, 160, 39, 79, 55, 43, 69, 545
120, 110, 106, 268, 216, 17, 9, 178, 31, 192, 99, 263, 233, 16, 9, 181, 57, 170, 141, 253, 201, 20, 6, 176
380, 116, 217, 277, 34, 0, 0, 0, 355, 133, 219, 270, 47, 0, 0, 0, 323, 203, 247, 215, 36, 0, 0, 0
510, 79, 96, 47, 86, 59, 75, 72, 572, 132, 112, 58, 33, 39, 28, 50, 481, 161, 137, 71, 36, 44, 39, 55
92, 157, 86, 86, 115, 245, 199, 44, 233, 149, 85, 68, 80, 188, 189, 32, 195, 131, 100, 53, 68, 180, 232, 65
0, 22, 215, 313, 205, 138, 79, 52, 0, 42, 230, 305, 201, 108, 89, 49, 0, 89, 229, 294, 179, 77, 91, 65
0, 7, 180, 75, 60, 33, 24, 645, 0, 5, 166, 86, 36, 56, 27, 648, 0, 31, 167, 55, 48, 53, 26, 644
0, 7, 63, 58, 396, 131, 153, 216, 0, 6, 59, 27, 99, 397, 127, 309, 0, 39, 47, 23, 194, 359, 129, 233
88, 273, 187, 99, 66, 30, 80, 201, 51, 218, 231, 108, 75, 52, 60, 229, 58, 217, 185, 112, 86, 58, 64, 244
128, 377, 208, 185, 64, 62, 0, 0, 72, 376, 246, 167, 48, 65, 50, 0, 103, 425, 195, 158, 55, 74, 14, 0
95, 419, 380, 125, 2, 3, 0, 0, 46, 410, 357, 206, 2, 3, 0, 0, 118, 438, 325, 142, 1, 0, 0, 0
0, 54, 74, 32, 0, 0, 0, 0, 0, 46, 70, 44, 0, 0, 0, 0, 2, 55, 74, 29, 0, 0, 0, 0
0, 0, 0, 0, 0, 1, 23, 872, 0, 0, 0, 0, 0, 0, 22, 874, 0, 0, 0, 0, 0, 0, 12, 884
0, 0, 0, 0, 0, 0, 79, 817, 0, 0, 0, 0, 0, 0, 23, 873, 0, 0, 0, 0, 0, 0, 16, 880
0, 0, 6, 186, 224, 148, 226, 106, 0, 0, 4, 168, 227, 142, 216, 139, 0, 0, 47, 158, 219, 139, 200, 133
24, 64, 477, 326, 5, 0, 0, 0, 24, 62, 459, 344, 7, 0, 0, 0, 29, 176, 479, 212, 0, 0, 0, 0
611, 91, 157, 37, 0, 0, 0, 0, 598, 109, 155, 34, 0, 0, 0, 0, 585, 203, 108, 0, 0, 0, 0, 0
196, 51, 87, 110, 48, 39, 59, 306, 112, 127, 41, 123, 50, 55, 49, 339, 75, 168, 71, 38, 18, 74, 64, 388
0, 0, 0, 0, 0, 11, 92, 793, 0, 0, 0, 0, 2, 45, 174, 675, 0, 2, 19, 86, 77, 66, 103, 543
49, 30, 50, 90, 96, 45, 41, 495, 25, 53, 46, 91, 90, 55, 43, 493, 30, 56, 76, 86, 84, 37, 81, 446
20, 21, 125, 254, 182, 95, 119, 80, 10, 25, 85, 272, 189, 104, 122, 89, 24, 50, 142, 210, 194, 149, 118, 9
1, 9, 58, 237, 195, 158, 139, 99, 49, 58, 111, 233, 171, 131, 85, 58, 6, 58, 168, 221, 188, 148, 98, 9
30, 91, 138, 159, 215, 164, 65, 34, 74, 163, 163, 235, 152, 87, 19, 3, 21, 119, 189, 190, 192, 143, 38, 4
17, 52, 190, 216, 107, 118, 63, 133, 19, 60, 171, 233, 118, 100, 65, 130, 16, 75, 196, 168, 124, 109, 67, 141
0, 0, 48, 49, 76, 161, 31, 531, 0, 0, 18, 71, 19, 68, 125, 595, 0, 0, 9, 44, 45, 74, 89, 635
0, 0, 0, 7, 80, 564, 178, 67, 0, 0, 0, 0, 15, 76, 588, 217, 0, 0, 0, 0, 20, 79, 590, 207
53, 105, 115, 186, 164, 182, 67, 24, 29, 107, 100, 90, 183, 162, 170, 55, 34, 140, 78, 111, 209, 161, 100, 63
11, 318, 248, 146, 123, 50, 0, 0, 0, 169, 288, 173, 116, 125, 25, 0, 0, 193, 297, 172, 122, 92, 20, 0
135, 120, 78, 387, 135, 35, 6, 0, 107, 137, 62, 68, 373, 142, 7, 0, 114, 131, 78, 208, 244, 121, 0, 0
18, 44, 40, 38, 0, 0, 0, 0, 6, 53, 27, 54, 0, 0, 0, 0, 39, 26, 59, 16, 0, 0, 0, 0
