0, 0, 22, 1000, 2, 0, 0, 0, 0, 0, 49, 975, 0, 0, 0, 0, 0, 0, 68, 955, 1, 0, 0, 0
0, 0, 0, 1024, 0, 0, 0, 0, 0, 0, 0, 1024, 0, 0, 0, 0, 0, 0, 0, 1023, 1, 0, 0, 0
0, 0, 0, 1024, 0, 0, 0, 0, 0, 0, 0, 1024, 0, 0, 0, 0, 0, 0, 0, 1024, 0, 0, 0, 0
0, 0, 0, 1024, 0, 0, 0, 0, 0, 0, 0, 1024, 0, 0, 0, 0, 0, 0, 1, 1023, 0, 0, 0, 0
0, 44, 176, 804, 0, 0, 0, 0, 0, 46, 171, 807, 0, 0, 0, 0, 0, 53, 241, 730, 0, 0, 0, 0
41, 367, 583, 33, 0, 0, 0, 0, 38, 362, 580, 44, 0, 0, 0, 0, 42, 359, 577, 46, 0, 0, 0, 0
88, 675, 227, 34, 0, 0, 0, 0, 113, 667, 196, 48, 0, 0, 0, 0, 139, 639, 197, 49, 0, 0, 0, 0
17, 468, 491, 19, 29, 0, 0, 0, 61, 454, 460, 17, 32, 0, 0, 0, 174, 467, 335, 17, 31, 0, 0, 0
0, 206, 723, 31, 64, 0, 0, 0, 4, 212, 713, 23, 72, 0, 0, 0, 52, 211, 666, 35, 60, 0, 0, 0
0, 13, 1011, 0, 0, 0, 0, 0, 0, 0, 1024, 0, 0, 0, 0, 0, 0, 14, 1010, 0, 0, 0, 0, 0
0, 1, 1023, 0, 0, 0, 0, 0, 0, 0, 1024, 0, 0, 0, 0, 0, 0, 0, 1024, 0, 0, 0, 0, 0
0, 0, 1024, 0, 0, 0, 0, 0, 0, 0, 1024, 0, 0, 0, 0, 0, 0, 0, 1024, 0, 0, 0, 0, 0
0, 3, 1021, 0, 0, 0, 0, 0, 0, 1, 1023, 0, 0, 0, 0, 0, 0, 3, 1021, 0, 0, 0, 0, 0
0, 0, 1024, 0, 0, 0, 0, 0, 0, 0, 1024, 0, 0, 0, 0, 0, 0, 0, 1024, 0, 0, 0, 0, 0
0, 91, 933, 0, 0, 0, 0, 0, 1, 87, 936, 0, 0, 0, 0, 0, 26, 71, 927, 0, 0, 0, 0, 0
0, 688, 336, 0, 0, 0, 0, 0, 351, 338, 335, 0, 0, 0, 0, 0, 434, 269, 321, 0, 0, 0, 0, 0
0, 410, 614, 0, 0, 0, 0, 0, 0, 537, 487, 0, 0, 0, 0, 0, 0, 629, 395, 0, 0, 0, 0, 0
0, 380, 644, 0, 0, 0, 0, 0, 0, 509, 515, 0, 0, 0, 0, 0, 0, 627, 397, 0, 0, 0, 0, 0
0, 553, 471, 0, 0, 0, 0, 0, 0, 635, 389, 0, 0, 0, 0, 0, 50, 621, 353, 0, 0, 0, 0, 0
1, 796, 227, 0, 0, 0, 0, 0, 22, 744, 258, 0, 0, 0, 0, 0, 168, 611, 245, 0, 0, 0, 0, 0
24, 926, 74, 0, 0, 0, 0, 0, 64, 854, 106, 0, 0, 0, 0, 0, 152, 808, 64, 0, 0, 0, 0, 0
0, 802, 100, 36, 30, 37, 19, 0, 0, 853, 60, 33, 35, 43, 0, 0, 1, 883, 46, 34, 36, 24, 0, 0
0, 3, 28, 10, 16, 28, 695, 180, 0, 17, 17, 11, 19, 47, 849, 0, 0, 27, 11, 14, 28, 146, 734, 0
0, 0, 6, 1013, 5, 0, 0, 0, 0, 0, 2, 980, 42, 0, 0, 0, 0, 0, 2, 849, 173, 0, 0, 0
0, 0, 10, 983, 31, 0, 0, 0, 0, 0, 11, 980, 33, 0, 0, 0, 0, 0, 20, 833, 171, 0, 0, 0
0, 0, 0, 1024, 0, 0, 0, 0, 0, 0, 0, 1024, 0, 0, 0, 0, 0, 0, 0, 1010, 14, 0, 0, 0
0, 0, 0, 1024, 0, 0, 0, 0, 0, 0, 0, 1024, 0, 0, 0, 0, 0, 0, 0, 1024, 0, 0, 0, 0
0, 19, 284, 721, 0, 0, 0, 0, 0, 12, 284, 728, 0, 0, 0, 0, 0, 6, 306, 712, 0, 0, 0, 0
116, 453, 383, 72, 0, 0, 0, 0, 126, 436, 382, 80, 0, 0, 0, 0, 132, 393, 440, 59, 0, 0, 0, 0
9, 651, 364, 0, 0, 0, 0, 0, 5, 647, 372, 0, 0, 0, 0, 0, 10, 553, 459, 2, 0, 0, 0, 0
2, 444, 578, 0, 0, 0, 0, 0, 4, 389, 631, 0, 0, 0, 0, 0, 10, 324, 688, 2, 0, 0, 0, 0
1, 503, 505, 15, 0, 0, 0, 0, 9, 308, 669, 38, 0, 0, 0, 0, 36, 194, 745, 49, 0, 0, 0, 0
53, 382, 521, 68, 0, 0, 0, 0, 53, 173, 713, 83, 2, 0, 0, 0, 64, 167, 698, 92, 3, 0, 0, 0
60, 152, 778, 27, 7, 0, 0, 0, 62, 105, 824, 23, 10, 0, 0, 0, 83, 94, 811, 24, 12, 0, 0, 0
77, 55, 889, 3, 0, 0, 0, 0, 80, 45, 898, 1, 0, 0, 0, 0, 87, 62, 875, 0, 0, 0, 0, 0
93, 56, 874, 1, 0, 0, 0, 0, 95, 53, 876, 0, 0, 0, 0, 0, 104, 51, 869, 0, 0, 0, 0, 0
104, 56, 864, 0, 0, 0, 0, 0, 104, 56, 864, 0, 0, 0, 0, 0, 109, 62, 853, 0, 0, 0, 0, 0
130, 397, 497, 0, 0, 0, 0, 0, 136, 321, 567, 0, 0, 0, 0, 0, 211, 193, 620, 0, 0, 0, 0, 0
0, 890, 134, 0, 0, 0, 0, 0, 363, 617, 44, 0, 0, 0, 0, 0, 710, 304, 10, 0, 0, 0, 0, 0
0, 194, 802, 28, 0, 0, 0, 0, 0, 493, 525, 6, 0, 0, 0, 0, 0, 742, 282, 0, 0, 0, 0, 0
0, 233, 786, 5, 0, 0, 0, 0, 0, 565, 459, 0, 0, 0, 0, 0, 0, 943, 81, 0, 0, 0, 0, 0
0, 740, 284, 0, 0, 0, 0, 0, 0, 1004, 20, 0, 0, 0, 0, 0, 22, 1002, 0, 0, 0, 0, 0, 0
0, 1021, 3, 0, 0, 0, 0, 0, 4, 1020, 0, 0, 0, 0, 0, 0, 121, 903, 0, 0, 0, 0, 0, 0
0, 1017, 7, 0, 0, 0, 0, 0, 0, 1024, 0, 0, 0, 0, 0, 0, 8, 1016, 0, 0, 0, 0, 0, 0
0, 219, 147, 98, 119, 198, 243, 0, 0, 282, 120, 102, 137, 269, 114, 0, 0, 337, 114, 120, 199, 254, 0, 0
0, 0, 0, 0, 0, 0, 879, 81, 0, 0, 0, 0, 0, 3, 957, 0, 0, 0, 0, 0, 0, 187, 773, 0
0, 15, 153, 763, 93, 0, 0, 0, 0, 10, 138, 640, 236, 0, 0, 0, 0, 7, 140, 463, 414, 0, 0, 0
2, 50, 194, 704, 74, 0, 0, 0, 2, 55, 188, 613, 166, 0, 0, 0, 0, 58, 185, 352, 429, 0, 0, 0
0, 0, 0, 962, 62, 0, 0, 0, 0, 0, 0, 947, 77, 0, 0, 0, 0, 0, 0, 803, 221, 0, 0, 0
0, 0, 0, 1024, 0, 0, 0, 0, 0, 0, 0, 1024, 0, 0, 0, 0, 0, 0, 0, 1024, 0, 0, 0, 0
0, 0, 82, 942, 0, 0, 0, 0, 0, 1, 89, 934, 0, 0, 0, 0, 0, 0, 96, 928, 0, 0, 0, 0
87, 198, 552, 187, 0, 0, 0, 0, 102, 166, 561, 195, 0, 0, 0, 0, 122, 109, 609, 184, 0, 0, 0, 0
554, 132, 155, 88, 77, 18, 0, 0, 608, 129, 168, 82, 37, 0, 0, 0, 695, 233, 92, 4, 0, 0, 0, 0
156, 231, 253, 193, 148, 32, 11, 0, 237, 266, 267, 188, 47, 13, 6, 0, 507, 371, 121, 14, 11, 0, 0, 0
174, 463, 150, 110, 127, 0, 0, 0, 283, 449, 123, 167, 2, 0, 0, 0, 685, 216, 123, 0, 0, 0, 0, 0
438, 315, 105, 104, 62, 0, 0, 0, 697, 177, 83, 67, 0, 0, 0, 0, 859, 120, 45, 0, 0, 0, 0, 0
523, 145, 49, 77, 173, 57, 0, 0, 610, 78, 81, 146, 109, 0, 0, 0, 679, 110, 228, 7, 0, 0, 0, 0
574, 102, 51, 41, 252, 4, 0, 0, 631, 74, 43, 185, 91, 0, 0, 0, 664, 69, 291, 0, 0, 0, 0, 0
613, 80, 35, 108, 188, 0, 0, 0, 648, 45, 79, 242, 10, 0, 0, 0, 686, 136, 202, 0, 0, 0, 0, 0
617, 86, 196, 125, 0, 0, 0, 0, 641, 71, 312, 0, 0, 0, 0, 0, 672, 317, 35, 0, 0, 0, 0, 0
738, 156, 107, 23, 0, 0, 0, 0, 797, 122, 102, 3, 0, 0, 0, 0, 897, 120, 7, 0, 0, 0, 0, 0
0, 215, 311, 273, 200, 25, 0, 0, 53, 474, 325, 122, 48, 2, 0, 0, 363, 310, 248, 88, 15, 0, 0, 0
0, 0, 169, 513, 248, 91, 3, 0, 0, 2, 441, 462, 103, 16, 0, 0, 0, 80, 813, 103, 28, 0, 0, 0
0, 54, 391, 259, 198, 109, 13, 0, 0, 100, 514, 228, 149, 33, 0, 0, 0, 302, 460, 199, 63, 0, 0, 0
0, 244, 511, 112, 112, 43, 2, 0, 0, 481, 358, 82, 97, 6, 0, 0, 12, 691, 165, 142, 14, 0, 0, 0
0, 299, 410, 239, 76, 0, 0, 0, 0, 446, 398, 180, 0, 0, 0, 0, 5, 673, 334, 12, 0, 0, 0, 0
0, 240, 434, 225, 102, 23, 0, 0, 0, 377, 389, 187, 71, 0, 0, 0, 0, 562, 327, 119, 16, 0, 0, 0
0, 0, 7, 42, 103, 383, 489, 0, 0, 0, 23, 58, 207, 481, 255, 0, 0, 2, 45, 115, 388, 462, 12, 0
0, 0, 0, 0, 0, 0, 960, 0, 0, 0, 0, 0, 0, 0, 960, 0, 0, 0, 0, 0, 0, 672, 288, 0
0, 39, 178, 258, 431, 118, 0, 0, 0, 44, 211, 249, 382, 138, 0, 0, 0, 68, 253, 242, 286, 175, 0, 0
0, 26, 177, 646, 175, 0, 0, 0, 0, 35, 188, 600, 201, 0, 0, 0, 2, 36, 200, 450, 336, 0, 0, 0
0, 0, 10, 919, 95, 0, 0, 0, 0, 0, 15, 909, 100, 0, 0, 0, 0, 0, 20, 795, 209, 0, 0, 0
0, 0, 0, 1021, 3, 0, 0, 0, 0, 0, 0, 1021, 3, 0, 0, 0, 0, 0, 0, 998, 26, 0, 0, 0
0, 25, 75, 924, 0, 0, 0, 0, 0, 25, 75, 924, 0, 0, 0, 0, 0, 25, 93, 906, 0, 0, 0, 0
385, 162, 412, 52, 13, 0, 0, 0, 382, 159, 417, 50, 16, 0, 0, 0, 380, 160, 417, 51, 16, 0, 0, 0
509, 288, 195, 32, 0, 0, 0, 0, 540, 399, 79, 6, 0, 0, 0, 0, 975, 49, 0, 0, 0, 0, 0, 0
7, 71, 225, 438, 283, 0, 0, 0, 45, 138, 393, 448, 0, 0, 0, 0, 210, 722, 92, 0, 0, 0, 0, 0
0, 0, 46, 353, 625, 0, 0, 0, 0, 0, 148, 876, 0, 0, 0, 0, 25, 489, 510, 0, 0, 0, 0, 0
1, 19, 207, 332, 464, 1, 0, 0, 149, 120, 185, 564, 6, 0, 0, 0, 260, 252, 512, 0, 0, 0, 0, 0
17, 57, 133, 313, 493, 11, 0, 0, 28, 82, 192, 462, 260, 0, 0, 0, 108, 327, 589, 0, 0, 0, 0, 0
31, 47, 106, 278, 551, 11, 0, 0, 31, 69, 175, 412, 337, 0, 0, 0, 88, 264, 672, 0, 0, 0, 0, 0
32, 33, 37, 275, 647, 0, 0, 0, 32, 34, 97, 676, 185, 0, 0, 0, 40, 172, 624, 188, 0, 0, 0, 0
46, 52, 632, 274, 20, 0, 0, 0, 46, 55, 779, 131, 13, 0, 0, 0, 64, 718, 218, 24, 0, 0, 0, 0
485, 182, 315, 22, 12, 5, 3, 0, 533, 225, 256, 8, 2, 0, 0, 0, 658, 357, 8, 1, 0, 0, 0, 0
0, 0, 1, 13, 63, 195, 135, 617, 0, 9, 23, 182, 106, 168, 426, 110, 3, 16, 180, 104, 164, 462, 95, 0
0, 0, 0, 22, 140, 205, 319, 338, 0, 0, 13, 144, 210, 287, 367, 3, 0, 12, 114, 243, 348, 307, 0, 0
0, 0, 0, 25, 116, 278, 268, 337, 0, 0, 15, 130, 224, 263, 347, 45, 0, 3, 126, 194, 286, 344, 71, 0
0, 0, 16, 95, 86, 498, 261, 68, 0, 4, 73, 135, 487, 239, 85, 1, 0, 29, 200, 460, 226, 105, 4, 0
0, 41, 50, 33, 63, 445, 344, 48, 0, 72, 50, 138, 470, 270, 24, 0, 17, 83, 140, 525, 256, 3, 0, 0
0, 22, 33, 74, 106, 297, 420, 72, 0, 36, 38, 106, 214, 580, 50, 0, 7, 45, 90, 197, 610, 75, 0, 0
0, 0, 0, 0, 0, 182, 842, 0, 0, 0, 0, 0, 3, 497, 524, 0, 0, 0, 0, 0, 196, 828, 0, 0
0, 0, 0, 0, 0, 4, 936, 20, 0, 0, 0, 48, 25, 51, 836, 0, 0, 0, 0, 54, 29, 857, 20, 0
0, 0, 0, 108, 402, 514, 0, 0, 0, 0, 8, 244, 337, 435, 0, 0, 0, 13, 182, 107, 327, 395, 0, 0
0, 227, 349, 90, 324, 34, 0, 0, 0, 515, 79, 103, 287, 40, 0, 0, 385, 180, 109, 55, 256, 39, 0, 0
0, 198, 229, 517, 80, 0, 0, 0, 0, 251, 236, 494, 43, 0, 0, 0, 182, 154, 303, 354, 31, 0, 0, 0
0, 0, 69, 859, 96, 0, 0, 0, 0, 0, 86, 839, 99, 0, 0, 0, 0, 0, 95, 815, 114, 0, 0, 0
0, 16, 97, 911, 0, 0, 0, 0, 0, 12, 95, 917, 0, 0, 0, 0, 0, 13, 92, 919, 0, 0, 0, 0
250, 114, 510, 150, 0, 0, 0, 0, 259, 112, 444, 209, 0, 0, 0, 0, 270, 102, 387, 260, 5, 0, 0, 0
821, 168, 21, 11, 3, 0, 0, 0, 842, 155, 17, 9, 1, 0, 0, 0, 1003, 19, 2, 0, 0, 0, 0, 0
933, 91, 0, 0, 0, 0, 0, 0, 943, 81, 0, 0, 0, 0, 0, 0, 1016, 8, 0, 0, 0, 0, 0, 0
528, 239, 216, 35, 6, 0, 0, 0, 561, 253, 176, 31, 3, 0, 0, 0, 733, 262, 27, 2, 0, 0, 0, 0
501, 59, 351, 113, 0, 0, 0, 0, 512, 75, 436, 1, 0, 0, 0, 0, 555, 469, 0, 0, 0, 0, 0, 0
472, 68, 128, 356, 0, 0, 0, 0, 474, 75, 281, 194, 0, 0, 0, 0, 520, 334, 170, 0, 0, 0, 0, 0
397, 190, 174, 160, 27, 30, 24, 22, 443, 273, 113, 134, 36, 17, 8, 0, 573, 253, 161, 28, 9, 0, 0, 0
364, 264, 314, 73, 9, 0, 0, 0, 371, 424, 142, 67, 20, 0, 0, 0, 427, 426, 103, 50, 18, 0, 0, 0
321, 170, 151, 182, 199, 1, 0, 0, 319, 176, 134, 158, 174, 63, 0, 0, 355, 164, 151, 160, 166, 28, 0, 0
70, 272, 159, 77, 116, 109, 128, 93, 84, 307, 125, 79, 102, 156, 160, 11, 107, 308, 149, 80, 99, 171, 110, 0
0, 0, 0, 0, 7, 31, 42, 944, 0, 0, 0, 16, 36, 47, 183, 742, 0, 0, 19, 37, 51, 212, 631, 74
0, 0, 0, 0, 18, 57, 203, 746, 0, 0, 1, 21, 49, 252, 606, 95, 0, 1, 29, 63, 273, 653, 5, 0
0, 0, 0, 31, 62, 85, 219, 627, 0, 0, 23, 49, 86, 177, 412, 277, 0, 12, 63, 103, 155, 404, 268, 19
0, 0, 0, 9, 45, 314, 506, 150, 0, 0, 3, 54, 348, 458, 160, 1, 0, 0, 56, 359, 463, 144, 2, 0
0, 0, 0, 3, 4, 207, 489, 321, 0, 0, 3, 29, 301, 454, 237, 0, 0, 3, 42, 326, 527, 126, 0, 0
0, 0, 0, 5, 5, 123, 622, 269, 0, 0, 3, 3, 81, 590, 347, 0, 0, 3, 6, 94, 477, 444, 0, 0
0, 0, 0, 0, 0, 25, 998, 1, 0, 0, 0, 65, 23, 565, 371, 0, 0, 0, 42, 34, 54, 894, 0, 0
0, 0, 0, 0, 0, 32, 892, 36, 0, 0, 0, 501, 82, 158, 219, 0, 0, 0, 54, 488, 93, 324, 1, 0
0, 0, 0, 134, 362, 528, 0, 0, 0, 0, 30, 286, 207, 501, 0, 0, 0, 19, 221, 107, 317, 360, 0, 0
0, 66, 464, 111, 263, 120, 0, 0, 0, 304, 235, 95, 265, 125, 0, 0, 101, 349, 118, 71, 260, 125, 0, 0
0, 193, 469, 82, 267, 13, 0, 0, 0, 478, 206, 77, 263, 0, 0, 0, 216, 330, 153, 201, 124, 0, 0, 0
0, 37, 409, 187, 391, 0, 0, 0, 0, 114, 336, 176, 398, 0, 0, 0, 4, 232, 251, 106, 431, 0, 0, 0
1, 82, 453, 370, 118, 0, 0, 0, 1, 104, 439, 363, 117, 0, 0, 0, 1, 123, 456, 314, 130, 0, 0, 0
13, 154, 567, 290, 0, 0, 0, 0, 14, 164, 570, 251, 25, 0, 0, 0, 53, 136, 430, 336, 69, 0, 0, 0
858, 108, 31, 17, 10, 0, 0, 0, 894, 88, 23, 17, 2, 0, 0, 0, 986, 22, 16, 0, 0, 0, 0, 0
455, 569, 0, 0, 0, 0, 0, 0, 782, 242, 0, 0, 0, 0, 0, 0, 999, 25, 0, 0, 0, 0, 0, 0
0, 629, 381, 10, 4, 0, 0, 0, 1, 667, 346, 9, 1, 0, 0, 0, 374, 641, 8, 1, 0, 0, 0, 0
0, 6, 422, 368, 22, 32, 116, 58, 0, 11, 652, 141, 18, 34, 73, 95, 3, 633, 158, 22, 19, 36, 66, 87
0, 0, 14, 324, 64, 101, 451, 70, 0, 0, 124, 242, 62, 100, 201, 295, 0, 124, 222, 38, 63, 88, 207, 282
0, 84, 116, 190, 101, 148, 381, 4, 0, 139, 127, 160, 94, 123, 371, 10, 17, 175, 194, 55, 85, 120, 374, 4
0, 30, 190, 167, 179, 439, 17, 2, 0, 139, 114, 136, 182, 381, 64, 8, 0, 164, 123, 110, 176, 366, 77, 8
0, 0, 0, 0, 400, 569, 55, 0, 0, 0, 0, 0, 7, 577, 440, 0, 0, 0, 0, 0, 30, 559, 435, 0
0, 0, 0, 0, 67, 303, 360, 294, 0, 0, 0, 0, 0, 205, 633, 186, 0, 0, 0, 0, 2, 325, 697, 0
0, 0, 0, 0, 5, 11, 52, 956, 0, 0, 0, 4, 4, 47, 47, 922, 0, 0, 5, 3, 45, 40, 693, 238
0, 0, 0, 0, 0, 12, 47, 965, 0, 0, 0, 0, 5, 41, 297, 681, 0, 0, 0, 6, 43, 423, 227, 325
0, 0, 0, 0, 0, 1, 148, 875, 0, 0, 0, 0, 0, 86, 718, 220, 0, 0, 0, 0, 147, 741, 125, 11
0, 0, 26, 39, 40, 63, 259, 597, 0, 10, 45, 45, 70, 220, 421, 213, 0, 50, 46, 81, 258, 220, 369, 0
0, 1, 36, 34, 55, 130, 143, 625, 0, 24, 44, 35, 83, 186, 152, 500, 19, 42, 31, 75, 198, 138, 521, 0
0, 0, 15, 26, 41, 49, 532, 361, 0, 3, 28, 36, 37, 133, 518, 269, 0, 21, 27, 44, 45, 547, 340, 0
0, 0, 0, 0, 0, 49, 975, 0, 0, 0, 0, 564, 74, 319, 67, 0, 0, 0, 185, 423, 103, 313, 0, 0
0, 0, 0, 0, 0, 67, 880, 13, 0, 0, 0, 460, 102, 248, 150, 0, 0, 0, 35, 482, 116, 320, 7, 0
0, 0, 0, 186, 309, 529, 0, 0, 0, 0, 87, 296, 136, 504, 1, 0, 0, 49, 249, 111, 261, 345, 9, 0
0, 0, 235, 320, 331, 138, 0, 0, 0, 179, 142, 234, 316, 153, 0, 0, 79, 130, 167, 183, 288, 175, 2, 0
0, 0, 417, 375, 129, 103, 0, 0, 0, 151, 537, 110, 216, 10, 0, 0, 53, 196, 475, 112, 188, 0, 0, 0
0, 0, 303, 236, 483, 2, 0, 0, 0, 1, 363, 134, 521, 5, 0, 0, 0, 177, 252, 79, 332, 184, 0, 0
0, 0, 11, 643, 370, 0, 0, 0, 0, 0, 52, 602, 367, 3, 0, 0, 0, 0, 208, 441, 367, 8, 0, 0
29, 106, 246, 580, 59, 4, 0, 0, 29, 112, 268, 498, 117, 0, 0, 0, 50, 98, 240, 486, 148, 2, 0, 0
375, 81, 32, 37, 38, 32, 78, 351, 423, 51, 37, 39, 28, 61, 99, 286, 507, 122, 47, 47, 56, 54, 106, 85
12, 339, 182, 216, 71, 59, 65, 80, 46, 342, 295, 117, 59, 69, 60, 36, 767, 223, 32, 2, 0, 0, 0, 0
0, 946, 78, 0, 0, 0, 0, 0, 0, 920, 104, 0, 0, 0, 0, 0, 28, 991, 5, 0, 0, 0, 0, 0
0, 17, 89, 134, 234, 437, 107, 6, 0, 165, 147, 132, 151, 386, 25, 18, 0, 205, 134, 90, 134, 293, 161, 7
0, 7, 20, 67, 112, 157, 558, 103, 0, 50, 50, 65, 88, 238, 506, 27, 0, 30, 61, 64, 73, 141, 584, 71
0, 0, 0, 13, 45, 87, 879, 0, 0, 0, 4, 8, 45, 89, 878, 0, 0, 0, 2, 3, 39, 82, 896, 2
0, 75, 224, 30, 41, 266, 317, 71, 0, 20, 354, 142, 146, 179, 183, 0, 0, 3, 359, 169, 136, 173, 183, 1
0, 0, 526, 35, 101, 241, 62, 59, 0, 0, 520, 44, 91, 151, 168, 50, 0, 0, 442, 129, 89, 178, 141, 45
0, 0, 525, 30, 24, 133, 176, 136, 0, 0, 495, 57, 18, 56, 278, 120, 0, 0, 382, 174, 13, 90, 332, 33
0, 0, 493, 56, 31, 7, 24, 413, 0, 0, 527, 25, 33, 23, 11, 405, 0, 0, 447, 116, 45, 18, 326, 72
0, 0, 484, 40, 19, 13, 45, 423, 0, 0, 496, 28, 23, 20, 95, 362, 0, 0, 497, 42, 24, 105, 284, 72
0, 2, 510, 12, 20, 7, 39, 434, 0, 5, 508, 12, 19, 27, 252, 201, 0, 0, 522, 12, 66, 296, 128, 0
0, 70, 413, 17, 17, 29, 86, 392, 0, 110, 375, 16, 21, 57, 302, 143, 0, 20, 474, 19, 63, 230, 218, 0
0, 148, 249, 41, 60, 70, 104, 352, 0, 173, 235, 54, 74, 73, 206, 209, 0, 127, 322, 79, 75, 186, 235, 0
0, 10, 31, 17, 43, 114, 584, 225, 0, 10, 39, 30, 59, 183, 557, 146, 0, 19, 47, 62, 102, 590, 204, 0
0, 0, 0, 0, 10, 165, 816, 33, 0, 0, 0, 363, 109, 375, 172, 5, 0, 0, 84, 320, 137, 458, 25, 0
0, 0, 0, 0, 0, 263, 674, 23, 0, 0, 0, 517, 131, 247, 65, 0, 0, 0, 64, 506, 152, 233, 5, 0
0, 0, 28, 271, 279, 446, 0, 0, 0, 50, 95, 306, 148, 410, 15, 0, 14, 104, 266, 100, 211, 280, 49, 0
0, 6, 199, 265, 355, 199, 0, 0, 0, 121, 195, 186, 301, 221, 0, 0, 8, 143, 187, 165, 279, 230, 12, 0
0, 4, 327, 487, 74, 132, 0, 0, 0, 267, 390, 177, 138, 52, 0, 0, 94, 214, 387, 158, 171, 0, 0, 0
0, 16, 294, 131, 443, 140, 0, 0, 6, 249, 87, 85, 372, 225, 0, 0, 131, 158, 62, 65, 261, 347, 0, 0
0, 0, 100, 465, 447, 12, 0, 0, 22, 81, 63, 420, 418, 20, 0, 0, 60, 50, 66, 408, 392, 48, 0, 0
32, 56, 202, 440, 198, 96, 0, 0, 103, 62, 150, 411, 222, 76, 0, 0, 108, 64, 141, 407, 215, 89, 0, 0
350, 98, 50, 22, 9, 14, 16, 465, 361, 118, 35, 11, 7, 14, 30, 448, 483, 55, 68, 44, 52, 60, 123, 139
0, 76, 57, 103, 80, 107, 278, 323, 0, 97, 81, 108, 97, 259, 155, 227, 586, 320, 92, 26, 0, 0, 0, 0
0, 844, 39, 17, 26, 98, 0, 0, 0, 858, 31, 26, 99, 10, 0, 0, 95, 929, 0, 0, 0, 0, 0, 0
0, 29, 77, 160, 263, 298, 193, 4, 0, 252, 169, 102, 149, 324, 28, 0, 0, 175, 225, 101, 144, 199, 180, 0
402, 122, 45, 55, 47, 104, 208, 41, 462, 75, 43, 48, 47, 191, 147, 11, 469, 77, 29, 46, 47, 83, 246, 27
249, 530, 89, 45, 35, 25, 51, 0, 248, 548, 69, 31, 45, 35, 48, 0, 239, 558, 68, 32, 48, 23, 56, 0
1, 598, 425, 0, 0, 0, 0, 0, 0, 647, 374, 2, 1, 0, 0, 0, 0, 407, 615, 1, 1, 0, 0, 0
0, 489, 535, 0, 0, 0, 0, 0, 0, 498, 526, 0, 0, 0, 0, 0, 0, 391, 633, 0, 0, 0, 0, 0
0, 518, 506, 0, 0, 0, 0, 0, 0, 526, 498, 0, 0, 0, 0, 0, 0, 408, 616, 0, 0, 0, 0, 0
0, 695, 329, 0, 0, 0, 0, 0, 0, 738, 286, 0, 0, 0, 0, 0, 0, 563, 461, 0, 0, 0, 0, 0
0, 837, 187, 0, 0, 0, 0, 0, 0, 864, 160, 0, 0, 0, 0, 0, 0, 648, 376, 0, 0, 0, 0, 0
0, 814, 210, 0, 0, 0, 0, 0, 0, 898, 126, 0, 0, 0, 0, 0, 0, 737, 287, 0, 0, 0, 0, 0
0, 921, 103, 0, 0, 0, 0, 0, 11, 958, 55, 0, 0, 0, 0, 0, 2, 802, 220, 0, 0, 0, 0, 0
0, 893, 131, 0, 0, 0, 0, 0, 2, 980, 42, 0, 0, 0, 0, 0, 0, 813, 211, 0, 0, 0, 0, 0
2, 266, 109, 185, 277, 128, 57, 0, 2, 259, 41, 140, 145, 309, 128, 0, 0, 235, 49, 61, 125, 176, 264, 114
0, 19, 34, 129, 151, 282, 383, 26, 0, 14, 25, 91, 95, 141, 317, 341, 0, 5, 18, 52, 105, 56, 148, 640
0, 0, 0, 0, 102, 499, 347, 12, 0, 0, 6, 92, 54, 202, 459, 147, 0, 0, 14, 93, 55, 46, 214, 538
0, 0, 34, 53, 912, 25, 0, 0, 0, 0, 28, 51, 908, 37, 0, 0, 0, 0, 7, 67, 829, 121, 0, 0
0, 21, 115, 264, 594, 30, 0, 0, 0, 32, 102, 260, 579, 51, 0, 0, 0, 34, 99, 253, 563, 75, 0, 0
0, 0, 28, 278, 675, 43, 0, 0, 0, 11, 97, 209, 677, 30, 0, 0, 0, 14, 113, 199, 698, 0, 0, 0
0, 0, 170, 252, 512, 90, 0, 0, 0, 156, 30, 234, 484, 120, 0, 0, 12, 151, 30, 168, 516, 147, 0, 0
0, 0, 139, 570, 303, 12, 0, 0, 0, 125, 90, 508, 282, 19, 0, 0, 41, 89, 90, 502, 261, 41, 0, 0
22, 89, 172, 459, 213, 69, 0, 0, 54, 73, 186, 418, 201, 92, 0, 0, 62, 79, 183, 395, 173, 132, 0, 0
309, 216, 112, 54, 13, 23, 9, 288, 369, 197, 98, 31, 14, 18, 9, 288, 568, 110, 35, 39, 40, 45, 72, 115
0, 164, 75, 37, 32, 71, 277, 368, 2, 187, 70, 29, 73, 234, 214, 215, 371, 473, 109, 61, 10, 0, 0, 0
0, 671, 116, 34, 26, 110, 67, 0, 2, 700, 100, 28, 89, 105, 0, 0, 218, 803, 3, 0, 0, 0, 0, 0
35, 342, 73, 40, 65, 310, 159, 0, 85, 329, 41, 52, 51, 384, 82, 0, 173, 252, 31, 45, 50, 162, 311, 0
64, 253, 160, 99, 74, 246, 128, 0, 123, 312, 128, 89, 272, 89, 11, 0, 175, 296, 105, 199, 154, 53, 42, 0
204, 806, 4, 2, 2, 2, 4, 0, 289, 724, 3, 2, 2, 4, 0, 0, 348, 664, 4, 2, 2, 4, 0, 0
0, 1024, 0, 0, 0, 0, 0, 0, 0, 1024, 0, 0, 0, 0, 0, 0, 0, 1024, 0, 0, 0, 0, 0, 0
85, 939, 0, 0, 0, 0, 0, 0, 85, 939, 0, 0, 0, 0, 0, 0, 55, 969, 0, 0, 0, 0, 0, 0
207, 817, 0, 0, 0, 0, 0, 0, 207, 817, 0, 0, 0, 0, 0, 0, 82, 942, 0, 0, 0, 0, 0, 0
558, 466, 0, 0, 0, 0, 0, 0, 592, 432, 0, 0, 0, 0, 0, 0, 470, 554, 0, 0, 0, 0, 0, 0
430, 594, 0, 0, 0, 0, 0, 0, 543, 481, 0, 0, 0, 0, 0, 0, 398, 626, 0, 0, 0, 0, 0, 0
570, 454, 0, 0, 0, 0, 0, 0, 719, 305, 0, 0, 0, 0, 0, 0, 635, 389, 0, 0, 0, 0, 0, 0
853, 143, 3, 2, 3, 3, 7, 10, 943, 53, 3, 2, 3, 3, 7, 10, 768, 228, 2, 3, 3, 3, 4, 13
266, 726, 5, 1, 3, 4, 17, 2, 385, 609, 3, 1, 4, 4, 17, 1, 129, 864, 4, 1, 3, 5, 16, 2
49, 227, 89, 651, 8, 0, 0, 0, 28, 239, 40, 133, 584, 0, 0, 0, 5, 255, 18, 40, 125, 577, 4, 0
0, 0, 0, 350, 368, 290, 16, 0, 0, 0, 0, 0, 360, 318, 320, 26, 0, 0, 0, 0, 0, 300, 351, 373
0, 33, 34, 53, 443, 341, 56, 0, 0, 2, 41, 27, 93, 455, 287, 55, 0, 0, 8, 35, 28, 128, 491, 270
0, 0, 0, 0, 994, 30, 0, 0, 0, 0, 0, 0, 639, 385, 0, 0, 0, 0, 0, 0, 132, 892, 0, 0
0, 13, 88, 127, 782, 14, 0, 0, 0, 9, 79, 130, 725, 81, 0, 0, 0, 8, 73, 131, 419, 393, 0, 0
0, 0, 13, 57, 954, 0, 0, 0, 0, 0, 5, 59, 959, 1, 0, 0, 0, 0, 1, 58, 923, 42, 0, 0
0, 0, 23, 185, 799, 8, 9, 0, 0, 0, 19, 173, 814, 8, 10, 0, 0, 0, 15, 136, 848, 15, 10, 0
0, 5, 64, 736, 219, 0, 0, 0, 0, 3, 64, 679, 278, 0, 0, 0, 0, 9, 56, 480, 479, 0, 0, 0
38, 161, 251, 382, 165, 27, 0, 0, 53, 161, 242, 345, 140, 83, 0, 0, 72, 170, 235, 321, 113, 113, 0, 0
270, 84, 35, 109, 129, 19, 10, 368, 330, 33, 87, 134, 50, 17, 7, 366, 357, 165, 103, 16, 45, 51, 65, 222
0, 0, 52, 56, 126, 80, 126, 584, 0, 3, 69, 138, 96, 105, 205, 408, 165, 551, 131, 132, 45, 0, 0, 0
0, 578, 303, 19, 14, 13, 97, 0, 0, 616, 274, 19, 15, 100, 0, 0, 122, 890, 10, 2, 0, 0, 0, 0
12, 650, 191, 77, 66, 28, 0, 0, 57, 719, 154, 81, 13, 0, 0, 0, 219, 698, 84, 21, 2, 0, 0, 0
0, 62, 61, 90, 101, 372, 338, 0, 0, 87, 103, 154, 576, 104, 0, 0, 1, 95, 111, 262, 554, 1, 0, 0
65, 521, 14, 30, 38, 228, 128, 0, 379, 219, 26, 76, 270, 54, 0, 0, 500, 104, 39, 154, 219, 8, 0, 0
90, 934, 0, 0, 0, 0, 0, 0, 129, 895, 0, 0, 0, 0, 0, 0, 93, 931, 0, 0, 0, 0, 0, 0
366, 658, 0, 0, 0, 0, 0, 0, 366, 658, 0, 0, 0, 0, 0, 0, 190, 834, 0, 0, 0, 0, 0, 0
1009, 15, 0, 0, 0, 0, 0, 0, 1009, 15, 0, 0, 0, 0, 0, 0, 974, 50, 0, 0, 0, 0, 0, 0
1024, 0, 0, 0, 0, 0, 0, 0, 1024, 0, 0, 0, 0, 0, 0, 0, 1024, 0, 0, 0, 0, 0, 0, 0
1024, 0, 0, 0, 0, 0, 0, 0, 1024, 0, 0, 0, 0, 0, 0, 0, 1024, 0, 0, 0, 0, 0, 0, 0
1024, 0, 0, 0, 0, 0, 0, 0, 1024, 0, 0, 0, 0, 0, 0, 0, 1024, 0, 0, 0, 0, 0, 0, 0
793, 85, 10, 11, 9, 51, 57, 8, 739, 137, 10, 11, 8, 28, 76, 15, 673, 203, 10, 11, 7, 35, 67, 18
32, 117, 80, 122, 278, 281, 114, 0, 49, 95, 82, 101, 252, 315, 129, 1, 29, 106, 72, 98, 207, 325, 176, 11
3, 13, 37, 366, 317, 265, 23, 0, 1, 15, 7, 153, 405, 401, 42, 0, 0, 11, 6, 27, 259, 518, 203, 0
0, 0, 2, 430, 300, 269, 23, 0, 0, 0, 0, 69, 510, 398, 47, 0, 0, 0, 0, 2, 138, 588, 296, 0
0, 13, 7, 112, 282, 442, 104, 0, 0, 3, 18, 25, 188, 334, 326, 66, 0, 0, 15, 6, 127, 251, 244, 317
0, 0, 0, 0, 958, 66, 0, 0, 0, 0, 0, 0, 178, 846, 0, 0, 0, 0, 0, 0, 29, 995, 0, 0
0, 0, 0, 0, 999, 25, 0, 0, 0, 0, 0, 0, 928, 96, 0, 0, 0, 0, 0, 0, 204, 820, 0, 0
0, 0, 0, 0, 1016, 8, 0, 0, 0, 0, 0, 0, 982, 42, 0, 0, 0, 0, 0, 0, 728, 296, 0, 0
0, 0, 0, 29, 992, 1, 2, 0, 0, 0, 0, 3, 1013, 6, 2, 0, 0, 0, 0, 0, 983, 39, 2, 0
0, 0, 0, 549, 475, 0, 0, 0, 0, 0, 0, 441, 583, 0, 0, 0, 0, 0, 0, 351, 673, 0, 0, 0
32, 129, 131, 530, 182, 20, 0, 0, 46, 121, 128, 479, 170, 80, 0, 0, 61, 126, 111, 488, 127, 111, 0, 0
108, 491, 88, 26, 32, 62, 38, 179, 273, 382, 51, 34, 58, 40, 16, 170, 668, 84, 55, 24, 10, 22, 32, 129
109, 258, 60, 81, 72, 63, 61, 320, 173, 234, 77, 102, 58, 55, 46, 279, 617, 137, 82, 48, 37, 39, 50, 14
329, 428, 176, 47, 44, 0, 0, 0, 501, 385, 127, 11, 0, 0, 0, 0, 771, 249, 4, 0, 0, 0, 0, 0
71, 332, 283, 171, 103, 64, 0, 0, 125, 483, 222, 177, 17, 0, 0, 0, 348, 508, 146, 22, 0, 0, 0, 0
4, 33, 79, 151, 85, 490, 90, 92, 28, 70, 178, 300, 287, 67, 76, 18, 86, 177, 228, 285, 129, 84, 32, 3
329, 362, 151, 64, 55, 63, 0, 0, 388, 321, 181, 129, 5, 0, 0, 0, 481, 296, 199, 48, 0, 0, 0, 0
247, 687, 85, 5, 0, 0, 0, 0, 357, 579, 84, 4, 0, 0, 0, 0, 545, 416, 63, 0, 0, 0, 0, 0
257, 767, 0, 0, 0, 0, 0, 0, 266, 758, 0, 0, 0, 0, 0, 0, 147, 877, 0, 0, 0, 0, 0, 0
1002, 22, 0, 0, 0, 0, 0, 0, 1024, 0, 0, 0, 0, 0, 0, 0, 985, 39, 0, 0, 0, 0, 0, 0
1024, 0, 0, 0, 0, 0, 0, 0, 1024, 0, 0, 0, 0, 0, 0, 0, 1024, 0, 0, 0, 0, 0, 0, 0
1024, 0, 0, 0, 0, 0, 0, 0, 1024, 0, 0, 0, 0, 0, 0, 0, 1024, 0, 0, 0, 0, 0, 0, 0
1024, 0, 0, 0, 0, 0, 0, 0, 1024, 0, 0, 0, 0, 0, 0, 0, 1024, 0, 0, 0, 0, 0, 0, 0
567, 187, 41, 32, 44, 87, 66, 0, 565, 188, 40, 34, 42, 77, 78, 0, 491, 263, 38, 34, 42, 103, 53, 0
8, 33, 29, 83, 103, 257, 208, 303, 7, 33, 29, 67, 99, 204, 270, 315, 7, 30, 28, 52, 86, 174, 321, 326
0, 0, 0, 8, 35, 105, 193, 683, 0, 0, 0, 0, 32, 78, 195, 719, 0, 0, 0, 0, 11, 41, 185, 787
0, 41, 105, 121, 168, 254, 193, 142, 0, 62, 181, 161, 175, 271, 110, 64, 0, 32, 154, 178, 153, 263, 153, 91
0, 0, 10, 90, 351, 294, 139, 76, 0, 0, 6, 41, 217, 420, 151, 125, 0, 0, 2, 16, 124, 423, 234, 161
0, 0, 0, 0, 860, 164, 0, 0, 0, 0, 0, 0, 57, 967, 0, 0, 0, 0, 0, 0, 3, 1021, 0, 0
0, 0, 0, 0, 984, 40, 0, 0, 0, 0, 0, 0, 667, 357, 0, 0, 0, 0, 0, 0, 76, 948, 0, 0
0, 0, 0, 0, 993, 31, 0, 0, 0, 0, 0, 0, 930, 94, 0, 0, 0, 0, 0, 0, 559, 465, 0, 0
0, 0, 0, 7, 1017, 0, 0, 0, 0, 0, 0, 0, 1012, 12, 0, 0, 0, 0, 0, 0, 981, 43, 0, 0
0, 0, 0, 510, 514, 0, 0, 0, 0, 0, 0, 395, 629, 0, 0, 0, 0, 0, 0, 291, 733, 0, 0, 0
4, 165, 141, 493, 220, 1, 0, 0, 4, 179, 132, 460, 181, 68, 0, 0, 64, 137, 122, 464, 108, 129, 0, 0
103, 254, 47, 134, 37, 17, 143, 289, 110, 274, 138, 46, 23, 128, 30, 275, 482, 117, 89, 31, 11, 20, 10, 264
0, 0, 0, 37, 93, 99, 69, 726, 0, 0, 41, 98, 116, 57, 61, 651, 387, 53, 55, 45, 46, 47, 182, 209
63, 570, 338, 53, 0, 0, 0, 0, 131, 743, 130, 20, 0, 0, 0, 0, 670, 276, 70, 8, 0, 0, 0, 0
30, 192, 402, 323, 77, 0, 0, 0, 58, 356, 448, 158, 4, 0, 0, 0, 280, 577, 166, 1, 0, 0, 0, 0
0, 116, 386, 341, 90, 51, 40, 0, 0, 265, 367, 307, 25, 60, 0, 0, 74, 511, 348, 26, 64, 1, 0, 0
233, 280, 255, 118, 94, 38, 6, 0, 257, 364, 184, 112, 73, 32, 2, 0, 378, 306, 144, 100, 68, 26, 2, 0
167, 158, 184, 346, 75, 73, 21, 0, 169, 199, 213, 294, 78, 56, 15, 0, 350, 101, 363, 75, 73, 49, 13, 0
286, 307, 88, 95, 51, 154, 37, 6, 382, 268, 89, 102, 158, 24, 1, 0, 493, 224, 105, 121, 72, 9, 0, 0
805, 206, 2, 3, 3, 5, 0, 0, 877, 136, 3, 3, 5, 0, 0, 0, 885, 130, 2, 7, 0, 0, 0, 0
723, 107, 183, 11, 0, 0, 0, 0, 754, 240, 30, 0, 0, 0, 0, 0, 868, 149, 7, 0, 0, 0, 0, 0
496, 97, 249, 66, 80, 36, 0, 0, 524, 176, 187, 42, 95, 0, 0, 0, 551, 260, 102, 111, 0, 0, 0, 0
378, 141, 32, 42, 188, 207, 31, 5, 460, 72, 37, 106, 294, 26, 25, 4, 469, 82, 69, 332, 24, 23, 22, 3
109, 79, 68, 82, 185, 217, 239, 45, 110, 89, 75, 112, 255, 166, 189, 28, 84, 100, 84, 149, 226, 151, 187, 43
0, 0, 0, 5, 5, 103, 439, 472, 0, 0, 0, 5, 6, 80, 458, 475, 0, 0, 0, 5, 5, 62, 415, 537
0, 0, 4, 37, 49, 291, 438, 205, 0, 0, 0, 0, 12, 67, 672, 273, 0, 0, 0, 0, 18, 60, 574, 372
0, 0, 0, 0, 0, 213, 526, 285, 0, 0, 0, 0, 0, 85, 437, 502, 0, 0, 0, 0, 0, 20, 371, 633
0, 8, 34, 33, 45, 170, 568, 102, 0, 0, 0, 0, 53, 166, 303, 438, 0, 0, 0, 20, 40, 100, 173, 627
0, 0, 0, 0, 547, 477, 0, 0, 0, 0, 0, 0, 47, 977, 0, 0, 0, 0, 0, 0, 10, 987, 27, 0
0, 0, 0, 0, 976, 48, 0, 0, 0, 0, 0, 0, 322, 702, 0, 0, 0, 0, 0, 0, 30, 994, 0, 0
0, 0, 0, 0, 992, 32, 0, 0, 0, 0, 0, 0, 943, 81, 0, 0, 0, 0, 0, 0, 504, 520, 0, 0
0, 0, 0, 3, 1021, 0, 0, 0, 0, 0, 0, 0, 1013, 11, 0, 0, 0, 0, 0, 0, 979, 45, 0, 0
0, 0, 0, 578, 446, 0, 0, 0, 0, 0, 0, 370, 654, 0, 0, 0, 0, 0, 0, 221, 803, 0, 0, 0
9, 161, 114, 397, 264, 79, 0, 0, 16, 154, 113, 361, 262, 117, 1, 0, 76, 104, 110, 335, 226, 170, 3, 0
122, 230, 40, 108, 70, 69, 141, 244, 184, 193, 125, 62, 74, 129, 38, 219, 500, 138, 95, 41, 15, 17, 15, 203
0, 0, 0, 0, 13, 54, 64, 893, 0, 0, 0, 21, 60, 37, 62, 844, 201, 80, 153, 56, 46, 71, 160, 257
12, 292, 307, 80, 27, 6, 23, 277, 59, 401, 229, 29, 4, 20, 84, 198, 601, 419, 4, 0, 0, 0, 0, 0
0, 3, 197, 814, 10, 0, 0, 0, 0, 35, 468, 521, 0, 0, 0, 0, 31, 356, 637, 0, 0, 0, 0, 0
14, 348, 117, 356, 189, 0, 0, 0, 125, 289, 100, 510, 0, 0, 0, 0, 310, 197, 517, 0, 0, 0, 0, 0
0, 305, 369, 168, 179, 3, 0, 0, 0, 428, 289, 215, 83, 5, 3, 1, 98, 512, 209, 176, 21, 4, 3, 1
8, 196, 254, 161, 324, 33, 47, 1, 19, 280, 203, 343, 103, 59, 17, 0, 141, 285, 249, 258, 75, 16, 0, 0
95, 187, 102, 91, 107, 353, 78, 11, 167, 180, 149, 135, 336, 53, 4, 0, 230, 201, 165, 328, 75, 25, 0, 0
219, 190, 64, 66, 241, 240, 4, 0, 318, 137, 100, 289, 177, 3, 0, 0, 373, 110, 221, 270, 49, 1, 0, 0
8, 90, 395, 530, 1, 0, 0, 0, 35, 467, 518, 4, 0, 0, 0, 0, 144, 827, 49, 4, 0, 0, 0, 0
0, 34, 374, 260, 336, 20, 0, 0, 0, 136, 414, 384, 90, 0, 0, 0, 1, 328, 507, 188, 0, 0, 0, 0
0, 4, 67, 234, 631, 84, 4, 0, 0, 11, 107, 543, 281, 78, 4, 0, 0, 42, 407, 331, 160, 79, 5, 0
0, 12, 40, 128, 476, 207, 149, 12, 0, 12, 37, 200, 470, 136, 158, 11, 2, 18, 69, 259, 356, 149, 119, 52
0, 25, 22, 36, 42, 78, 489, 332, 0, 24, 21, 38, 32, 78, 481, 350, 0, 22, 22, 38, 31, 71, 422, 418
0, 0, 0, 10, 24, 568, 418, 4, 0, 0, 0, 0, 13, 90, 914, 7, 0, 0, 0, 0, 9, 25, 671, 319
0, 0, 0, 13, 69, 464, 424, 54, 0, 0, 0, 2, 61, 308, 571, 82, 0, 0, 8, 57, 141, 228, 424, 166
4, 116, 98, 107, 148, 195, 236, 56, 0, 0, 15, 229, 329, 208, 92, 87, 0, 10, 132, 361, 211, 89, 59, 98
0, 0, 0, 0, 457, 567, 0, 0, 0, 0, 0, 0, 67, 957, 0, 0, 0, 0, 0, 0, 4, 969, 51, 0
0, 0, 0, 0, 970, 54, 0, 0, 0, 0, 0, 0, 153, 871, 0, 0, 0, 0, 0, 0, 17, 1006, 1, 0
0, 0, 0, 0, 992, 32, 0, 0, 0, 0, 0, 0, 910, 114, 0, 0, 0, 0, 0, 0, 390, 634, 0, 0
0, 16, 27, 95, 886, 0, 0, 0, 43, 13, 8, 30, 930, 0, 0, 0, 45, 11, 8, 29, 909, 22, 0, 0
0, 40, 59, 465, 382, 60, 17, 1, 143, 140, 55, 341, 285, 60, 0, 0, 197, 99, 49, 258, 362, 58, 1, 0
6, 175, 156, 314, 313, 34, 26, 0, 29, 263, 148, 308, 217, 59, 0, 0, 132, 173, 143, 302, 162, 96, 16, 0
166, 198, 72, 108, 98, 145, 96, 141, 261, 129, 115, 132, 155, 88, 62, 82, 512, 226, 86, 61, 47, 28, 32, 32
0, 0, 2, 10, 13, 35, 97, 867, 0, 0, 9, 32, 82, 124, 212, 565, 48, 201, 245, 170, 80, 59, 100, 121
0, 0, 89, 66, 31, 58, 93, 687, 0, 33, 112, 47, 213, 185, 238, 196, 316, 336, 243, 41, 22, 58, 8, 0
0, 0, 73, 451, 151, 73, 150, 126, 0, 25, 335, 411, 183, 42, 17, 11, 31, 266, 682, 15, 14, 16, 0, 0
102, 528, 55, 90, 75, 70, 68, 36, 231, 365, 136, 148, 119, 9, 15, 1, 452, 254, 252, 44, 7, 15, 0, 0
41, 580, 212, 151, 40, 0, 0, 0, 85, 549, 195, 142, 31, 16, 6, 0, 191, 501, 160, 128, 27, 16, 1, 0
11, 165, 184, 111, 109, 134, 195, 115, 54, 347, 281, 291, 45, 6, 0, 0, 155, 328, 338, 176, 24, 3, 0, 0
2, 64, 30, 31, 22, 103, 269, 503, 64, 81, 313, 566, 0, 0, 0, 0, 83, 64, 369, 508, 0, 0, 0, 0
28, 80, 20, 40, 179, 434, 226, 17, 88, 70, 333, 84, 222, 227, 0, 0, 90, 65, 300, 137, 204, 228, 0, 0
1, 21, 136, 194, 91, 430, 151, 0, 20, 91, 212, 40, 102, 500, 59, 0, 24, 196, 104, 44, 118, 444, 94, 0
0, 0, 82, 186, 314, 104, 338, 0, 0, 2, 143, 258, 180, 139, 302, 0, 0, 33, 177, 214, 144, 124, 332, 0
1, 68, 92, 172, 502, 134, 54, 1, 11, 93, 142, 362, 256, 137, 23, 0, 18, 95, 210, 403, 129, 135, 34, 0
7, 68, 194, 264, 217, 138, 124, 12, 7, 81, 237, 273, 180, 107, 124, 15, 10, 100, 280, 221, 162, 102, 95, 54
0, 0, 0, 40, 44, 114, 569, 257, 0, 0, 11, 55, 62, 95, 533, 268, 0, 7, 32, 52, 63, 101, 426, 343
0, 0, 0, 5, 16, 613, 390, 0, 0, 0, 0, 2, 5, 64, 952, 1, 0, 0, 0, 0, 5, 15, 758, 246
0, 0, 3, 34, 115, 546, 284, 42, 0, 0, 2, 39, 105, 282, 536, 60, 0, 7, 38, 68, 118, 173, 479, 141
1, 58, 41, 64, 179, 303, 313, 1, 0, 0, 20, 126, 180, 259, 375, 0, 0, 10, 116, 113, 121, 188, 361, 51
0, 0, 0, 0, 315, 709, 0, 0, 0, 0, 0, 0, 60, 964, 0, 0, 0, 0, 0, 0, 11, 962, 51, 0
2, 96, 15, 12, 803, 96, 0, 0, 82, 23, 9, 11, 196, 703, 0, 0, 93, 13, 9, 10, 85, 814, 0, 0
31, 375, 27, 147, 434, 10, 0, 0, 296, 115, 29, 137, 416, 31, 0, 0, 368, 45, 27, 120, 276, 188, 0, 0
3, 67, 52, 356, 256, 227, 63, 0, 129, 158, 65, 327, 92, 251, 2, 0, 208, 84, 67, 310, 84, 133, 138, 0
0, 0, 0, 39, 309, 482, 194, 0, 99, 214, 36, 34, 61, 535, 45, 0, 212, 98, 37, 31, 41, 225, 380, 0
0, 131, 99, 164, 289, 235, 104, 2, 3, 285, 84, 116, 217, 296, 23, 0, 32, 277, 71, 127, 164, 105, 248, 0
139, 213, 175, 84, 148, 265, 0, 0, 257, 184, 151, 197, 235, 0, 0, 0, 676, 264, 43, 41, 0, 0, 0, 0
0, 0, 10, 12, 38, 73, 135, 756, 1, 13, 18, 36, 272, 289, 299, 96, 32, 111, 308, 363, 115, 49, 26, 20
0, 0, 0, 0, 0, 0, 5, 1019, 0, 0, 0, 0, 35, 45, 209, 735, 0, 26, 382, 335, 159, 72, 37, 13
0, 0, 0, 0, 22, 24, 88, 890, 0, 0, 28, 98, 208, 222, 368, 100, 4, 111, 569, 124, 110, 82, 24, 0
79, 187, 18, 149, 115, 80, 171, 225, 174, 105, 72, 252, 233, 60, 95, 33, 253, 144, 350, 88, 99, 90, 0, 0
15, 592, 187, 218, 12, 0, 0, 0, 120, 646, 118, 140, 0, 0, 0, 0, 439, 382, 153, 50, 0, 0, 0, 0
8, 195, 151, 256, 156, 47, 144, 67, 67, 358, 321, 126, 53, 43, 50, 6, 258, 408, 167, 80, 23, 62, 26, 0
0, 161, 31, 84, 59, 182, 435, 72, 47, 275, 494, 196, 6, 6, 0, 0, 100, 244, 605, 68, 2, 5, 0, 0
58, 130, 17, 42, 148, 305, 260, 64, 98, 120, 234, 189, 175, 208, 0, 0, 124, 94, 227, 183, 171, 224, 1, 0
1, 77, 321, 394, 107, 124, 0, 0, 7, 138, 599, 62, 117, 101, 0, 0, 27, 174, 543, 63, 116, 90, 11, 0
15, 180, 262, 504, 63, 0, 0, 0, 26, 201, 282, 484, 31, 0, 0, 0, 29, 258, 271, 464, 2, 0, 0, 0
16, 262, 254, 316, 102, 69, 5, 0, 19, 272, 303, 278, 83, 63, 6, 0, 8, 299, 397, 180, 68, 62, 10, 0
19, 179, 200, 200, 144, 146, 121, 15, 17, 178, 230, 192, 133, 131, 118, 25, 11, 162, 255, 176, 144, 106, 105, 65
0, 61, 214, 99, 87, 75, 465, 23, 1, 51, 230, 90, 83, 79, 415, 75, 0, 66, 212, 91, 85, 85, 318, 167
0, 14, 29, 33, 56, 234, 561, 97, 0, 12, 28, 30, 55, 70, 677, 152, 0, 9, 24, 24, 56, 56, 492, 363
0, 0, 0, 0, 0, 386, 478, 160, 0, 0, 0, 0, 0, 104, 686, 234, 0, 0, 0, 0, 0, 29, 616, 379
0, 0, 31, 90, 171, 243, 386, 39, 0, 2, 66, 81, 139, 230, 385, 57, 23, 56, 68, 114, 153, 148, 221, 177
13, 93, 55, 89, 675, 99, 0, 0, 103, 101, 454, 13, 64, 289, 0, 0, 245, 402, 11, 13, 26, 320, 7, 0
0, 419, 530, 46, 29, 0, 0, 0, 384, 576, 44, 3, 11, 6, 0, 0, 943, 58, 4, 4, 6, 9, 0, 0
0, 516, 292, 216, 0, 0, 0, 0, 401, 399, 8, 216, 0, 0, 0, 0, 680, 120, 8, 163, 53, 0, 0, 0
0, 112, 20, 635, 143, 88, 26, 0, 73, 160, 35, 634, 27, 92, 3, 0, 93, 140, 34, 607, 44, 86, 20, 0
0, 72, 29, 479, 246, 103, 95, 0, 84, 204, 69, 448, 53, 159, 7, 0, 138, 149, 67, 429, 35, 116, 90, 0
0, 175, 108, 337, 287, 55, 61, 1, 6, 285, 109, 318, 219, 78, 9, 0, 65, 245, 92, 328, 182, 68, 44, 0
175, 205, 131, 78, 136, 286, 13, 0, 259, 197, 119, 231, 217, 1, 0, 0, 698, 290, 36, 0, 0, 0, 0, 0
0, 0, 40, 43, 103, 110, 98, 630, 20, 49, 45, 130, 154, 336, 204, 86, 139, 291, 341, 150, 62, 41, 0, 0
0, 0, 0, 32, 39, 34, 20, 899, 0, 26, 17, 55, 17, 269, 215, 425, 70, 63, 427, 261, 121, 57, 25, 0
0, 0, 11, 37, 106, 65, 251, 554, 0, 40, 167, 167, 245, 197, 139, 69, 94, 283, 459, 80, 59, 28, 20, 1
131, 184, 143, 123, 35, 104, 207, 97, 217, 212, 177, 162, 163, 44, 34, 15, 348, 351, 214, 47, 35, 29, 0, 0
163, 557, 170, 122, 10, 2, 0, 0, 290, 559, 118, 44, 11, 2, 0, 0, 591, 339, 42, 42, 10, 0, 0, 0
147, 692, 99, 40, 32, 14, 0, 0, 221, 678, 54, 40, 27, 4, 0, 0, 509, 416, 52, 29, 15, 3, 0, 0
289, 731, 3, 1, 0, 0, 0, 0, 322, 702, 0, 0, 0, 0, 0, 0, 422, 600, 2, 0, 0, 0, 0, 0
272, 719, 7, 4, 8, 14, 0, 0, 279, 711, 8, 4, 8, 14, 0, 0, 289, 697, 12, 4, 8, 14, 0, 0
1, 1002, 18, 1, 1, 1, 0, 0, 4, 1003, 14, 1, 1, 1, 0, 0, 11, 996, 14, 1, 1, 1, 0, 0
30, 979, 15, 0, 0, 0, 0, 0, 44, 966, 14, 0, 0, 0, 0, 0, 3, 997, 24, 0, 0, 0, 0, 0
123, 658, 55, 30, 53, 62, 32, 11, 111, 661, 60, 31, 50, 59, 37, 15, 44, 717, 63, 28, 50, 52, 49, 21
91, 175, 109, 133, 180, 127, 155, 54, 90, 196, 139, 142, 153, 97, 130, 77, 42, 207, 144, 127, 170, 106, 114, 114
5, 37, 29, 46, 108, 162, 453, 184, 8, 42, 44, 101, 107, 140, 354, 228, 6, 41, 41, 80, 124, 124, 267, 341
0, 2, 4, 1, 10, 151, 382, 474, 0, 1, 3, 2, 5, 88, 375, 550, 0, 0, 2, 4, 4, 31, 326, 657
0, 0, 0, 1, 37, 361, 522, 103, 0, 0, 0, 1, 30, 288, 568, 137, 0, 0, 0, 1, 26, 175, 543, 279
0, 0, 0, 39, 206, 338, 335, 42, 0, 0, 26, 311, 232, 186, 204, 1, 0, 119, 191, 147, 157, 158, 172, 16
0, 0, 11, 330, 683, 0, 0, 0, 1, 274, 749, 0, 0, 0, 0, 0, 477, 547, 0, 0, 0, 0, 0, 0
51, 316, 499, 106, 52, 0, 0, 0, 334, 595, 95, 0, 0, 0, 0, 0, 910, 110, 4, 0, 0, 0, 0, 0
77, 533, 298, 116, 0, 0, 0, 0, 343, 425, 144, 112, 0, 0, 0, 0, 521, 256, 135, 111, 1, 0, 0, 0
0, 386, 196, 442, 0, 0, 0, 0, 50, 429, 109, 436, 0, 0, 0, 0, 90, 394, 110, 430, 0, 0, 0, 0
0, 403, 137, 484, 0, 0, 0, 0, 28, 471, 46, 479, 0, 0, 0, 0, 100, 411, 34, 475, 4, 0, 0, 0
0, 230, 103, 624, 67, 0, 0, 0, 0, 264, 70, 621, 69, 0, 0, 0, 28, 245, 60, 623, 64, 4, 0, 0
170, 425, 80, 25, 3, 14, 89, 218, 461, 219, 18, 7, 59, 117, 143, 0, 573, 153, 100, 167, 31, 0, 0, 0
0, 2, 38, 138, 215, 128, 186, 317, 24, 37, 182, 225, 173, 200, 181, 2, 155, 449, 342, 74, 2, 2, 0, 0
0, 0, 1, 64, 215, 246, 167, 331, 0, 0, 149, 280, 230, 139, 165, 61, 65, 342, 281, 157, 107, 69, 3, 0
0, 0, 38, 124, 151, 140, 153, 418, 0, 44, 264, 272, 211, 142, 64, 27, 96, 433, 327, 81, 47, 39, 1, 0
264, 102, 139, 35, 5, 37, 150, 292, 338, 121, 157, 125, 136, 29, 39, 79, 454, 272, 145, 22, 30, 77, 24, 0
551, 241, 166, 58, 8, 0, 0, 0, 631, 292, 96, 5, 0, 0, 0, 0, 817, 205, 2, 0, 0, 0, 0, 0
360, 659, 5, 0, 0, 0, 0, 0, 424, 599, 1, 0, 0, 0, 0, 0, 592, 432, 0, 0, 0, 0, 0, 0
435, 543, 46, 0, 0, 0, 0, 0, 486, 493, 45, 0, 0, 0, 0, 0, 568, 384, 72, 0, 0, 0, 0, 0
291, 704, 29, 0, 0, 0, 0, 0, 323, 668, 33, 0, 0, 0, 0, 0, 376, 588, 60, 0, 0, 0, 0, 0
29, 576, 397, 22, 0, 0, 0, 0, 72, 752, 200, 0, 0, 0, 0, 0, 212, 581, 224, 7, 0, 0, 0, 0
124, 284, 129, 86, 61, 94, 245, 1, 172, 332, 119, 64, 89, 247, 1, 0, 148, 411, 93, 67, 215, 90, 0, 0
246, 163, 227, 94, 76, 176, 42, 0, 321, 288, 112, 30, 94, 143, 36, 0, 215, 433, 74, 32, 100, 89, 81, 0
0, 25, 120, 187, 213, 309, 152, 18, 7, 83, 187, 76, 162, 333, 151, 25, 8, 100, 160, 77, 129, 324, 180, 46
0, 0, 22, 39, 97, 197, 457, 212, 0, 2, 27, 38, 76, 165, 379, 337, 0, 7, 24, 31, 73, 136, 298, 455
0, 0, 0, 0, 9, 124, 446, 445, 0, 0, 0, 0, 3, 59, 443, 519, 0, 0, 0, 0, 2, 36, 381, 605
0, 0, 0, 29, 86, 431, 380, 98, 0, 0, 3, 28, 75, 360, 425, 133, 0, 0, 7, 25, 65, 226, 474, 227
0, 0, 49, 200, 458, 205, 48, 0, 0, 0, 44, 274, 391, 202, 49, 0, 0, 25, 117, 267, 287, 202, 54, 8
0, 0, 3, 651, 370, 0, 0, 0, 0, 532, 492, 0, 0, 0, 0, 0, 746, 278, 0, 0, 0, 0, 0, 0
0, 244, 505, 264, 11, 0, 0, 0, 216, 769, 39, 0, 0, 0, 0, 0, 981, 43, 0, 0, 0, 0, 0, 0
0, 118, 650, 242, 14, 0, 0, 0, 41, 702, 25, 256, 0, 0, 0, 0, 731, 18, 19, 181, 75, 0, 0, 0
0, 0, 0, 1024, 0, 0, 0, 0, 0, 0, 0, 1024, 0, 0, 0, 0, 0, 0, 0, 1007, 17, 0, 0, 0
0, 0, 0, 1024, 0, 0, 0, 0, 0, 0, 0, 1023, 1, 0, 0, 0, 0, 0, 0, 1013, 11, 0, 0, 0
0, 96, 32, 896, 0, 0, 0, 0, 0, 96, 32, 895, 1, 0, 0, 0, 0, 96, 32, 878, 18, 0, 0, 0
189, 284, 67, 91, 65, 29, 53, 246, 366, 202, 71, 51, 37, 151, 146, 0, 495, 184, 101, 221, 23, 0, 0, 0
0, 0, 17, 51, 188, 112, 120, 536, 19, 11, 119, 173, 114, 323, 250, 15, 146, 395, 367, 84, 16, 16, 0, 0
0, 0, 0, 21, 94, 154, 176, 579, 0, 1, 81, 178, 156, 276, 130, 202, 33, 238, 315, 131, 83, 105, 88, 31
0, 0, 65, 134, 149, 107, 230, 339, 0, 94, 344, 172, 184, 110, 53, 67, 163, 418, 285, 46, 34, 41, 36, 1
95, 37, 63, 39, 29, 51, 509, 201, 123, 71, 100, 114, 224, 258, 107, 27, 230, 224, 157, 69, 293, 46, 5, 0
230, 181, 441, 46, 19, 17, 90, 0, 286, 219, 370, 27, 18, 103, 1, 0, 378, 248, 265, 46, 87, 0, 0, 0
508, 324, 89, 33, 31, 11, 11, 17, 544, 331, 59, 29, 26, 9, 11, 15, 680, 246, 25, 28, 14, 6, 9, 16
298, 726, 0, 0, 0, 0, 0, 0, 358, 666, 0, 0, 0, 0, 0, 0, 595, 429, 0, 0, 0, 0, 0, 0
472, 550, 2, 0, 0, 0, 0, 0, 499, 523, 2, 0, 0, 0, 0, 0, 606, 416, 2, 0, 0, 0, 0, 0
363, 318, 257, 85, 1, 0, 0, 0, 416, 534, 74, 0, 0, 0, 0, 0, 727, 295, 2, 0, 0, 0, 0, 0
53, 229, 307, 84, 63, 166, 122, 0, 122, 430, 118, 67, 198, 89, 0, 0, 286, 352, 71, 64, 243, 8, 0, 0
0, 17, 520, 358, 73, 48, 8, 0, 1, 736, 142, 60, 67, 15, 3, 0, 51, 777, 55, 71, 53, 13, 4, 0
7, 109, 419, 359, 31, 76, 23, 0, 48, 675, 155, 30, 29, 61, 26, 0, 63, 788, 30, 29, 32, 55, 27, 0
0, 29, 491, 438, 34, 30, 2, 0, 6, 820, 122, 22, 24, 29, 1, 0, 19, 901, 31, 22, 24, 25, 2, 0
0, 0, 82, 193, 82, 358, 305, 4, 0, 120, 148, 15, 81, 370, 290, 0, 1, 210, 60, 14, 82, 444, 213, 0
0, 0, 19, 192, 355, 431, 27, 0, 0, 0, 15, 192, 390, 406, 21, 0, 0, 0, 22, 201, 421, 371, 9, 0
78, 101, 221, 401, 113, 46, 0, 0, 94, 64, 315, 298, 152, 37, 0, 0, 112, 124, 322, 257, 121, 24, 0, 0
0, 0, 22, 838, 164, 0, 0, 0, 0, 753, 271, 0, 0, 0, 0, 0, 873, 151, 0, 0, 0, 0, 0, 0
0, 120, 525, 324, 55, 0, 0, 0, 129, 829, 66, 0, 0, 0, 0, 0, 966, 58, 0, 0, 0, 0, 0, 0
0, 53, 715, 219, 37, 0, 0, 0, 62, 674, 32, 256, 0, 0, 0, 0, 732, 16, 20, 158, 98, 0, 0, 0
0, 0, 0, 1024, 0, 0, 0, 0, 0, 0, 0, 1024, 0, 0, 0, 0, 0, 0, 0, 992, 32, 0, 0, 0
0, 0, 0, 1024, 0, 0, 0, 0, 0, 0, 0, 1024, 0, 0, 0, 0, 0, 0, 0, 1020, 4, 0, 0, 0
0, 114, 16, 894, 0, 0, 0, 0, 0, 117, 17, 890, 0, 0, 0, 0, 0, 122, 16, 884, 2, 0, 0, 0
112, 348, 86, 97, 79, 35, 5, 262, 360, 222, 114, 43, 18, 116, 151, 0, 527, 217, 148, 81, 51, 0, 0, 0
0, 0, 23, 33, 109, 198, 106, 555, 18, 22, 82, 168, 140, 423, 168, 3, 159, 466, 360, 29, 6, 4, 0, 0
0, 0, 0, 33, 73, 172, 209, 537, 0, 15, 47, 160, 217, 227, 143, 215, 84, 243, 242, 55, 55, 72, 186, 87
0, 0, 31, 112, 75, 90, 307, 409, 0, 92, 153, 201, 299, 93, 114, 72, 145, 348, 230, 108, 76, 72, 44, 1
0, 3, 76, 261, 71, 167, 259, 187, 1, 100, 195, 360, 80, 189, 74, 25, 153, 357, 206, 105, 129, 74, 0, 0
17, 66, 100, 206, 150, 92, 61, 332, 34, 78, 113, 227, 144, 127, 66, 235, 64, 101, 242, 228, 138, 76, 99, 76
43, 247, 230, 189, 164, 58, 49, 44, 101, 274, 206, 176, 128, 52, 42, 45, 219, 233, 157, 170, 119, 34, 34, 58
583, 302, 49, 24, 9, 15, 29, 13, 680, 236, 32, 21, 20, 18, 16, 1, 789, 148, 23, 19, 20, 24, 1, 0
582, 161, 65, 94, 122, 0, 0, 0, 634, 147, 86, 136, 21, 0, 0, 0, 672, 132, 94, 124, 2, 0, 0, 0
0, 33, 422, 569, 0, 0, 0, 0, 3, 399, 606, 16, 0, 0, 0, 0, 51, 431, 527, 15, 0, 0, 0, 0
2, 171, 800, 51, 0, 0, 0, 0, 14, 593, 367, 50, 0, 0, 0, 0, 21, 761, 210, 32, 0, 0, 0, 0
0, 220, 653, 151, 0, 0, 0, 0, 1, 775, 247, 1, 0, 0, 0, 0, 17, 950, 57, 0, 0, 0, 0, 0
0, 7, 434, 212, 54, 180, 137, 0, 4, 478, 154, 27, 57, 175, 129, 0, 92, 488, 57, 25, 44, 140, 178, 0
0, 80, 434, 178, 74, 130, 125, 3, 14, 466, 61, 211, 96, 126, 50, 0, 50, 443, 98, 164, 102, 103, 64, 0
1, 21, 146, 408, 215, 192, 41, 0, 5, 73, 212, 336, 178, 171, 49, 0, 6, 103, 315, 211, 199, 107, 83, 0
0, 4, 342, 203, 359, 116, 0, 0, 0, 12, 449, 99, 380, 84, 0, 0, 0, 328, 155, 142, 357, 42, 0, 0
0, 28, 352, 345, 181, 54, 0, 0, 0, 93, 435, 221, 171, 40, 0, 0, 31, 340, 246, 189, 134, 20, 0, 0
0, 0, 261, 754, 9, 0, 0, 0, 19, 974, 31, 0, 0, 0, 0, 0, 978, 46, 0, 0, 0, 0, 0, 0
0, 61, 608, 348, 7, 0, 0, 0, 60, 949, 15, 0, 0, 0, 0, 0, 963, 61, 0, 0, 0, 0, 0, 0
0, 223, 545, 198, 58, 0, 0, 0, 190, 549, 29, 256, 0, 0, 0, 0, 721, 25, 22, 111, 145, 0, 0, 0
0, 0, 0, 1024, 0, 0, 0, 0, 0, 0, 0, 1024, 0, 0, 0, 0, 0, 0, 0, 1004, 20, 0, 0, 0
0, 0, 0, 1024, 0, 0, 0, 0, 0, 0, 0, 1024, 0, 0, 0, 0, 0, 0, 0, 1021, 3, 0, 0, 0
0, 109, 30, 881, 4, 0, 0, 0, 1, 111, 28, 883, 1, 0, 0, 0, 43, 80, 24, 876, 1, 0, 0, 0
130, 263, 67, 72, 72, 111, 166, 143, 298, 218, 75, 77, 144, 123, 89, 0, 644, 164, 145, 51, 20, 0, 0, 0
0, 0, 14, 46, 100, 153, 122, 589, 0, 43, 46, 158, 142, 359, 221, 55, 168, 376, 266, 62, 18, 64, 42, 28
0, 0, 0, 0, 38, 104, 123, 759, 0, 0, 10, 100, 124, 152, 213, 425, 8, 120, 124, 30, 19, 62, 274, 387
0, 0, 8, 44, 53, 88, 164, 667, 1, 30, 153, 267, 159, 87, 113, 214, 58, 231, 295, 127, 72, 40, 60, 141
1, 333, 146, 32, 28, 125, 129, 230, 166, 257, 186, 226, 52, 71, 54, 12, 379, 402, 76, 59, 72, 36, 0, 0
2, 143, 412, 85, 84, 81, 45, 172, 19, 173, 390, 150, 79, 62, 48, 103, 62, 478, 156, 138, 88, 35, 54, 13
12, 62, 271, 241, 187, 113, 112, 26, 163, 281, 223, 176, 105, 42, 15, 19, 251, 257, 198, 149, 102, 30, 17, 20
60, 311, 143, 78, 111, 106, 145, 70, 108, 348, 162, 103, 129, 122, 52, 0, 193, 317, 144, 125, 110, 123, 12, 0
105, 130, 112, 92, 125, 192, 133, 135, 186, 183, 116, 183, 129, 102, 107, 18, 249, 208, 165, 134, 89, 95, 84, 0
1, 106, 191, 680, 32, 14, 0, 0, 17, 213, 700, 92, 1, 1, 0, 0, 33, 313, 649, 28, 1, 0, 0, 0
2, 272, 501, 226, 21, 2, 0, 0, 2, 287, 639, 92, 4, 0, 0, 0, 3, 548, 451, 20, 2, 0, 0, 0
0, 244, 582, 179, 19, 0, 0, 0, 0, 309, 572, 138, 5, 0, 0, 0, 3, 620, 366, 35, 0, 0, 0, 0
0, 45, 275, 675, 29, 0, 0, 0, 1, 148, 274, 600, 1, 0, 0, 0, 39, 183, 535, 266, 1, 0, 0, 0
0, 16, 228, 708, 71, 1, 0, 0, 0, 39, 355, 618, 11, 1, 0, 0, 0, 59, 654, 304, 7, 0, 0, 0
0, 0, 182, 771, 71, 0, 0, 0, 0, 0, 377, 645, 2, 0, 0, 0, 0, 50, 665, 309, 0, 0, 0, 0
0, 0, 943, 81, 0, 0, 0, 0, 0, 0, 447, 565, 12, 0, 0, 0, 0, 930, 94, 0, 0, 0, 0, 0
0, 0, 748, 212, 0, 0, 0, 0, 0, 145, 590, 224, 1, 0, 0, 0, 135, 726, 99, 0, 0, 0, 0, 0
0, 1, 681, 341, 1, 0, 0, 0, 113, 905, 6, 0, 0, 0, 0, 0, 1019, 5, 0, 0, 0, 0, 0, 0
0, 1, 765, 248, 10, 0, 0, 0, 99, 920, 5, 0, 0, 0, 0, 0, 1008, 16, 0, 0, 0, 0, 0, 0
0, 256, 512, 252, 4, 0, 0, 0, 231, 522, 15, 256, 0, 0, 0, 0, 727, 29, 12, 226, 30, 0, 0, 0
0, 0, 1, 767, 156, 71, 29, 0, 61, 67, 23, 756, 25, 89, 3, 0, 89, 39, 24, 733, 42, 75, 22, 0
0, 0, 0, 555, 209, 166, 90, 4, 51, 196, 14, 545, 54, 160, 4, 0, 133, 120, 9, 528, 70, 111, 53, 0
19, 77, 32, 557, 116, 133, 88, 2, 48, 191, 45, 556, 47, 111, 26, 0, 155, 91, 42, 526, 67, 101, 42, 0
203, 147, 131, 85, 224, 215, 19, 0, 285, 232, 111, 252, 144, 0, 0, 0, 900, 119, 5, 0, 0, 0, 0, 0
0, 0, 20, 144, 263, 86, 78, 433, 0, 33, 138, 239, 172, 250, 192, 0, 135, 317, 350, 191, 28, 3, 0, 0
0, 0, 0, 15, 125, 150, 360, 374, 0, 0, 91, 135, 304, 340, 53, 101, 69, 153, 518, 130, 35, 31, 52, 36
0, 0, 32, 99, 109, 158, 292, 334, 0, 29, 148, 185, 322, 144, 79, 117, 120, 259, 330, 105, 71, 65, 68, 6
45, 325, 111, 61, 60, 174, 85, 163, 247, 203, 119, 209, 89, 66, 90, 1, 437, 329, 87, 41, 80, 50, 0, 0
23, 467, 455, 19, 15, 10, 13, 22, 67, 572, 381, 2, 2, 0, 0, 0, 180, 750, 92, 2, 0, 0, 0, 0
0, 21, 145, 228, 210, 259, 151, 10, 734, 252, 7, 9, 6, 13, 3, 0, 861, 128, 10, 8, 15, 2, 0, 0
0, 3, 12, 67, 224, 392, 259, 67, 361, 157, 82, 103, 139, 118, 64, 0, 429, 134, 108, 113, 104, 101, 35, 0
0, 25, 123, 192, 262, 332, 86, 4, 1, 132, 235, 334, 261, 53, 8, 0, 28, 256, 386, 271, 70, 12, 1, 0
0, 12, 136, 720, 67, 89, 0, 0, 0, 152, 656, 215, 1, 0, 0, 0, 15, 479, 524, 6, 0, 0, 0, 0
0, 86, 233, 486, 205, 14, 0, 0, 2, 102, 509, 347, 63, 1, 0, 0, 25, 353, 481, 155, 10, 0, 0, 0
0, 154, 311, 457, 99, 3, 0, 0, 0, 180, 417, 379, 48, 0, 0, 0, 2, 317, 507, 191, 7, 0, 0, 0
0, 0, 195, 792, 37, 0, 0, 0, 0, 0, 345, 677, 2, 0, 0, 0, 0, 19, 754, 251, 0, 0, 0, 0
0, 70, 552, 391, 11, 0, 0, 0, 0, 141, 592, 291, 0, 0, 0, 0, 0, 292, 575, 157, 0, 0, 0, 0
0, 116, 624, 280, 3, 1, 0, 0, 0, 82, 785, 156, 1, 0, 0, 0, 0, 173, 725, 125, 1, 0, 0, 0
0, 180, 843, 1, 0, 0, 0, 0, 0, 143, 473, 408, 0, 0, 0, 0, 0, 823, 201, 0, 0, 0, 0, 0
29, 253, 675, 3, 0, 0, 0, 0, 3, 211, 451, 295, 0, 0, 0, 0, 133, 771, 56, 0, 0, 0, 0, 0
0, 0, 668, 356, 0, 0, 0, 0, 7, 1017, 0, 0, 0, 0, 0, 0, 1023, 1, 0, 0, 0, 0, 0, 0
0, 9, 611, 404, 0, 0, 0, 0, 60, 964, 0, 0, 0, 0, 0, 0, 1024, 0, 0, 0, 0, 0, 0, 0
0, 199, 569, 255, 1, 0, 0, 0, 233, 535, 16, 240, 0, 0, 0, 0, 740, 28, 16, 240, 0, 0, 0, 0
0, 0, 0, 512, 234, 208, 70, 0, 105, 92, 12, 525, 50, 239, 1, 0, 119, 76, 13, 524, 35, 109, 148, 0
0, 0, 2, 63, 212, 493, 253, 1, 76, 204, 43, 41, 54, 556, 50, 0, 174, 105, 46, 41, 40, 217, 401, 0
61, 35, 32, 158, 193, 206, 336, 3, 83, 200, 49, 167, 85, 321, 119, 0, 193, 93, 51, 185, 64, 170, 268, 0
238, 112, 123, 85, 218, 123, 109, 16, 312, 191, 89, 260, 161, 11, 0, 0, 801, 204, 19, 0, 0, 0, 0, 0
0, 0, 78, 166, 219, 162, 59, 340, 0, 80, 166, 240, 158, 178, 167, 35, 206, 347, 316, 98, 13, 17, 27, 0
0, 0, 0, 7, 56, 116, 211, 634, 0, 0, 12, 73, 194, 139, 161, 445, 1, 30, 165, 178, 120, 112, 178, 240
0, 0, 18, 32, 92, 127, 241, 514, 1, 33, 159, 242, 224, 172, 121, 72, 58, 302, 369, 183, 97, 13, 2, 0
0, 248, 162, 73, 52, 109, 162, 218, 53, 371, 171, 151, 131, 83, 55, 9, 389, 271, 107, 133, 103, 20, 1, 0
20, 67, 40, 38, 101, 250, 508, 0, 69, 52, 70, 177, 519, 137, 0, 0, 93, 58, 112, 314, 447, 0, 0, 0
36, 480, 161, 34, 52, 188, 73, 0, 448, 275, 38, 72, 191, 0, 0, 0, 504, 231, 42, 119, 128, 0, 0, 0
0, 656, 138, 37, 42, 89, 62, 0, 173, 847, 3, 1, 0, 0, 0, 0, 277, 744, 2, 1, 0, 0, 0, 0
0, 974, 36, 11, 3, 0, 0, 0, 39, 962, 19, 4, 0, 0, 0, 0, 59, 957, 6, 2, 0, 0, 0, 0
0, 1018, 6, 0, 0, 0, 0, 0, 0, 1024, 0, 0, 0, 0, 0, 0, 8, 1016, 0, 0, 0, 0, 0, 0
3, 936, 65, 20, 0, 0, 0, 0, 13, 785, 211, 15, 0, 0, 0, 0, 22, 661, 222, 115, 4, 0, 0, 0
2, 563, 287, 113, 44, 15, 0, 0, 2, 124, 708, 156, 34, 0, 0, 0, 2, 55, 319, 628, 20, 0, 0, 0
0, 428, 337, 258, 1, 0, 0, 0, 0, 9, 697, 318, 0, 0, 0, 0, 0, 0, 252, 753, 19, 0, 0, 0
2, 581, 396, 35, 10, 0, 0, 0, 0, 22, 912, 85, 5, 0, 0, 0, 0, 0, 52, 961, 11, 0, 0, 0
1, 874, 149, 0, 0, 0, 0, 0, 0, 120, 879, 25, 0, 0, 0, 0, 0, 0, 342, 670, 12, 0, 0, 0
3, 1017, 4, 0, 0, 0, 0, 0, 0, 833, 191, 0, 0, 0, 0, 0, 0, 103, 878, 43, 0, 0, 0, 0
679, 281, 0, 0, 0, 0, 0, 0, 267, 693, 0, 0, 0, 0, 0, 0, 71, 820, 69, 0, 0, 0, 0, 0
0, 0, 791, 233, 0, 0, 0, 0, 28, 996, 0, 0, 0, 0, 0, 0, 1024, 0, 0, 0, 0, 0, 0, 0
0, 50, 417, 557, 0, 0, 0, 0, 86, 938, 0, 0, 0, 0, 0, 0, 1024, 0, 0, 0, 0, 0, 0, 0
0, 371, 429, 224, 0, 0, 0, 0, 371, 397, 32, 224, 0, 0, 0, 0, 767, 5, 28, 224, 0, 0, 0, 0
0, 0, 2, 853, 80, 69, 20, 0, 49, 21, 15, 842, 32, 65, 0, 0, 55, 16, 12, 841, 28, 67, 5, 0
0, 0, 0, 674, 187, 100, 63, 0, 104, 73, 14, 674, 40, 116, 3, 0, 118, 60, 14, 666, 47, 94, 25, 0
55, 41, 32, 618, 111, 99, 68, 0, 110, 96, 44, 638, 33, 98, 5, 0, 144, 62, 49, 623, 34, 95, 17, 0
227, 163, 80, 120, 45, 42, 192, 155, 374, 152, 98, 32, 215, 36, 74, 43, 647, 207, 59, 58, 51, 2, 0, 0
0, 5, 52, 27, 50, 108, 175, 607, 5, 74, 57, 99, 129, 369, 231, 60, 186, 444, 301, 81, 8, 3, 1, 0
0, 0, 14, 67, 93, 253, 201, 396, 0, 36, 124, 243, 212, 82, 104, 223, 164, 401, 64, 67, 57, 100, 101, 70
0, 2, 54, 159, 264, 204, 65, 276, 2, 120, 229, 354, 47, 29, 68, 175, 249, 425, 70, 42, 56, 76, 90, 16
64, 351, 163, 109, 95, 55, 53, 134, 109, 493, 162, 90, 25, 63, 73, 9, 589, 244, 26, 45, 91, 29, 0, 0
267, 380, 59, 33, 51, 167, 67, 0, 503, 199, 42, 63, 203, 14, 0, 0, 595, 135, 44, 126, 124, 0, 0, 0
5, 783, 140, 7, 5, 68, 16, 0, 49, 876, 8, 6, 81, 4, 0, 0, 151, 780, 5, 24, 63, 1, 0, 0
0, 1024, 0, 0, 0, 0, 0, 0, 0, 1024, 0, 0, 0, 0, 0, 0, 4, 1020, 0, 0, 0, 0, 0, 0
0, 1024, 0, 0, 0, 0, 0, 0, 30, 994, 0, 0, 0, 0, 0, 0, 30, 994, 0, 0, 0, 0, 0, 0
0, 960, 64, 0, 0, 0, 0, 0, 181, 843, 0, 0, 0, 0, 0, 0, 210, 814, 0, 0, 0, 0, 0, 0
0, 1008, 16, 0, 0, 0, 0, 0, 199, 595, 230, 0, 0, 0, 0, 0, 270, 485, 139, 130, 0, 0, 0, 0
2, 531, 491, 0, 0, 0, 0, 0, 0, 55, 914, 55, 0, 0, 0, 0, 0, 0, 138, 874, 12, 0, 0, 0
0, 809, 215, 0, 0, 0, 0, 0, 0, 134, 883, 7, 0, 0, 0, 0, 0, 0, 240, 784, 0, 0, 0, 0
21, 969, 34, 0, 0, 0, 0, 0, 0, 345, 679, 0, 0, 0, 0, 0, 0, 9, 490, 525, 0, 0, 0, 0
34, 983, 7, 0, 0, 0, 0, 0, 0, 712, 312, 0, 0, 0, 0, 0, 0, 33, 822, 169, 0, 0, 0, 0
279, 745, 0, 0, 0, 0, 0, 0, 3, 1016, 5, 0, 0, 0, 0, 0, 0, 560, 464, 0, 0, 0, 0, 0
662, 278, 17, 3, 0, 0, 0, 0, 223, 715, 17, 5, 0, 0, 0, 0, 71, 849, 36, 4, 0, 0, 0, 0
0, 0, 972, 52, 0, 0, 0, 0, 210, 814, 0, 0, 0, 0, 0, 0, 1024, 0, 0, 0, 0, 0, 0, 0
0, 0, 623, 401, 0, 0, 0, 0, 17, 1007, 0, 0, 0, 0, 0, 0, 1024, 0, 0, 0, 0, 0, 0, 0
0, 380, 420, 224, 0, 0, 0, 0, 366, 429, 21, 208, 0, 0, 0, 0, 762, 38, 21, 203, 0, 0, 0, 0
0, 0, 6, 1018, 0, 0, 0, 0, 0, 0, 6, 1018, 0, 0, 0, 0, 0, 0, 0, 1024, 0, 0, 0, 0
0, 0, 0, 1024, 0, 0, 0, 0, 0, 0, 0, 1024, 0, 0, 0, 0, 0, 0, 0, 1024, 0, 0, 0, 0
62, 34, 23, 905, 0, 0, 0, 0, 64, 32, 25, 903, 0, 0, 0, 0, 64, 32, 32, 896, 0, 0, 0, 0
82, 463, 58, 78, 50, 42, 188, 63, 448, 188, 67, 37, 186, 41, 32, 25, 715, 216, 42, 38, 12, 1, 0, 0
69, 293, 132, 51, 37, 80, 170, 192, 290, 218, 51, 58, 172, 149, 63, 23, 621, 277, 100, 23, 3, 0, 0, 0
23, 325, 99, 49, 35, 39, 78, 376, 234, 232, 38, 47, 53, 100, 251, 69, 494, 63, 95, 187, 141, 44, 0, 0
53, 360, 82, 93, 79, 85, 194, 78, 256, 251, 152, 97, 162, 68, 33, 5, 556, 213, 174, 37, 31, 13, 0, 0
158, 375, 194, 54, 45, 65, 54, 79, 271, 398, 197, 42, 42, 41, 31, 2, 517, 302, 105, 56, 38, 6, 0, 0
155, 284, 376, 136, 35, 34, 4, 0, 189, 306, 373, 80, 16, 35, 25, 0, 206, 419, 309, 14, 19, 32, 25, 0
0, 756, 48, 40, 49, 96, 35, 0, 165, 622, 14, 20, 43, 60, 100, 0, 295, 497, 10, 16, 45, 60, 101, 0
0, 931, 20, 12, 14, 22, 14, 11, 230, 739, 9, 14, 14, 15, 3, 0, 465, 510, 8, 15, 11, 15, 0, 0
53, 866, 37, 13, 12, 21, 15, 7, 480, 494, 25, 14, 5, 4, 2, 0, 677, 306, 20, 11, 5, 5, 0, 0
0, 825, 95, 97, 7, 0, 0, 0, 222, 755, 43, 4, 0, 0, 0, 0, 487, 521, 16, 0, 0, 0, 0, 0
0, 768, 254, 2, 0, 0, 0, 0, 34, 742, 248, 0, 0, 0, 0, 0, 125, 681, 215, 3, 0, 0, 0, 0
1, 191, 491, 223, 118, 0, 0, 0, 0, 125, 618, 280, 1, 0, 0, 0, 0, 208, 709, 105, 2, 0, 0, 0
0, 277, 177, 481, 89, 0, 0, 0, 0, 300, 293, 429, 2, 0, 0, 0, 0, 158, 851, 15, 0, 0, 0, 0
0, 238, 420, 355, 11, 0, 0, 0, 0, 80, 798, 146, 0, 0, 0, 0, 0, 302, 694, 28, 0, 0, 0, 0
0, 325, 230, 469, 0, 0, 0, 0, 0, 315, 585, 124, 0, 0, 0, 0, 0, 136, 884, 4, 0, 0, 0, 0
0, 437, 587, 0, 0, 0, 0, 0, 0, 415, 365, 244, 0, 0, 0, 0, 1, 633, 390, 0, 0, 0, 0, 0
228, 327, 405, 0, 0, 0, 0, 0, 0, 538, 126, 296, 0, 0, 0, 0, 73, 876, 11, 0, 0, 0, 0, 0
0, 34, 990, 0, 0, 0, 0, 0, 434, 590, 0, 0, 0, 0, 0, 0, 1022, 2, 0, 0, 0, 0, 0, 0
0, 39, 853, 132, 0, 0, 0, 0, 125, 899, 0, 0, 0, 0, 0, 0, 1024, 0, 0, 0, 0, 0, 0, 0
0, 551, 288, 185, 0, 0, 0, 0, 518, 297, 33, 176, 0, 0, 0, 0, 791, 23, 30, 180, 0, 0, 0, 0
0, 0, 40, 984, 0, 0, 0, 0, 0, 0, 22, 1002, 0, 0, 0, 0, 0, 0, 2, 1022, 0, 0, 0, 0
0, 0, 0, 1024, 0, 0, 0, 0, 0, 0, 0, 1024, 0, 0, 0, 0, 0, 0, 0, 1024, 0, 0, 0, 0
61, 17, 19, 927, 0, 0, 0, 0, 62, 23, 14, 925, 0, 0, 0, 0, 64, 28, 20, 912, 0, 0, 0, 0
64, 272, 124, 86, 46, 71, 347, 14, 331, 191, 52, 61, 358, 29, 2, 0, 604, 406, 13, 1, 0, 0, 0, 0
0, 29, 282, 253, 174, 173, 84, 29, 62, 399, 230, 221, 89, 23, 0, 0, 868, 151, 5, 0, 0, 0, 0, 0
0, 41, 196, 284, 255, 95, 72, 81, 26, 286, 392, 139, 89, 65, 27, 0, 579, 292, 86, 49, 18, 0, 0, 0
0, 39, 101, 209, 150, 74, 60, 391, 11, 167, 387, 204, 76, 79, 77, 23, 387, 361, 97, 70, 45, 56, 8, 0
38, 265, 275, 171, 75, 64, 53, 83, 92, 538, 260, 19, 35, 22, 58, 0, 517, 353, 42, 27, 32, 49, 4, 0
4, 345, 456, 71, 35, 60, 46, 7, 15, 521, 296, 45, 22, 60, 59, 6, 231, 532, 100, 21, 36, 41, 62, 1
20, 158, 67, 83, 157, 276, 251, 12, 36, 155, 83, 77, 145, 215, 312, 1, 77, 123, 89, 76, 139, 214, 299, 7
0, 24, 14, 28, 124, 442, 356, 36, 7, 80, 94, 90, 172, 370, 211, 0, 24, 96, 88, 88, 118, 383, 227, 0
365, 86, 118, 165, 103, 106, 72, 9, 398, 223, 145, 122, 93, 36, 7, 0, 525, 165, 132, 102, 67, 30, 3, 0
0, 44, 395, 519, 66, 0, 0, 0, 0, 883, 141, 0, 0, 0, 0, 0, 208, 803, 13, 0, 0, 0, 0, 0
0, 96, 901, 27, 0, 0, 0, 0, 0, 563, 461, 0, 0, 0, 0, 0, 24, 982, 18, 0, 0, 0, 0, 0
0, 108, 330, 286, 299, 1, 0, 0, 0, 224, 349, 439, 12, 0, 0, 0, 0, 394, 599, 31, 0, 0, 0, 0
0, 82, 267, 654, 21, 0, 0, 0, 0, 147, 551, 324, 2, 0, 0, 0, 0, 317, 675, 32, 0, 0, 0, 0
0, 2, 301, 721, 0, 0, 0, 0, 0, 13, 854, 157, 0, 0, 0, 0, 0, 497, 527, 0, 0, 0, 0, 0
0, 4, 509, 510, 1, 0, 0, 0, 0, 24, 828, 172, 0, 0, 0, 0, 0, 457, 567, 0, 0, 0, 0, 0
1, 17, 958, 47, 1, 0, 0, 0, 0, 1, 463, 560, 0, 0, 0, 0, 17, 999, 8, 0, 0, 0, 0, 0
0, 0, 960, 0, 0, 0, 0, 0, 0, 0, 248, 712, 0, 0, 0, 0, 51, 909, 0, 0, 0, 0, 0, 0
0, 0, 1024, 0, 0, 0, 0, 0, 889, 135, 0, 0, 0, 0, 0, 0, 1024, 0, 0, 0, 0, 0, 0, 0
0, 0, 1011, 13, 0, 0, 0, 0, 550, 474, 0, 0, 0, 0, 0, 0, 1024, 0, 0, 0, 0, 0, 0, 0
2, 604, 339, 79, 0, 0, 0, 0, 627, 293, 41, 63, 0, 0, 0, 0, 891, 32, 42, 59, 0, 0, 0, 0
0, 0, 139, 885, 0, 0, 0, 0, 0, 0, 110, 914, 0, 0, 0, 0, 0, 0, 44, 980, 0, 0, 0, 0
0, 0, 0, 1024, 0, 0, 0, 0, 0, 0, 0, 1024, 0, 0, 0, 0, 0, 0, 0, 1024, 0, 0, 0, 0
39, 25, 29, 804, 127, 0, 0, 0, 37, 27, 30, 888, 42, 0, 0, 0, 54, 10, 32, 928, 0, 0, 0, 0
120, 264, 90, 72, 59, 179, 240, 0, 371, 155, 64, 140, 294, 0, 0, 0, 671, 342, 11, 0, 0, 0, 0, 0
52, 744, 196, 27, 5, 0, 0, 0, 742, 271, 11, 0, 0, 0, 0, 0, 1002, 22, 0, 0, 0, 0, 0, 0
8, 202, 67, 62, 96, 106, 115, 368, 155, 152, 130, 98, 107, 151, 174, 57, 385, 159, 187, 164, 107, 22, 0, 0
0, 0, 0, 0, 24, 41, 109, 850, 0, 1, 114, 160, 150, 151, 299, 149, 53, 228, 177, 136, 146, 192, 88, 4
0, 77, 214, 63, 104, 139, 208, 219, 8, 173, 205, 105, 140, 163, 226, 4, 145, 198, 154, 130, 141, 181, 75, 0
0, 40, 331, 248, 112, 114, 155, 24, 0, 112, 424, 143, 103, 132, 110, 0, 38, 391, 216, 94, 97, 154, 34, 0
0, 241, 541, 138, 95, 9, 0, 0, 12, 473, 422, 105, 12, 0, 0, 0, 123, 668, 191, 40, 2, 0, 0, 0
7, 323, 430, 163, 77, 24, 0, 0, 50, 588, 240, 109, 32, 5, 0, 0, 398, 377, 188, 41, 20, 0, 0, 0
348, 208, 292, 52, 63, 31, 30, 0, 397, 393, 147, 26, 12, 42, 7, 0, 609, 312, 29, 21, 29, 24, 0, 0
0, 40, 437, 460, 87, 0, 0, 0, 0, 741, 257, 26, 0, 0, 0, 0, 401, 499, 110, 14, 0, 0, 0, 0
0, 24, 594, 368, 38, 0, 0, 0, 0, 136, 753, 128, 7, 0, 0, 0, 5, 596, 398, 25, 0, 0, 0, 0
0, 17, 433, 421, 145, 8, 0, 0, 0, 219, 514, 269, 20, 2, 0, 0, 23, 598, 358, 42, 3, 0, 0, 0
0, 8, 391, 570, 55, 0, 0, 0, 0, 49, 679, 288, 8, 0, 0, 0, 0, 300, 661, 63, 0, 0, 0, 0
0, 259, 522, 242, 1, 0, 0, 0, 4, 375, 598, 47, 0, 0, 0, 0, 49, 690, 283, 2, 0, 0, 0, 0
0, 10, 389, 583, 40, 2, 0, 0, 0, 16, 761, 242, 3, 2, 0, 0, 1, 357, 656, 6, 4, 0, 0, 0
0, 0, 882, 142, 0, 0, 0, 0, 0, 6, 1013, 5, 0, 0, 0, 0, 1, 1009, 14, 0, 0, 0, 0, 0
0, 0, 779, 181, 0, 0, 0, 0, 0, 0, 506, 454, 0, 0, 0, 0, 20, 940, 0, 0, 0, 0, 0, 0
0, 62, 962, 0, 0, 0, 0, 0, 1022, 2, 0, 0, 0, 0, 0, 0, 1024, 0, 0, 0, 0, 0, 0, 0
0, 25, 999, 0, 0, 0, 0, 0, 907, 117, 0, 0, 0, 0, 0, 0, 1024, 0, 0, 0, 0, 0, 0, 0
4, 590, 429, 1, 0, 0, 0, 0, 860, 158, 6, 0, 0, 0, 0, 0, 1005, 13, 6, 0, 0, 0, 0, 0
0, 26, 282, 592, 72, 52, 0, 0, 69, 35, 264, 579, 64, 13, 0, 0, 70, 33, 150, 692, 46, 33, 0, 0
0, 0, 0, 699, 182, 100, 43, 0, 85, 52, 28, 700, 76, 83, 0, 0, 114, 29, 25, 702, 68, 86, 0, 0
32, 31, 1, 525, 257, 110, 57, 11, 32, 108, 27, 626, 139, 64, 28, 0, 91, 60, 31, 721, 50, 65, 6, 0
351, 218, 66, 38, 49, 250, 52, 0, 584, 76, 63, 237, 64, 0, 0, 0, 945, 79, 0, 0, 0, 0, 0, 0
185, 441, 214, 58, 81, 45, 0, 0, 568, 283, 63, 102, 8, 0, 0, 0, 988, 36, 0, 0, 0, 0, 0, 0
103, 285, 429, 109, 56, 28, 10, 4, 253, 415, 280, 54, 17, 4, 1, 0, 810, 189, 18, 6, 1, 0, 0, 0
48, 292, 339, 64, 62, 59, 109, 51, 145, 490, 166, 32, 35, 43, 113, 0, 680, 119, 27, 35, 34, 87, 42, 0
25, 145, 98, 102, 112, 137, 281, 124, 57, 149, 111, 98, 121, 153, 330, 5, 133, 139, 111, 105, 123, 247, 166, 0
25, 160, 218, 170, 127, 152, 148, 24, 55, 186, 291, 137, 128, 131, 96, 0, 145, 363, 145, 122, 95, 144, 10, 0
21, 242, 423, 292, 46, 0, 0, 0, 200, 522, 251, 51, 0, 0, 0, 0, 445, 505, 73, 1, 0, 0, 0, 0
1, 224, 465, 221, 50, 51, 12, 0, 131, 567, 210, 49, 39, 27, 1, 0, 445, 406, 96, 36, 40, 1, 0, 0
404, 251, 169, 77, 63, 22, 36, 2, 514, 316, 104, 15, 30, 31, 14, 0, 766, 167, 12, 31, 31, 17, 0, 0
0, 51, 662, 247, 64, 0, 0, 0, 1, 837, 185, 1, 0, 0, 0, 0, 639, 377, 8, 0, 0, 0, 0, 0
0, 16, 692, 302, 14, 0, 0, 0, 0, 389, 579, 54, 2, 0, 0, 0, 68, 789, 158, 9, 0, 0, 0, 0
0, 60, 608, 315, 39, 2, 0, 0, 0, 341, 597, 84, 2, 0, 0, 0, 33, 801, 183, 7, 0, 0, 0, 0
0, 76, 589, 335, 24, 0, 0, 0, 0, 222, 655, 139, 8, 0, 0, 0, 4, 526, 469, 25, 0, 0, 0, 0
0, 100, 796, 128, 0, 0, 0, 0, 0, 263, 729, 32, 0, 0, 0, 0, 2, 710, 312, 0, 0, 0, 0, 0
0, 0, 627, 302, 59, 30, 6, 0, 0, 23, 818, 112, 45, 26, 0, 0, 0, 476, 458, 44, 31, 15, 0, 0
0, 0, 226, 226, 170, 402, 0, 0, 0, 1, 405, 119, 499, 0, 0, 0, 573, 447, 4, 0, 0, 0, 0, 0
0, 0, 712, 230, 18, 0, 0, 0, 0, 0, 933, 19, 8, 0, 0, 0, 3, 953, 4, 0, 0, 0, 0, 0
0, 356, 668, 0, 0, 0, 0, 0, 1019, 5, 0, 0, 0, 0, 0, 0, 1024, 0, 0, 0, 0, 0, 0, 0
0, 152, 872, 0, 0, 0, 0, 0, 997, 27, 0, 0, 0, 0, 0, 0, 1024, 0, 0, 0, 0, 0, 0, 0
0, 595, 429, 0, 0, 0, 0, 0, 957, 67, 0, 0, 0, 0, 0, 0, 1024, 0, 0, 0, 0, 0, 0, 0
1, 148, 363, 273, 159, 80, 0, 0, 370, 75, 387, 63, 120, 9, 0, 0, 379, 73, 321, 116, 95, 40, 0, 0
0, 0, 0, 48, 170, 666, 140, 0, 124, 52, 26, 36, 198, 588, 0, 0, 142, 39, 29, 38, 93, 683, 0, 0
26, 16, 25, 153, 134, 388, 216, 66, 75, 302, 71, 206, 102, 198, 70, 0, 332, 83, 82, 225, 77, 218, 7, 0
301, 161, 324, 238, 0, 0, 0, 0, 436, 539, 49, 0, 0, 0, 0, 0, 999, 25, 0, 0, 0, 0, 0, 0
1, 236, 447, 340, 0, 0, 0, 0, 125, 296, 592, 11, 0, 0, 0, 0, 986, 38, 0, 0, 0, 0, 0, 0
0, 26, 166, 314, 506, 12, 0, 0, 0, 121, 323, 465, 115, 0, 0, 0, 805, 85, 123, 11, 0, 0, 0, 0
13, 526, 270, 34, 71, 19, 61, 30, 28, 759, 45, 29, 63, 22, 78, 0, 760, 71, 76, 14, 14, 52, 37, 0
51, 577, 151, 52, 30, 40, 105, 18, 67, 628, 95, 52, 32, 42, 108, 0, 236, 521, 61, 38, 37, 64, 67, 0
29, 55, 319, 309, 202, 68, 42, 0, 30, 228, 351, 248, 94, 54, 19, 0, 159, 498, 222, 68, 36, 41, 0, 0
22, 191, 291, 318, 100, 88, 14, 0, 149, 400, 219, 134, 66, 56, 0, 0, 411, 410, 90, 73, 40, 0, 0, 0
26, 758, 126, 74, 39, 1, 0, 0, 696, 202, 86, 30, 10, 0, 0, 0, 823, 156, 37, 8, 0, 0, 0, 0
384, 257, 203, 137, 43, 0, 0, 0, 435, 378, 150, 43, 18, 0, 0, 0, 712, 235, 41, 36, 0, 0, 0, 0
0, 0, 648, 337, 39, 0, 0, 0, 0, 739, 285, 0, 0, 0, 0, 0, 626, 366, 32, 0, 0, 0, 0, 0
0, 223, 708, 93, 0, 0, 0, 0, 0, 460, 544, 20, 0, 0, 0, 0, 7, 847, 170, 0, 0, 0, 0, 0
0, 50, 220, 578, 176, 0, 0, 0, 0, 136, 449, 427, 12, 0, 0, 0, 11, 492, 499, 22, 0, 0, 0, 0
0, 82, 258, 519, 165, 0, 0, 0, 0, 158, 402, 461, 3, 0, 0, 0, 2, 430, 582, 10, 0, 0, 0, 0
0, 154, 605, 261, 4, 0, 0, 0, 0, 243, 744, 37, 0, 0, 0, 0, 18, 751, 255, 0, 0, 0, 0, 0
0, 73, 554, 383, 10, 4, 0, 0, 0, 172, 681, 157, 11, 3, 0, 0, 3, 598, 405, 11, 6, 1, 0, 0
0, 0, 211, 240, 296, 277, 0, 0, 0, 0, 401, 187, 436, 0, 0, 0, 539, 485, 0, 0, 0, 0, 0, 0
0, 0, 102, 118, 186, 550, 4, 0, 0, 0, 189, 125, 641, 5, 0, 0, 727, 233, 0, 0, 0, 0, 0, 0
0, 493, 531, 0, 0, 0, 0, 0, 1013, 11, 0, 0, 0, 0, 0, 0, 1024, 0, 0, 0, 0, 0, 0, 0
0, 443, 581, 0, 0, 0, 0, 0, 1017, 7, 0, 0, 0, 0, 0, 0, 1024, 0, 0, 0, 0, 0, 0, 0
0, 667, 357, 0, 0, 0, 0, 0, 971, 53, 0, 0, 0, 0, 0, 0, 1024, 0, 0, 0, 0, 0, 0, 0
40, 251, 520, 98, 61, 54, 0, 0, 299, 75, 541, 27, 82, 0, 0, 0, 329, 51, 523, 44, 75, 2, 0, 0
0, 7, 246, 359, 142, 202, 68, 0, 96, 78, 534, 63, 106, 147, 0, 0, 111, 69, 544, 46, 120, 134, 0, 0
0, 80, 92, 155, 355, 130, 154, 58, 25, 202, 131, 248, 254, 99, 65, 0, 152, 141, 162, 377, 66, 116, 10, 0
409, 522, 36, 27, 29, 1, 0, 0, 789, 160, 26, 28, 21, 0, 0, 0, 916, 59, 26, 23, 0, 0, 0, 0
41, 457, 373, 119, 34, 0, 0, 0, 261, 501, 216, 42, 4, 0, 0, 0, 904, 117, 3, 0, 0, 0, 0, 0
0, 1, 333, 544, 146, 0, 0, 0, 0, 191, 607, 226, 0, 0, 0, 0, 1024, 0, 0, 0, 0, 0, 0, 0
6, 566, 452, 0, 0, 0, 0, 0, 7, 967, 50, 0, 0, 0, 0, 0, 849, 175, 0, 0, 0, 0, 0, 0
8, 886, 102, 23, 3, 2, 0, 0, 14, 901, 86, 19, 2, 2, 0, 0, 255, 731, 33, 3, 2, 0, 0, 0
0, 240, 468, 274, 40, 2, 0, 0, 0, 523, 419, 62, 20, 0, 0, 0, 282, 665, 60, 16, 1, 0, 0, 0
0, 164, 269, 269, 270, 42, 10, 0, 61, 298, 220, 273, 146, 24, 2, 0, 240, 298, 348, 113, 25, 0, 0, 0
84, 585, 355, 0, 0, 0, 0, 0, 360, 491, 173, 0, 0, 0, 0, 0, 638, 385, 1, 0, 0, 0, 0, 0
559, 244, 108, 111, 2, 0, 0, 0, 705, 286, 33, 0, 0, 0, 0, 0, 929, 95, 0, 0, 0, 0, 0, 0
0, 10, 906, 77, 31, 0, 0, 0, 1, 811, 212, 0, 0, 0, 0, 0, 634, 386, 4, 0, 0, 0, 0, 0
0, 400, 617, 7, 0, 0, 0, 0, 0, 664, 360, 0, 0, 0, 0, 0, 0, 980, 44, 0, 0, 0, 0, 0
0, 149, 378, 460, 37, 0, 0, 0, 0, 287, 531, 205, 1, 0, 0, 0, 18, 667, 325, 14, 0, 0, 0, 0
0, 37, 514, 465, 8, 0, 0, 0, 0, 145, 745, 134, 0, 0, 0, 0, 26, 676, 322, 0, 0, 0, 0, 0
0, 2, 545, 474, 3, 0, 0, 0, 0, 197, 815, 12, 0, 0, 0, 0, 1, 996, 27, 0, 0, 0, 0, 0
0, 0, 645, 373, 6, 0, 0, 0, 0, 156, 759, 109, 0, 0, 0, 0, 1, 783, 240, 0, 0, 0, 0, 0
0, 0, 320, 192, 263, 249, 0, 0, 0, 35, 430, 161, 398, 0, 0, 0, 640, 383, 1, 0, 0, 0, 0, 0
0, 0, 96, 241, 218, 405, 0, 0, 0, 2, 286, 159, 513, 0, 0, 0, 690, 270, 0, 0, 0, 0, 0, 0
0, 591, 433, 0, 0, 0, 0, 0, 964, 60, 0, 0, 0, 0, 0, 0, 1024, 0, 0, 0, 0, 0, 0, 0
0, 985, 39, 0, 0, 0, 0, 0, 1024, 0, 0, 0, 0, 0, 0, 0, 1024, 0, 0, 0, 0, 0, 0, 0
0, 811, 213, 0, 0, 0, 0, 0, 1024, 0, 0, 0, 0, 0, 0, 0, 1024, 0, 0, 0, 0, 0, 0, 0
107, 315, 602, 0, 0, 0, 0, 0, 384, 45, 595, 0, 0, 0, 0, 0, 393, 42, 589, 0, 0, 0, 0, 0
0, 0, 468, 556, 0, 0, 0, 0, 0, 0, 1020, 4, 0, 0, 0, 0, 0, 0, 1024, 0, 0, 0, 0, 0
0, 14, 21, 208, 630, 151, 0, 0, 0, 26, 57, 320, 621, 0, 0, 0, 0, 32, 214, 778, 0, 0, 0, 0
846, 175, 3, 0, 0, 0, 0, 0, 1005, 19, 0, 0, 0, 0, 0, 0, 1024, 0, 0, 0, 0, 0, 0, 0
431, 230, 114, 120, 98, 31, 0, 0, 582, 152, 147, 108, 35, 0, 0, 0, 996, 28, 0, 0, 0, 0, 0, 0
220, 102, 141, 134, 186, 241, 0, 0, 271, 143, 189, 195, 226, 0, 0, 0, 1003, 21, 0, 0, 0, 0, 0, 0
224, 180, 79, 116, 148, 277, 0, 0, 271, 202, 113, 182, 256, 0, 0, 0, 1010, 14, 0, 0, 0, 0, 0, 0
236, 237, 29, 55, 129, 275, 63, 0, 286, 210, 116, 192, 219, 1, 0, 0, 729, 191, 64, 40, 0, 0, 0, 0
230, 122, 162, 330, 165, 15, 0, 0, 263, 154, 338, 236, 33, 0, 0, 0, 441, 365, 173, 40, 5, 0, 0, 0
241, 143, 266, 249, 104, 13, 3, 5, 275, 226, 298, 165, 48, 5, 3, 4, 467, 325, 186, 31, 6, 4, 4, 1
228, 203, 104, 162, 235, 87, 5, 0, 302, 195, 148, 244, 110, 23, 2, 0, 605, 191, 148, 47, 27, 5, 1, 0
514, 153, 87, 183, 38, 29, 17, 3, 568, 279, 61, 41, 40, 23, 12, 0, 811, 69, 56, 38, 31, 15, 4, 0
0, 0, 851, 171, 2, 0, 0, 0, 9, 684, 331, 0, 0, 0, 0, 0, 634, 250, 140, 0, 0, 0, 0, 0
0, 535, 485, 4, 0, 0, 0, 0, 0, 748, 276, 0, 0, 0, 0, 0, 4, 977, 43, 0, 0, 0, 0, 0
0, 44, 328, 645, 7, 0, 0, 0, 0, 149, 759, 116, 0, 0, 0, 0, 1, 653, 370, 0, 0, 0, 0, 0
0, 86, 528, 410, 0, 0, 0, 0, 0, 227, 783, 14, 0, 0, 0, 0, 1, 939, 84, 0, 0, 0, 0, 0
0, 181, 720, 123, 0, 0, 0, 0, 0, 401, 606, 17, 0, 0, 0, 0, 19, 860, 145, 0, 0, 0, 0, 0
0, 5, 679, 338, 2, 0, 0, 0, 0, 117, 858, 49, 0, 0, 0, 0, 22, 769, 233, 0, 0, 0, 0, 0
0, 0, 266, 210, 459, 89, 0, 0, 0, 30, 395, 368, 231, 0, 0, 0, 760, 264, 0, 0, 0, 0, 0, 0
0, 0, 26, 75, 161, 661, 36, 1, 0, 0, 81, 101, 731, 40, 7, 0, 804, 95, 26, 31, 4, 0, 0, 0
0, 569, 455, 0, 0, 0, 0, 0, 1018, 6, 0, 0, 0, 0, 0, 0, 1024, 0, 0, 0, 0, 0, 0, 0
17, 987, 20, 0, 0, 0, 0, 0, 1024, 0, 0, 0, 0, 0, 0, 0, 1024, 0, 0, 0, 0, 0, 0, 0
0, 1016, 8, 0, 0, 0, 0, 0, 1024, 0, 0, 0, 0, 0, 0, 0, 1024, 0, 0, 0, 0, 0, 0, 0
105, 450, 469, 0, 0, 0, 0, 0, 513, 58, 453, 0, 0, 0, 0, 0, 528, 53, 443, 0, 0, 0, 0, 0
0, 0, 459, 537, 28, 0, 0, 0, 0, 0, 934, 90, 0, 0, 0, 0, 0, 0, 1017, 7, 0, 0, 0, 0
0, 0, 28, 44, 297, 655, 0, 0, 0, 0, 34, 118, 834, 38, 0, 0, 0, 21, 74, 907, 22, 0, 0, 0
958, 66, 0, 0, 0, 0, 0, 0, 997, 27, 0, 0, 0, 0, 0, 0, 1024, 0, 0, 0, 0, 0, 0, 0
733, 218, 73, 0, 0, 0, 0, 0, 842, 180, 2, 0, 0, 0, 0, 0, 1024, 0, 0, 0, 0, 0, 0, 0
44, 302, 678, 0, 0, 0, 0, 0, 103, 918, 3, 0, 0, 0, 0, 0, 1024, 0, 0, 0, 0, 0, 0, 0
73, 116, 811, 24, 0, 0, 0, 0, 80, 623, 321, 0, 0, 0, 0, 0, 654, 348, 22, 0, 0, 0, 0, 0
21, 117, 225, 571, 57, 14, 12, 7, 68, 122, 665, 124, 15, 10, 13, 7, 203, 467, 287, 23, 15, 10, 13, 6
0, 0, 81, 526, 301, 80, 24, 12, 0, 23, 546, 310, 103, 39, 3, 0, 34, 616, 293, 66, 15, 0, 0, 0
0, 33, 306, 478, 147, 60, 0, 0, 0, 103, 617, 189, 113, 2, 0, 0, 77, 615, 255, 76, 1, 0, 0, 0
0, 223, 471, 189, 84, 32, 18, 7, 0, 428, 368, 129, 53, 24, 21, 1, 216, 464, 223, 70, 18, 16, 17, 0
406, 194, 153, 214, 23, 15, 14, 5, 440, 364, 121, 52, 20, 9, 14, 4, 702, 215, 55, 14, 15, 15, 8, 0
0, 130, 849, 45, 0, 0, 0, 0, 80, 796, 147, 1, 0, 0, 0, 0, 669, 318, 37, 0, 0, 0, 0, 0
0, 17, 725, 282, 0, 0, 0, 0, 0, 303, 701, 20, 0, 0, 0, 0, 56, 796, 172, 0, 0, 0, 0, 0
0, 41, 245, 641, 97, 0, 0, 0, 0, 146, 616, 260, 2, 0, 0, 0, 20, 605, 397, 2, 0, 0, 0, 0
0, 429, 443, 152, 0, 0, 0, 0, 0, 535, 472, 17, 0, 0, 0, 0, 43, 923, 58, 0, 0, 0, 0, 0
0, 378, 541, 105, 0, 0, 0, 0, 0, 622, 401, 1, 0, 0, 0, 0, 38, 932, 54, 0, 0, 0, 0, 0
0, 88, 708, 228, 0, 0, 0, 0, 0, 294, 730, 0, 0, 0, 0, 0, 12, 850, 162, 0, 0, 0, 0, 0
0, 0, 107, 133, 630, 153, 1, 0, 0, 3, 201, 511, 309, 0, 0, 0, 889, 120, 15, 0, 0, 0, 0, 0
0, 0, 24, 50, 58, 157, 670, 1, 0, 2, 47, 49, 107, 317, 438, 0, 53, 75, 34, 64, 217, 517, 0, 0
0, 923, 101, 0, 0, 0, 0, 0, 1000, 24, 0, 0, 0, 0, 0, 0, 1024, 0, 0, 0, 0, 0, 0, 0
23, 1001, 0, 0, 0, 0, 0, 0, 1024, 0, 0, 0, 0, 0, 0, 0, 1024, 0, 0, 0, 0, 0, 0, 0
0, 1024, 0, 0, 0, 0, 0, 0, 1024, 0, 0, 0, 0, 0, 0, 0, 1024, 0, 0, 0, 0, 0, 0, 0
89, 605, 330, 0, 0, 0, 0, 0, 625, 86, 313, 0, 0, 0, 0, 0, 663, 71, 290, 0, 0, 0, 0, 0
0, 0, 499, 365, 108, 52, 0, 0, 0, 2, 803, 119, 100, 0, 0, 0, 0, 3, 898, 123, 0, 0, 0, 0
0, 0, 5, 27, 112, 880, 0, 0, 0, 0, 13, 31, 502, 478, 0, 0, 0, 0, 39, 720, 265, 0, 0, 0
727, 108, 82, 78, 29, 0, 0, 0, 768, 119, 108, 29, 0, 0, 0, 0, 994, 30, 0, 0, 0, 0, 0, 0
427, 375, 221, 1, 0, 0, 0, 0, 559, 373, 92, 0, 0, 0, 0, 0, 936, 65, 23, 0, 0, 0, 0, 0
1, 184, 572, 267, 0, 0, 0, 0, 10, 362, 652, 0, 0, 0, 0, 0, 789, 175, 60, 0, 0, 0, 0, 0
227, 240, 526, 31, 0, 0, 0, 0, 280, 446, 296, 2, 0, 0, 0, 0, 689, 285, 50, 0, 0, 0, 0, 0
50, 324, 255, 349, 46, 0, 0, 0, 199, 264, 371, 190, 0, 0, 0, 0, 392, 279, 353, 0, 0, 0, 0, 0
0, 204, 615, 108, 50, 31, 15, 1, 31, 413, 451, 72, 37, 20, 0, 0, 110, 752, 124, 27, 11, 0, 0, 0
0, 459, 466, 85, 11, 3, 0, 0, 36, 629, 340, 15, 4, 0, 0, 0, 210, 734, 73, 6, 1, 0, 0, 0
0, 331, 312, 200, 138, 31, 10, 2, 0, 499, 247, 165, 92, 13, 7, 1, 276, 468, 185, 69, 14, 9, 3, 0
401, 153, 235, 206, 24, 3, 2, 0, 446, 391, 139, 30, 15, 1, 2, 0, 714, 256, 30, 17, 5, 2, 0, 0
31, 116, 442, 59, 36, 48, 205, 87, 205, 375, 55, 26, 44, 71, 216, 32, 523, 98, 27, 34, 52, 115, 175, 0
26, 76, 148, 97, 70, 191, 376, 40, 156, 196, 188, 29, 33, 117, 305, 0, 225, 282, 42, 30, 51, 175, 219, 0
1, 61, 163, 61, 68, 239, 391, 40, 84, 183, 117, 59, 108, 196, 277, 0, 109, 230, 67, 56, 165, 181, 216, 0
10, 166, 124, 72, 70, 174, 382, 26, 53, 236, 102, 64, 101, 123, 345, 0, 130, 228, 48, 74, 98, 179, 267, 0
4, 124, 112, 82, 97, 277, 303, 25, 146, 206, 85, 70, 145, 165, 207, 0, 215, 166, 78, 77, 185, 173, 130, 0
0, 53, 217, 119, 94, 160, 358, 23, 45, 173, 186, 77, 86, 123, 334, 0, 95, 262, 80, 65, 135, 180, 207, 0
0, 2, 127, 34, 252, 306, 289, 14, 215, 128, 149, 212, 84, 101, 135, 0, 485, 180, 56, 59, 69, 121, 54, 0
0, 0, 0, 2, 29, 161, 680, 88, 139, 25, 22, 32, 35, 56, 651, 0, 158, 32, 18, 45, 40, 646, 21, 0
0, 871, 153, 0, 0, 0, 0, 0, 1004, 20, 0, 0, 0, 0, 0, 0, 1024, 0, 0, 0, 0, 0, 0, 0
0, 1024, 0, 0, 0, 0, 0, 0, 1024, 0, 0, 0, 0, 0, 0, 0, 1024, 0, 0, 0, 0, 0, 0, 0
0, 1024, 0, 0, 0, 0, 0, 0, 1024, 0, 0, 0, 0, 0, 0, 0, 1024, 0, 0, 0, 0, 0, 0, 0
94, 739, 191, 0, 0, 0, 0, 0, 777, 98, 149, 0, 0, 0, 0, 0, 792, 95, 137, 0, 0, 0, 0, 0
0, 0, 530, 175, 125, 194, 0, 0, 0, 21, 645, 105, 248, 5, 0, 0, 0, 82, 661, 277, 4, 0, 0, 0
0, 0, 0, 32, 66, 926, 0, 0, 0, 0, 0, 33, 329, 662, 0, 0, 0, 0, 34, 475, 515, 0, 0, 0
621, 163, 86, 69, 62, 23, 0, 0, 727, 112, 91, 82, 12, 0, 0, 0, 976, 48, 0, 0, 0, 0, 0, 0
552, 379, 90, 3, 0, 0, 0, 0, 717, 222, 84, 1, 0, 0, 0, 0, 829, 152, 43, 0, 0, 0, 0, 0
231, 311, 436, 43, 3, 0, 0, 0, 281, 489, 246, 8, 0, 0, 0, 0, 598, 367, 59, 0, 0, 0, 0, 0
288, 351, 311, 74, 0, 0, 0, 0, 357, 426, 237, 4, 0, 0, 0, 0, 622, 351, 51, 0, 0, 0, 0, 0
257, 188, 147, 431, 1, 0, 0, 0, 326, 154, 329, 215, 0, 0, 0, 0, 443, 328, 253, 0, 0, 0, 0, 0
230, 206, 277, 195, 46, 32, 24, 14, 351, 258, 254, 95, 27, 24, 15, 0, 500, 242, 188, 67, 19, 4, 4, 0
223, 242, 271, 146, 66, 37, 34, 5, 374, 384, 145, 50, 34, 35, 2, 0, 624, 291, 69, 29, 11, 0, 0, 0
33, 160, 211, 216, 183, 153, 65, 3, 132, 348, 154, 159, 157, 66, 8, 0, 353, 252, 219, 158, 37, 4, 1, 0
158, 66, 137, 343, 261, 39, 20, 0, 594, 169, 81, 76, 77, 27, 0, 0, 725, 107, 82, 94, 16, 0, 0, 0
147, 285, 165, 47, 75, 116, 157, 32, 246, 340, 48, 73, 93, 159, 65, 0, 350, 275, 85, 154, 155, 5, 0, 0
29, 594, 288, 46, 36, 31, 0, 0, 47, 768, 135, 29, 45, 0, 0, 0, 239, 703, 37, 45, 0, 0, 0, 0
0, 557, 373, 33, 48, 13, 0, 0, 51, 746, 159, 38, 30, 0, 0, 0, 341, 616, 47, 20, 0, 0, 0, 0
2, 532, 400, 37, 53, 0, 0, 0, 19, 807, 136, 58, 4, 0, 0, 0, 188, 777, 59, 0, 0, 0, 0, 0
0, 312, 390, 97, 86, 113, 26, 0, 15, 571, 169, 89, 85, 91, 4, 0, 214, 515, 86, 65, 111, 33, 0, 0
17, 246, 282, 312, 94, 66, 7, 0, 395, 350, 142, 49, 59, 29, 0, 0, 561, 315, 63, 37, 39, 9, 0, 0
0, 8, 421, 167, 157, 250, 21, 0, 160, 268, 130, 127, 183, 156, 0, 0, 254, 347, 88, 125, 204, 6, 0, 0
0, 0, 21, 47, 69, 294, 529, 0, 0, 2, 51, 52, 112, 628, 115, 0, 37, 35, 43, 99, 536, 210, 0, 0
0, 972, 52, 0, 0, 0, 0, 0, 1017, 7, 0, 0, 0, 0, 0, 0, 1024, 0, 0, 0, 0, 0, 0, 0
0, 1024, 0, 0, 0, 0, 0, 0, 1024, 0, 0, 0, 0, 0, 0, 0, 1024, 0, 0, 0, 0, 0, 0, 0
0, 1024, 0, 0, 0, 0, 0, 0, 1024, 0, 0, 0, 0, 0, 0, 0, 1024, 0, 0, 0, 0, 0, 0, 0
80, 903, 41, 0, 0, 0, 0, 0, 917, 102, 5, 0, 0, 0, 0, 0, 926, 98, 0, 0, 0, 0, 0, 0
0, 38, 420, 94, 116, 356, 0, 0, 0, 112, 412, 74, 264, 162, 0, 0, 0, 420, 162, 377, 65, 0, 0, 0
0, 0, 0, 23, 82, 919, 0, 0, 0, 0, 0, 34, 407, 583, 0, 0, 0, 0, 32, 599, 393, 0, 0, 0
525, 174, 285, 39, 1, 0, 0, 0, 606, 281, 135, 2, 0, 0, 0, 0, 991, 31, 2, 0, 0, 0, 0, 0
199, 315, 441, 66, 3, 0, 0, 0, 341, 543, 122, 18, 0, 0, 0, 0, 847, 117, 60, 0, 0, 0, 0, 0
0, 125, 637, 224, 26, 10, 2, 0, 0, 634, 346, 42, 2, 0, 0, 0, 766, 207, 51, 0, 0, 0, 0, 0
0, 78, 445, 454, 24, 11, 10, 2, 18, 93, 808, 78, 15, 10, 2, 0, 47, 418, 548, 11, 0, 0, 0, 0
115, 287, 253, 243, 100, 21, 5, 0, 226, 374, 273, 117, 21, 12, 1, 0, 172, 555, 234, 33, 19, 11, 0, 0
0, 70, 265, 289, 167, 158, 75, 0, 47, 375, 255, 107, 141, 99, 0, 0, 491, 245, 126, 115, 47, 0, 0, 0
51, 66, 50, 84, 122, 307, 330, 14, 81, 67, 65, 110, 266, 398, 34, 3, 129, 80, 126, 315, 363, 8, 3, 0
2, 55, 110, 225, 120, 439, 69, 4, 155, 169, 48, 122, 376, 149, 5, 0, 274, 107, 131, 334, 178, 0, 0, 0
2, 34, 158, 320, 144, 366, 0, 0, 353, 104, 63, 70, 379, 55, 0, 0, 433, 65, 68, 253, 205, 0, 0, 0
87, 225, 106, 189, 48, 42, 261, 66, 486, 99, 38, 32, 20, 87, 258, 4, 525, 103, 24, 21, 35, 195, 121, 0
110, 293, 130, 114, 35, 83, 250, 9, 338, 275, 67, 26, 37, 108, 173, 0, 413, 228, 53, 19, 63, 214, 34, 0
222, 377, 43, 22, 51, 84, 211, 14, 235, 423, 43, 25, 56, 144, 98, 0, 372, 314, 20, 45, 53, 198, 22, 0
77, 345, 158, 30, 94, 99, 213, 8, 179, 449, 62, 43, 63, 115, 113, 0, 307, 365, 44, 43, 80, 152, 33, 0
137, 313, 48, 29, 80, 182, 232, 3, 261, 301, 46, 45, 61, 194, 116, 0, 338, 244, 39, 52, 86, 257, 8, 0
307, 214, 52, 62, 39, 123, 220, 7, 530, 174, 16, 29, 21, 124, 130, 0, 582, 126, 29, 20, 42, 216, 9, 0
21, 133, 180, 31, 63, 207, 389, 0, 335, 79, 44, 20, 68, 284, 194, 0, 381, 65, 21, 57, 162, 330, 8, 0
0, 2, 35, 28, 81, 158, 656, 0, 0, 21, 29, 35, 110, 596, 169, 0, 7, 32, 23, 62, 413, 420, 3, 0
0, 384, 0, 0, 0, 0, 0, 0, 384, 0, 0, 0, 0, 0, 0, 0, 384, 0, 0, 0, 0, 0, 0, 0
0, 384, 0, 0, 0, 0, 0, 0, 384, 0, 0, 0, 0, 0, 0, 0, 384, 0, 0, 0, 0, 0, 0, 0
0, 384, 0, 0, 0, 0, 0, 0, 384, 0, 0, 0, 0, 0, 0, 0, 384, 0, 0, 0, 0, 0, 0, 0
34, 350, 0, 0, 0, 0, 0, 0, 376, 8, 0, 0, 0, 0, 0, 0, 380, 4, 0, 0, 0, 0, 0, 0
0, 11, 133, 20, 39, 179, 2, 0, 0, 61, 96, 22, 74, 131, 0, 0, 0, 145, 34, 127, 78, 0, 0, 0
0, 0, 0, 10, 67, 307, 0, 0, 0, 0, 0, 12, 245, 127, 0, 0, 0, 0, 12, 312, 60, 0, 0, 0
203, 71, 110, 0, 0, 0, 0, 0, 219, 148, 17, 0, 0, 0, 0, 0, 372, 8, 4, 0, 0, 0, 0, 0
0, 148, 168, 68, 0, 0, 0, 0, 67, 237, 80, 0, 0, 0, 0, 0, 384, 0, 0, 0, 0, 0, 0, 0
0, 0, 178, 206, 0, 0, 0, 0, 0, 90, 294, 0, 0, 0, 0, 0, 335, 49, 0, 0, 0, 0, 0, 0
0, 2, 120, 169, 66, 13, 11, 3, 0, 23, 227, 96, 26, 11, 1, 0, 22, 176, 175, 11, 0, 0, 0, 0
165, 86, 43, 45, 20, 10, 12, 3, 188, 88, 38, 36, 14, 9, 9, 2, 19, 249, 52, 32, 13, 8, 6, 5
0, 6, 19, 33, 86, 100, 133, 7, 13, 51, 31, 63, 90, 120, 16, 0, 53, 59, 94, 149, 29, 0, 0, 0
24, 38, 19, 23, 40, 64, 158, 18, 36, 36, 21, 33, 89, 119, 42, 8, 54, 28, 46, 83, 115, 41, 12, 5
28, 65, 55, 63, 51, 69, 49, 4, 31, 88, 100, 50, 63, 44, 8, 0, 75, 116, 112, 44, 30, 7, 0, 0
27, 46, 35, 125, 91, 42, 18, 0, 57, 116, 70, 67, 57, 17, 0, 0, 109, 110, 72, 73, 20, 0, 0, 0
36, 26, 30, 65, 70, 60, 84, 13, 120, 70, 34, 22, 46, 67, 22, 3, 160, 47, 27, 29, 42, 70, 6, 3
3, 21, 18, 82, 66, 113, 80, 1, 102, 65, 33, 43, 61, 62, 18, 0, 130, 50, 43, 38, 61, 62, 0, 0
6, 28, 23, 22, 68, 103, 130, 4, 62, 43, 28, 43, 54, 136, 18, 0, 68, 44, 29, 50, 74, 119, 0, 0
62, 77, 52, 35, 52, 64, 41, 1, 151, 75, 35, 25, 42, 49, 7, 0, 199, 36, 28, 24, 51, 46, 0, 0
152, 45, 31, 38, 44, 61, 13, 0, 233, 34, 26, 16, 35, 40, 0, 0, 240, 30, 26, 18, 40, 30, 0, 0
149, 66, 31, 29, 43, 59, 7, 0, 254, 29, 13, 23, 38, 27, 0, 0, 255, 29, 25, 16, 45, 14, 0, 0
83, 88, 30, 62, 70, 43, 8, 0, 225, 39, 30, 38, 40, 12, 0, 0, 235, 33, 35, 38, 38, 5, 0, 0
0, 0, 0, 1, 21, 219, 119, 0, 0, 0, 2, 10, 52, 270, 26, 0, 0, 0, 3, 36, 205, 116, 0, 0
