0, 8, 52, 850, 114, 0, 0, 0, 0, 2, 56, 814, 152, 0, 0, 0, 0, 11, 84, 840, 89, 0, 0, 0
0, 231, 294, 150, 165, 173, 11, 0, 0, 210, 303, 155, 163, 172, 21, 0, 0, 376, 210, 190, 178, 70, 0, 0
0, 0, 0, 0, 97, 470, 457, 0, 0, 0, 0, 0, 83, 427, 514, 0, 0, 0, 0, 41, 304, 679, 0, 0
0, 7, 506, 128, 206, 97, 80, 0, 0, 11, 512, 117, 206, 92, 86, 0, 0, 479, 149, 195, 76, 125, 0, 0
6, 107, 98, 35, 28, 45, 702, 3, 0, 2, 131, 100, 32, 39, 694, 26, 0, 3, 192, 52, 34, 72, 671, 0
0, 0, 0, 11, 7, 80, 602, 324, 0, 0, 0, 8, 9, 56, 457, 494, 0, 0, 0, 7, 10, 95, 576, 336
0, 22, 50, 28, 35, 34, 396, 459, 0, 50, 25, 25, 32, 33, 335, 524, 0, 67, 26, 27, 28, 82, 451, 343
0, 82, 383, 88, 78, 73, 217, 103, 0, 156, 337, 79, 80, 71, 126, 175, 8, 330, 218, 82, 73, 56, 257, 0
0, 40, 71, 137, 130, 113, 158, 375, 3, 83, 114, 160, 116, 165, 379, 4, 22, 130, 168, 135, 170, 388, 11, 0
0, 0, 143, 250, 334, 121, 142, 34, 0, 4, 254, 194, 347, 170, 52, 3, 0, 82, 273, 250, 357, 45, 17, 0
0, 51, 321, 208, 115, 72, 72, 185, 0, 172, 293, 201, 99, 75, 110, 74, 3, 333, 204, 211, 85, 85, 103, 0
44, 85, 425, 359, 69, 42, 0, 0, 50, 195, 436, 292, 51, 0, 0, 0, 81, 391, 345, 205, 2, 0, 0, 0
1, 1, 501, 381, 30, 41, 69, 0, 1, 157, 556, 176, 27, 38, 69, 0, 1, 455, 408, 30, 29, 89, 12, 0
0, 5, 684, 246, 31, 44, 14, 0, 0, 257, 569, 122, 21, 43, 12, 0, 0, 609, 299, 50, 25, 40, 1, 0
3, 22, 894, 102, 3, 0, 0, 0, 3, 429, 523, 69, 0, 0, 0, 0, 10, 866, 126, 22, 0, 0, 0, 0
0, 1, 947, 67, 9, 0, 0, 0, 0, 647, 319, 53, 5, 0, 0, 0, 0, 897, 90, 37, 0, 0, 0, 0
1, 18, 950, 55, 0, 0, 0, 0, 1, 503, 493, 27, 0, 0, 0, 0, 3, 867, 140, 14, 0, 0, 0, 0
0, 15, 884, 125, 0, 0, 0, 0, 0, 89, 867, 68, 0, 0, 0, 0, 0, 801, 220, 3, 0, 0, 0, 0
0, 0, 736, 288, 0, 0, 0, 0, 0, 175, 611, 238, 0, 0, 0, 0, 0, 683, 286, 55, 0, 0, 0, 0
0, 0, 676, 348, 0, 0, 0, 0, 0, 255, 534, 235, 0, 0, 0, 0, 0, 528, 408, 88, 0, 0, 0, 0
0, 162, 326, 363, 13, 0, 0, 0, 0, 273, 318, 273, 0, 0, 0, 0, 0, 350, 388, 126, 0, 0, 0, 0
0, 0, 0, 844, 179, 1, 0, 0, 0, 0, 0, 769, 252, 3, 0, 0, 0, 0, 0, 864, 157, 3, 0, 0
0, 276, 278, 293, 170, 7, 0, 0, 0, 244, 302, 292, 179, 7, 0, 0, 0, 414, 221, 303, 86, 0, 0, 0
0, 0, 0, 15, 83, 378, 548, 0, 0, 0, 0, 17, 79, 334, 594, 0, 0, 0, 4, 54, 192, 774, 0, 0
0, 53, 440, 90, 253, 188, 0, 0, 0, 89, 405, 101, 232, 196, 1, 0, 5, 470, 109, 214, 192, 34, 0, 0
0, 93, 131, 88, 84, 81, 547, 0, 0, 0, 131, 171, 83, 80, 557, 2, 0, 24, 210, 118, 82, 127, 463, 0
0, 0, 30, 157, 76, 24, 656, 81, 0, 0, 37, 152, 81, 24, 506, 224, 0, 16, 55, 172, 37, 44, 700, 0
0, 99, 270, 182, 88, 120, 192, 73, 1, 154, 256, 163, 87, 154, 133, 76, 21, 225, 226, 118, 63, 167, 185, 19
137, 437, 348, 102, 0, 0, 0, 0, 193, 452, 313, 66, 0, 0, 0, 0, 291, 462, 236, 35, 0, 0, 0, 0
679, 301, 38, 6, 0, 0, 0, 0, 788, 224, 12, 0, 0, 0, 0, 0, 884, 138, 2, 0, 0, 0, 0, 0
29, 315, 160, 92, 40, 9, 18, 361, 123, 328, 76, 70, 44, 13, 61, 309, 260, 227, 71, 62, 28, 36, 166, 174
0, 0, 0, 12, 62, 399, 287, 264, 0, 0, 8, 56, 364, 338, 182, 76, 0, 3, 56, 374, 332, 167, 85, 7
635, 112, 69, 62, 64, 59, 23, 0, 656, 119, 76, 71, 52, 36, 13, 1, 691, 119, 94, 78, 17, 17, 8, 0
0, 0, 0, 0, 0, 14, 998, 12, 0, 0, 0, 0, 0, 12, 988, 24, 0, 0, 0, 0, 0, 86, 938, 0
0, 0, 0, 3, 4, 116, 901, 0, 0, 0, 0, 3, 4, 89, 928, 0, 0, 0, 0, 3, 5, 392, 624, 0
117, 26, 22, 31, 488, 312, 27, 1, 118, 25, 22, 29, 463, 332, 34, 1, 115, 24, 25, 76, 556, 225, 2, 1
104, 36, 37, 650, 197, 0, 0, 0, 103, 34, 37, 607, 243, 0, 0, 0, 114, 32, 176, 654, 48, 0, 0, 0
411, 267, 185, 153, 8, 0, 0, 0, 388, 268, 176, 171, 21, 0, 0, 0, 399, 251, 190, 156, 28, 0, 0, 0
503, 303, 153, 51, 14, 0, 0, 0, 481, 308, 160, 58, 17, 0, 0, 0, 503, 294, 151, 61, 15, 0, 0, 0
240, 332, 300, 127, 25, 0, 0, 0, 208, 339, 308, 126, 43, 0, 0, 0, 226, 359, 266, 123, 50, 0, 0, 0
145, 189, 237, 343, 88, 22, 0, 0, 129, 217, 268, 340, 66, 4, 0, 0, 139, 256, 299, 280, 43, 7, 0, 0
0, 0, 126, 397, 123, 218, 0, 0, 0, 0, 151, 455, 245, 13, 0, 0, 0, 4, 202, 457, 201, 0, 0, 0
0, 0, 0, 222, 681, 121, 0, 0, 0, 0, 0, 72, 770, 182, 0, 0, 0, 0, 0, 325, 564, 135, 0, 0
0, 227, 102, 387, 308, 0, 0, 0, 0, 215, 112, 324, 373, 0, 0, 0, 0, 266, 84, 508, 166, 0, 0, 0
0, 72, 54, 104, 139, 208, 447, 0, 0, 74, 54, 113, 138, 183, 462, 0, 0, 86, 92, 165, 155, 518, 8, 0
0, 17, 168, 98, 276, 344, 121, 0, 0, 47, 142, 98, 252, 336, 149, 0, 0, 186, 98, 217, 249, 274, 0, 0
3, 91, 282, 152, 74, 144, 275, 3, 0, 29, 305, 184, 80, 132, 277, 17, 0, 208, 254, 106, 114, 169, 173, 0
0, 0, 33, 89, 12, 91, 588, 211, 0, 5, 32, 87, 15, 89, 510, 286, 0, 24, 71, 37, 43, 335, 514, 0
0, 0, 43, 136, 180, 195, 353, 117, 0, 0, 60, 143, 158, 232, 337, 94, 0, 13, 91, 124, 207, 321, 263, 5
166, 285, 146, 82, 57, 133, 140, 15, 226, 269, 133, 54, 61, 134, 118, 29, 300, 260, 100, 70, 128, 129, 37, 0
311, 557, 117, 15, 15, 8, 1, 0, 461, 475, 53, 15, 12, 7, 1, 0, 642, 332, 19, 19, 11, 1, 0, 0
177, 548, 165, 45, 21, 22, 14, 32, 183, 627, 90, 37, 25, 22, 28, 12, 290, 559, 54, 37, 31, 33, 17, 3
536, 106, 42, 39, 20, 80, 200, 1, 527, 123, 40, 43, 56, 234, 1, 0, 493, 177, 35, 90, 225, 4, 0, 0
756, 149, 32, 27, 19, 30, 9, 2, 761, 147, 32, 27, 33, 14, 8, 2, 765, 152, 31, 47, 12, 7, 8, 2
123, 43, 49, 58, 27, 44, 579, 101, 116, 49, 44, 59, 29, 30, 561, 136, 119, 50, 46, 62, 27, 115, 603, 2
0, 0, 0, 0, 1, 59, 957, 7, 0, 0, 0, 0, 1, 38, 961, 24, 0, 0, 0, 0, 6, 148, 870, 0
0, 0, 18, 69, 151, 498, 288, 0, 0, 0, 11, 69, 124, 501, 319, 0, 0, 0, 45, 78, 315, 441, 145, 0
768, 29, 25, 54, 114, 26, 8, 0, 768, 28, 25, 52, 114, 29, 8, 0, 771, 26, 27, 72, 99, 28, 1, 0
735, 229, 54, 6, 0, 0, 0, 0, 730, 229, 59, 6, 0, 0, 0, 0, 734, 228, 56, 6, 0, 0, 0, 0
914, 99, 11, 0, 0, 0, 0, 0, 914, 99, 11, 0, 0, 0, 0, 0, 914, 99, 11, 0, 0, 0, 0, 0
818, 179, 25, 2, 0, 0, 0, 0, 817, 180, 25, 2, 0, 0, 0, 0, 825, 175, 22, 2, 0, 0, 0, 0
311, 335, 250, 52, 76, 0, 0, 0, 313, 514, 73, 77, 47, 0, 0, 0, 408, 424, 84, 80, 28, 0, 0, 0
0, 4, 596, 123, 141, 0, 0, 0, 0, 521, 161, 95, 87, 0, 0, 0, 0, 606, 105, 67, 86, 0, 0, 0
0, 0, 0, 29, 896, 99, 0, 0, 0, 0, 0, 8, 870, 146, 0, 0, 0, 0, 0, 86, 824, 114, 0, 0
0, 10, 67, 737, 210, 0, 0, 0, 0, 8, 60, 563, 388, 5, 0, 0, 0, 24, 88, 820, 92, 0, 0, 0
0, 245, 123, 178, 282, 101, 95, 0, 0, 245, 127, 181, 281, 96, 94, 0, 0, 288, 184, 227, 195, 130, 0, 0
0, 0, 4, 61, 287, 561, 111, 0, 0, 0, 5, 66, 273, 541, 139, 0, 0, 4, 49, 228, 506, 237, 0, 0
0, 55, 471, 155, 106, 64, 172, 1, 0, 8, 475, 197, 101, 66, 164, 13, 0, 395, 220, 151, 63, 114, 81, 0
0, 0, 0, 0, 0, 11, 250, 763, 0, 0, 0, 0, 0, 9, 134, 881, 0, 0, 0, 0, 9, 13, 1002, 0
0, 0, 0, 25, 61, 238, 340, 360, 0, 0, 1, 30, 119, 180, 332, 362, 0, 0, 10, 73, 197, 280, 450, 14
0, 41, 180, 141, 115, 86, 220, 241, 0, 4, 200, 176, 97, 76, 240, 231, 1, 154, 188, 113, 90, 188, 287, 3
14, 58, 126, 197, 169, 220, 174, 66, 14, 64, 148, 178, 157, 237, 171, 55, 41, 163, 209, 153, 201, 171, 79, 7
103, 161, 76, 84, 55, 69, 306, 170, 61, 228, 62, 78, 58, 66, 298, 173, 51, 266, 88, 44, 65, 116, 362, 32
737, 100, 26, 35, 31, 26, 40, 29, 656, 187, 35, 36, 32, 39, 30, 9, 514, 333, 36, 36, 42, 33, 12, 18
855, 32, 20, 22, 30, 33, 29, 3, 856, 33, 25, 21, 39, 24, 23, 3, 850, 35, 35, 20, 40, 17, 16, 11
410, 136, 187, 107, 57, 109, 18, 0, 412, 195, 167, 86, 59, 79, 26, 0, 422, 274, 113, 74, 66, 70, 5, 0
130, 101, 445, 58, 44, 159, 87, 0, 128, 342, 202, 56, 48, 144, 104, 0, 146, 483, 72, 46, 56, 189, 32, 0
264, 192, 308, 112, 66, 67, 15, 0, 255, 345, 159, 111, 69, 69, 16, 0, 280, 380, 154, 84, 58, 64, 4, 0
319, 312, 223, 96, 29, 20, 24, 1, 287, 314, 241, 103, 32, 22, 23, 2, 279, 317, 251, 99, 36, 18, 24, 0
347, 392, 207, 73, 5, 0, 0, 0, 307, 401, 227, 79, 10, 0, 0, 0, 306, 390, 229, 85, 14, 0, 0, 0
565, 259, 119, 64, 16, 1, 0, 0, 541, 265, 124, 71, 21, 2, 0, 0, 542, 262, 125, 73, 20, 2, 0, 0
650, 267, 97, 10, 0, 0, 0, 0, 627, 275, 105, 17, 0, 0, 0, 0, 638, 265, 102, 19, 0, 0, 0, 0
129, 272, 461, 139, 23, 0, 0, 0, 135, 561, 266, 62, 0, 0, 0, 0, 214, 587, 204, 19, 0, 0, 0, 0
0, 0, 449, 129, 283, 3, 0, 0, 0, 372, 178, 180, 134, 0, 0, 0, 0, 470, 142, 173, 79, 0, 0, 0
0, 0, 0, 5, 937, 82, 0, 0, 0, 0, 0, 0, 908, 116, 0, 0, 0, 0, 0, 56, 876, 92, 0, 0
0, 0, 35, 362, 545, 82, 0, 0, 0, 0, 26, 248, 622, 128, 0, 0, 0, 0, 92, 505, 360, 67, 0, 0
0, 31, 175, 275, 280, 129, 125, 9, 0, 23, 167, 272, 263, 152, 113, 34, 0, 42, 258, 230, 185, 162, 117, 30
0, 0, 0, 156, 158, 490, 172, 48, 0, 0, 0, 172, 131, 489, 168, 64, 0, 0, 120, 164, 214, 392, 95, 39
0, 27, 393, 181, 230, 124, 69, 0, 0, 0, 424, 168, 233, 134, 65, 0, 0, 374, 159, 256, 148, 87, 0, 0
0, 33, 37, 13, 65, 58, 133, 685, 0, 0, 38, 40, 65, 58, 110, 713, 0, 0, 53, 67, 49, 57, 782, 16
0, 1, 20, 72, 152, 192, 315, 272, 0, 1, 16, 45, 145, 221, 283, 313, 0, 3, 33, 120, 202, 198, 416, 52
0, 145, 215, 98, 76, 80, 127, 283, 0, 25, 331, 79, 90, 85, 134, 280, 0, 227, 185, 94, 62, 111, 342, 3
0, 147, 114, 96, 109, 214, 274, 70, 0, 148, 99, 95, 51, 250, 293, 88, 0, 204, 126, 27, 164, 354, 149, 0
350, 406, 51, 58, 57, 28, 66, 8, 431, 349, 47, 55, 48, 28, 59, 7, 552, 257, 56, 60, 33, 47, 19, 0
473, 274, 69, 54, 44, 37, 54, 19, 574, 191, 61, 50, 41, 37, 45, 25, 632, 140, 62, 46, 33, 41, 41, 29
422, 187, 82, 82, 84, 102, 60, 5, 441, 173, 81, 75, 90, 96, 63, 5, 414, 194, 82, 80, 91, 86, 70, 7
319, 178, 110, 96, 184, 129, 8, 0, 311, 192, 105, 99, 179, 134, 4, 0, 303, 191, 118, 96, 192, 117, 7, 0
365, 133, 161, 88, 221, 56, 0, 0, 350, 176, 128, 80, 211, 79, 0, 0, 277, 247, 119, 84, 197, 98, 2, 0
765, 149, 103, 7, 0, 0, 0, 0, 755, 223, 41, 5, 0, 0, 0, 0, 781, 230, 13, 0, 0, 0, 0, 0
85, 133, 292, 417, 97, 0, 0, 0, 95, 295, 449, 172, 13, 0, 0, 0, 114, 417, 368, 118, 7, 0, 0, 0
43, 62, 337, 504, 78, 0, 0, 0, 41, 334, 286, 359, 4, 0, 0, 0, 51, 475, 289, 204, 5, 0, 0, 0
366, 307, 292, 59, 0, 0, 0, 0, 382, 378, 220, 44, 0, 0, 0, 0, 394, 434, 190, 6, 0, 0, 0, 0
142, 197, 673, 11, 1, 0, 0, 0, 133, 210, 668, 12, 1, 0, 0, 0, 139, 792, 80, 12, 1, 0, 0, 0
0, 428, 545, 36, 15, 0, 0, 0, 0, 419, 575, 30, 0, 0, 0, 0, 12, 948, 58, 6, 0, 0, 0, 0
3, 654, 84, 119, 4, 0, 0, 0, 3, 687, 141, 33, 0, 0, 0, 0, 5, 742, 117, 0, 0, 0, 0, 0
0, 0, 0, 19, 928, 77, 0, 0, 0, 0, 0, 0, 911, 113, 0, 0, 0, 0, 0, 265, 686, 73, 0, 0
0, 0, 0, 151, 729, 144, 0, 0, 0, 0, 0, 96, 760, 168, 0, 0, 0, 0, 0, 265, 634, 125, 0, 0
0, 103, 69, 406, 370, 41, 24, 11, 0, 103, 69, 342, 426, 47, 23, 14, 51, 83, 87, 620, 121, 26, 18, 18
0, 28, 8, 8, 102, 182, 656, 40, 0, 28, 8, 12, 105, 177, 613, 81, 0, 29, 8, 71, 146, 371, 363, 36
0, 0, 273, 171, 178, 215, 187, 0, 0, 0, 380, 67, 170, 201, 206, 0, 0, 377, 79, 152, 163, 251, 2, 0
0, 60, 86, 81, 74, 89, 170, 464, 0, 0, 67, 123, 83, 89, 141, 521, 0, 2, 154, 105, 89, 107, 567, 0
0, 0, 1, 17, 21, 36, 118, 831, 0, 0, 1, 12, 17, 34, 118, 842, 0, 0, 10, 19, 37, 98, 859, 1
0, 27, 77, 68, 138, 142, 193, 379, 0, 8, 90, 75, 85, 170, 194, 402, 1, 68, 85, 73, 161, 170, 463, 3
1, 59, 185, 215, 149, 227, 155, 33, 0, 35, 143, 258, 121, 262, 162, 43, 3, 39, 282, 97, 267, 234, 100, 2
181, 424, 169, 97, 31, 26, 53, 43, 234, 417, 139, 86, 30, 25, 58, 35, 343, 383, 125, 40, 31, 39, 63, 0
547, 432, 36, 9, 0, 0, 0, 0, 679, 318, 24, 3, 0, 0, 0, 0, 846, 171, 7, 0, 0, 0, 0, 0
803, 177, 32, 11, 1, 0, 0, 0, 865, 118, 29, 11, 1, 0, 0, 0, 911, 76, 27, 9, 1, 0, 0, 0
598, 222, 60, 70, 49, 17, 6, 2, 637, 187, 56, 69, 49, 18, 6, 2, 680, 147, 59, 65, 49, 16, 6, 2
522, 96, 63, 120, 181, 34, 8, 0, 517, 95, 63, 99, 190, 52, 8, 0, 449, 144, 70, 126, 174, 53, 4, 4
972, 52, 0, 0, 0, 0, 0, 0, 899, 125, 0, 0, 0, 0, 0, 0, 915, 109, 0, 0, 0, 0, 0, 0
131, 174, 246, 169, 155, 65, 42, 42, 61, 199, 265, 226, 110, 71, 41, 51, 56, 219, 254, 214, 106, 68, 49, 58
13, 80, 405, 465, 61, 0, 0, 0, 18, 73, 477, 456, 0, 0, 0, 0, 16, 134, 608, 266, 0, 0, 0, 0
241, 210, 525, 48, 0, 0, 0, 0, 246, 204, 482, 92, 0, 0, 0, 0, 281, 193, 550, 0, 0, 0, 0, 0
16, 226, 701, 81, 0, 0, 0, 0, 18, 219, 659, 128, 0, 0, 0, 0, 34, 563, 385, 42, 0, 0, 0, 0
64, 292, 638, 20, 5, 2, 2, 1, 45, 268, 602, 98, 5, 3, 2, 1, 110, 443, 450, 12, 4, 2, 2, 1
73, 375, 95, 79, 87, 77, 40, 38, 64, 378, 89, 75, 80, 87, 47, 44, 167, 282, 64, 79, 81, 75, 59, 57
0, 0, 0, 59, 705, 247, 13, 0, 0, 0, 0, 3, 670, 318, 33, 0, 0, 0, 0, 268, 473, 257, 26, 0
0, 0, 0, 0, 828, 185, 11, 0, 0, 0, 0, 0, 796, 211, 17, 0, 0, 0, 0, 62, 814, 145, 3, 0
0, 2, 8, 65, 870, 79, 0, 0, 0, 1, 8, 56, 867, 92, 0, 0, 0, 7, 12, 652, 320, 33, 0, 0
0, 152, 88, 95, 129, 154, 394, 12, 0, 153, 87, 100, 134, 152, 258, 140, 0, 194, 94, 123, 183, 163, 267, 0
0, 0, 191, 58, 146, 173, 448, 8, 0, 0, 211, 38, 143, 158, 410, 64, 0, 209, 44, 131, 126, 279, 235, 0
0, 89, 209, 133, 62, 76, 299, 156, 0, 0, 261, 148, 63, 78, 194, 280, 0, 131, 243, 78, 80, 114, 378, 0
0, 9, 82, 24, 39, 43, 119, 708, 0, 0, 81, 28, 35, 39, 77, 764, 0, 26, 74, 29, 56, 41, 798, 0
0, 15, 91, 51, 212, 242, 140, 273, 0, 3, 73, 81, 206, 225, 156, 280, 0, 51, 83, 150, 239, 178, 313, 10
0, 1, 135, 195, 102, 165, 216, 210, 0, 0, 119, 212, 93, 166, 172, 262, 0, 95, 219, 64, 163, 134, 347, 2
0, 29, 201, 186, 114, 87, 316, 91, 0, 60, 210, 180, 105, 68, 227, 174, 43, 117, 229, 136, 77, 124, 297, 1
12, 73, 112, 245, 156, 111, 107, 208, 23, 62, 96, 240, 134, 102, 118, 249, 55, 56, 211, 168, 82, 82, 88, 282
97, 295, 300, 74, 87, 171, 0, 0, 126, 230, 338, 52, 64, 214, 0, 0, 181, 336, 194, 55, 118, 140, 0, 0
3, 73, 866, 74, 4, 2, 2, 0, 15, 152, 839, 10, 4, 2, 2, 0, 62, 892, 53, 9, 4, 2, 2, 0
230, 47, 649, 32, 24, 22, 18, 2, 204, 81, 645, 26, 22, 17, 24, 5, 64, 790, 64, 30, 21, 22, 21, 12
367, 200, 170, 265, 13, 6, 2, 1, 223, 295, 260, 213, 18, 8, 5, 2, 208, 408, 301, 73, 21, 8, 3, 2
47, 250, 313, 325, 48, 20, 16, 5, 38, 240, 342, 301, 57, 19, 19, 8, 46, 293, 411, 192, 35, 19, 18, 10
318, 269, 321, 114, 2, 0, 0, 0, 336, 250, 396, 42, 0, 0, 0, 0, 369, 336, 309, 10, 0, 0, 0, 0
0, 102, 789, 133, 0, 0, 0, 0, 0, 89, 881, 54, 0, 0, 0, 0, 0, 332, 659, 33, 0, 0, 0, 0
0, 4, 896, 124, 0, 0, 0, 0, 0, 6, 797, 221, 0, 0, 0, 0, 0, 117, 786, 121, 0, 0, 0, 0
0, 24, 925, 75, 0, 0, 0, 0, 0, 19, 763, 242, 0, 0, 0, 0, 0, 56, 867, 101, 0, 0, 0, 0
0, 54, 195, 281, 146, 140, 43, 5, 0, 31, 189, 263, 186, 125, 59, 11, 0, 35, 217, 295, 107, 119, 72, 19
0, 0, 0, 6, 769, 220, 29, 0, 0, 0, 0, 1, 699, 274, 50, 0, 0, 0, 0, 14, 745, 220, 45, 0
0, 0, 0, 1, 919, 76, 28, 0, 0, 0, 0, 0, 874, 116, 34, 0, 0, 0, 0, 321, 614, 61, 28, 0
0, 0, 0, 5, 845, 142, 32, 0, 0, 0, 0, 0, 828, 160, 36, 0, 0, 0, 0, 253, 648, 98, 25, 0
0, 175, 81, 139, 381, 153, 95, 0, 0, 173, 84, 123, 398, 160, 86, 0, 0, 216, 83, 369, 231, 105, 20, 0
0, 0, 16, 26, 110, 164, 694, 14, 0, 0, 17, 27, 96, 153, 650, 81, 0, 17, 21, 93, 125, 399, 369, 0
0, 101, 383, 85, 67, 83, 291, 14, 0, 37, 419, 105, 67, 71, 310, 15, 1, 364, 165, 77, 64, 213, 140, 0
12, 135, 199, 191, 184, 113, 127, 63, 11, 89, 252, 211, 175, 102, 111, 73, 24, 215, 240, 196, 139, 99, 111, 0
0, 16, 146, 71, 85, 182, 460, 64, 0, 0, 125, 87, 83, 187, 446, 96, 0, 71, 102, 96, 185, 339, 231, 0
0, 0, 104, 150, 18, 33, 515, 204, 0, 0, 129, 123, 20, 33, 476, 243, 0, 113, 136, 20, 31, 249, 418, 57
0, 10, 181, 156, 97, 84, 259, 237, 0, 14, 189, 154, 97, 79, 244, 247, 3, 93, 182, 143, 73, 168, 154, 208
0, 5, 52, 126, 110, 191, 111, 429, 0, 4, 47, 93, 105, 194, 125, 456, 0, 16, 88, 92, 101, 147, 117, 463
0, 200, 300, 50, 50, 324, 92, 8, 0, 126, 404, 60, 95, 281, 51, 7, 0, 358, 202, 92, 124, 211, 35, 2
21, 132, 717, 99, 26, 24, 5, 0, 46, 251, 675, 35, 17, 0, 0, 0, 154, 640, 212, 17, 1, 0, 0, 0
72, 158, 612, 144, 38, 0, 0, 0, 101, 413, 382, 49, 74, 5, 0, 0, 237, 656, 52, 61, 18, 0, 0, 0
0, 427, 368, 116, 108, 5, 0, 0, 138, 668, 80, 125, 13, 0, 0, 0, 386, 447, 71, 110, 10, 0, 0, 0
27, 481, 466, 27, 22, 1, 0, 0, 127, 766, 77, 34, 20, 0, 0, 0, 367, 559, 52, 32, 14, 0, 0, 0
127, 190, 695, 12, 0, 0, 0, 0, 198, 412, 414, 0, 0, 0, 0, 0, 222, 745, 57, 0, 0, 0, 0, 0
0, 152, 870, 2, 0, 0, 0, 0, 0, 247, 775, 2, 0, 0, 0, 0, 1, 911, 112, 0, 0, 0, 0, 0
0, 287, 737, 0, 0, 0, 0, 0, 0, 112, 912, 0, 0, 0, 0, 0, 0, 505, 519, 0, 0, 0, 0, 0
0, 0, 389, 560, 75, 0, 0, 0, 0, 0, 321, 476, 227, 0, 0, 0, 0, 1, 412, 572, 39, 0, 0, 0
0, 0, 0, 158, 706, 0, 0, 0, 0, 0, 0, 84, 780, 0, 0, 0, 0, 0, 0, 282, 582, 0, 0, 0
0, 0, 0, 3, 895, 126, 0, 0, 0, 0, 0, 0, 804, 220, 0, 0, 0, 0, 0, 66, 805, 153, 0, 0
0, 0, 0, 1, 532, 335, 155, 1, 0, 0, 0, 0, 425, 406, 189, 4, 0, 0, 0, 55, 509, 295, 163, 2
0, 0, 0, 0, 808, 186, 30, 0, 0, 0, 0, 0, 761, 224, 39, 0, 0, 0, 0, 165, 694, 135, 30, 0
1, 130, 64, 107, 644, 77, 1, 0, 1, 129, 62, 90, 660, 79, 3, 0, 32, 129, 59, 454, 300, 50, 0, 0
2, 38, 18, 45, 80, 245, 596, 0, 7, 34, 18, 53, 79, 229, 604, 0, 26, 21, 34, 83, 188, 524, 148, 0
2, 252, 208, 161, 188, 164, 49, 0, 0, 250, 211, 153, 183, 168, 59, 0, 79, 327, 177, 164, 194, 83, 0, 0
22, 127, 111, 94, 137, 210, 303, 20, 19, 100, 137, 110, 167, 223, 242, 26, 33, 159, 154, 171, 260, 135, 97, 15
0, 142, 181, 221, 144, 157, 178, 1, 1, 125, 170, 237, 153, 146, 188, 4, 19, 223, 206, 193, 153, 224, 6, 0
0, 3, 88, 71, 38, 228, 558, 38, 0, 0, 81, 80, 42, 215, 569, 37, 0, 63, 83, 51, 200, 571, 32, 24
0, 52, 123, 56, 111, 145, 159, 378, 0, 90, 111, 64, 101, 181, 170, 307, 8, 136, 74, 105, 116, 154, 107, 324
0, 98, 119, 129, 270, 231, 143, 34, 5, 120, 181, 314, 204, 113, 51, 36, 25, 189, 250, 250, 139, 103, 37, 31
0, 0, 16, 66, 163, 349, 190, 240, 0, 3, 56, 224, 279, 171, 91, 200, 0, 44, 212, 267, 184, 96, 74, 147
0, 16, 143, 302, 365, 193, 5, 0, 0, 59, 320, 381, 160, 83, 21, 0, 15, 332, 378, 155, 97, 43, 4, 0
238, 71, 238, 337, 109, 31, 0, 0, 79, 200, 119, 311, 246, 54, 15, 0, 132, 218, 277, 298, 70, 29, 0, 0
0, 387, 366, 170, 33, 20, 26, 22, 75, 353, 336, 155, 30, 24, 28, 23, 169, 355, 342, 49, 33, 22, 28, 26
38, 449, 315, 172, 43, 7, 0, 0, 73, 424, 336, 147, 38, 6, 0, 0, 228, 372, 317, 79, 28, 0, 0, 0
3, 261, 615, 145, 0, 0, 0, 0, 30, 252, 585, 157, 0, 0, 0, 0, 71, 412, 410, 131, 0, 0, 0, 0
0, 214, 605, 205, 0, 0, 0, 0, 0, 193, 585, 246, 0, 0, 0, 0, 0, 351, 509, 164, 0, 0, 0, 0
18, 282, 352, 138, 87, 27, 34, 86, 16, 243, 364, 126, 122, 27, 33, 93, 72, 354, 220, 131, 83, 28, 34, 102
0, 0, 3, 189, 832, 0, 0, 0, 0, 0, 1, 79, 903, 41, 0, 0, 0, 0, 5, 395, 624, 0, 0, 0
0, 0, 0, 39, 825, 0, 0, 0, 0, 0, 0, 3, 861, 0, 0, 0, 0, 0, 0, 54, 810, 0, 0, 0
0, 0, 0, 1, 700, 251, 72, 0, 0, 0, 0, 0, 523, 394, 107, 0, 0, 0, 0, 55, 644, 233, 92, 0
0, 0, 0, 2, 393, 547, 66, 16, 0, 0, 0, 0, 149, 777, 76, 22, 0, 0, 0, 2, 425, 501, 72, 24
0, 0, 0, 0, 729, 164, 119, 12, 0, 0, 0, 0, 670, 204, 132, 18, 0, 0, 0, 123, 653, 136, 99, 13
0, 0, 3, 200, 572, 224, 25, 0, 0, 0, 2, 174, 566, 253, 29, 0, 0, 1, 7, 438, 418, 139, 21, 0
34, 150, 82, 175, 161, 199, 223, 0, 59, 127, 85, 179, 158, 181, 235, 0, 112, 102, 144, 206, 152, 308, 0, 0
0, 284, 148, 135, 233, 219, 5, 0, 0, 280, 146, 132, 219, 230, 17, 0, 76, 319, 122, 182, 247, 78, 0, 0
129, 417, 75, 60, 190, 153, 0, 0, 15, 407, 174, 63, 179, 186, 0, 0, 33, 491, 104, 92, 304, 0, 0, 0
0, 173, 181, 192, 295, 183, 0, 0, 1, 40, 258, 222, 259, 244, 0, 0, 8, 145, 220, 202, 448, 1, 0, 0
10, 274, 78, 89, 99, 343, 131, 0, 6, 102, 240, 97, 94, 349, 136, 0, 16, 193, 178, 94, 250, 293, 0, 0
27, 171, 206, 263, 159, 138, 56, 4, 33, 200, 226, 315, 89, 98, 55, 8, 80, 261, 355, 136, 95, 68, 21, 8
86, 201, 208, 318, 116, 44, 44, 7, 142, 198, 156, 143, 282, 62, 37, 4, 247, 154, 133, 169, 191, 69, 51, 10
28, 380, 251, 168, 98, 59, 38, 2, 129, 324, 292, 123, 85, 43, 28, 0, 379, 298, 178, 85, 53, 21, 10, 0
240, 244, 155, 207, 121, 36, 21, 0, 290, 233, 132, 174, 127, 47, 21, 0, 439, 167, 140, 153, 84, 23, 18, 0
87, 118, 278, 420, 97, 13, 8, 3, 0, 117, 213, 491, 164, 24, 8, 7, 0, 168, 401, 351, 70, 19, 7, 8
3, 170, 233, 393, 213, 3, 5, 4, 2, 146, 244, 484, 132, 6, 5, 5, 9, 191, 325, 456, 28, 5, 5, 5
0, 343, 149, 532, 0, 0, 0, 0, 0, 332, 154, 538, 0, 0, 0, 0, 5, 373, 567, 79, 0, 0, 0, 0
0, 47, 76, 900, 1, 0, 0, 0, 0, 35, 90, 894, 5, 0, 0, 0, 0, 59, 616, 349, 0, 0, 0, 0
0, 0, 421, 600, 3, 0, 0, 0, 0, 0, 348, 668, 8, 0, 0, 0, 0, 8, 534, 482, 0, 0, 0, 0
0, 10, 141, 269, 558, 39, 6, 1, 0, 2, 122, 225, 563, 101, 8, 3, 0, 9, 131, 273, 513, 71, 20, 7
0, 0, 0, 25, 999, 0, 0, 0, 0, 0, 0, 2, 770, 252, 0, 0, 0, 0, 0, 58, 966, 0, 0, 0
0, 0, 0, 3, 861, 0, 0, 0, 0, 0, 0, 0, 808, 56, 0, 0, 0, 0, 0, 17, 847, 0, 0, 0
0, 0, 0, 1, 303, 519, 185, 16, 0, 0, 0, 0, 230, 519, 234, 41, 0, 0, 0, 11, 275, 442, 259, 37
0, 0, 0, 0, 299, 670, 31, 24, 0, 0, 0, 0, 202, 752, 43, 27, 0, 0, 0, 19, 283, 671, 25, 26
0, 0, 0, 0, 283, 499, 188, 54, 0, 0, 0, 0, 256, 482, 207, 79, 0, 0, 0, 68, 237, 473, 173, 73
0, 0, 0, 134, 609, 254, 27, 0, 0, 0, 0, 119, 561, 317, 27, 0, 0, 0, 0, 249, 627, 128, 20, 0
77, 107, 143, 504, 151, 42, 0, 0, 79, 106, 140, 493, 163, 43, 0, 0, 110, 123, 325, 397, 65, 4, 0, 0
111, 128, 75, 152, 412, 146, 0, 0, 102, 130, 68, 145, 392, 187, 0, 0, 169, 105, 125, 294, 328, 3, 0, 0
290, 369, 77, 186, 102, 0, 0, 0, 18, 568, 130, 191, 117, 0, 0, 0, 52, 607, 127, 232, 6, 0, 0, 0
244, 435, 53, 96, 114, 82, 0, 0, 0, 581, 145, 86, 143, 69, 0, 0, 13, 623, 118, 147, 69, 54, 0, 0
80, 190, 65, 352, 247, 88, 2, 0, 7, 258, 331, 213, 141, 74, 0, 0, 90, 521, 150, 137, 122, 4, 0, 0
0, 42, 677, 263, 36, 6, 0, 0, 20, 691, 271, 33, 9, 0, 0, 0, 778, 217, 23, 3, 2, 1, 0, 0
112, 90, 80, 121, 80, 196, 297, 48, 113, 112, 177, 134, 368, 87, 29, 4, 153, 178, 191, 375, 91, 27, 9, 0
276, 39, 76, 157, 198, 255, 23, 0, 297, 110, 223, 229, 165, 0, 0, 0, 338, 239, 240, 207, 0, 0, 0, 0
50, 49, 163, 96, 223, 420, 23, 0, 61, 177, 28, 90, 210, 428, 30, 0, 165, 88, 50, 86, 263, 362, 10, 0
5, 210, 175, 187, 377, 50, 11, 9, 5, 213, 170, 190, 395, 30, 11, 10, 29, 246, 147, 206, 353, 21, 11, 11
0, 371, 228, 63, 362, 0, 0, 0, 1, 374, 228, 144, 277, 0, 0, 0, 38, 425, 163, 316, 82, 0, 0, 0
30, 180, 149, 640, 25, 0, 0, 0, 25, 178, 141, 677, 3, 0, 0, 0, 32, 219, 427, 345, 1, 0, 0, 0
201, 157, 275, 348, 34, 4, 4, 1, 199, 156, 177, 446, 37, 4, 2, 3, 197, 214, 392, 192, 19, 4, 2, 4
26, 107, 181, 199, 409, 75, 13, 14, 26, 106, 137, 169, 371, 181, 18, 16, 20, 128, 181, 234, 339, 87, 12, 23
0, 0, 0, 2, 1019, 3, 0, 0, 0, 0, 0, 0, 585, 439, 0, 0, 0, 0, 0, 2, 1019, 3, 0, 0
0, 0, 0, 6, 1018, 0, 0, 0, 0, 0, 0, 0, 236, 788, 0, 0, 0, 0, 0, 31, 993, 0, 0, 0
0, 0, 0, 3, 861, 0, 0, 0, 0, 0, 0, 0, 293, 571, 0, 0, 0, 0, 0, 2, 860, 2, 0, 0
0, 0, 0, 0, 63, 488, 402, 71, 0, 0, 0, 0, 38, 402, 494, 90, 0, 0, 0, 0, 28, 439, 461, 96
0, 0, 0, 0, 213, 304, 325, 182, 0, 0, 0, 0, 178, 288, 334, 224, 0, 0, 0, 1, 228, 288, 295, 212
0, 0, 0, 0, 28, 643, 318, 35, 0, 0, 0, 0, 19, 469, 489, 47, 0, 0, 0, 0, 28, 544, 408, 44
0, 0, 0, 97, 574, 232, 98, 23, 0, 0, 0, 53, 561, 269, 114, 27, 0, 0, 0, 292, 456, 165, 86, 25
69, 90, 158, 584, 123, 0, 0, 0, 51, 107, 130, 575, 161, 0, 0, 0, 86, 126, 290, 433, 89, 0, 0, 0
42, 182, 114, 243, 412, 31, 0, 0, 15, 190, 118, 208, 410, 83, 0, 0, 35, 210, 183, 358, 213, 25, 0, 0
55, 415, 251, 197, 98, 8, 0, 0, 0, 330, 309, 219, 145, 18, 3, 0, 21, 512, 269, 193, 25, 4, 0, 0
110, 311, 192, 174, 112, 125, 0, 0, 58, 282, 221, 201, 156, 103, 3, 0, 113, 415, 181, 138, 97, 80, 0, 0
44, 207, 148, 265, 237, 86, 29, 8, 18, 205, 179, 289, 205, 82, 36, 10, 67, 236, 177, 323, 130, 56, 29, 6
0, 22, 99, 447, 290, 88, 75, 3, 0, 61, 216, 431, 154, 80, 71, 11, 109, 143, 203, 332, 98, 72, 63, 4
88, 138, 193, 233, 272, 98, 2, 0, 76, 178, 185, 287, 282, 16, 0, 0, 83, 265, 288, 258, 130, 0, 0, 0
292, 102, 115, 482, 22, 11, 0, 0, 298, 111, 129, 478, 8, 0, 0, 0, 306, 124, 486, 108, 0, 0, 0, 0
127, 72, 134, 231, 180, 121, 118, 41, 104, 75, 151, 245, 172, 105, 124, 48, 111, 137, 177, 222, 139, 88, 107, 43
32, 128, 257, 163, 356, 58, 15, 15, 18, 123, 249, 172, 378, 47, 19, 18, 29, 157, 255, 315, 199, 30, 18, 21
4, 80, 299, 87, 554, 0, 0, 0, 0, 73, 310, 112, 529, 0, 0, 0, 6, 267, 136, 596, 19, 0, 0, 0
320, 112, 82, 207, 303, 0, 0, 0, 303, 123, 75, 240, 283, 0, 0, 0, 315, 126, 92, 431, 60, 0, 0, 0
219, 97, 246, 330, 131, 1, 0, 0, 211, 60, 184, 396, 128, 45, 0, 0, 221, 64, 337, 295, 107, 0, 0, 0
300, 89, 62, 69, 424, 80, 0, 0, 287, 94, 59, 60, 160, 355, 9, 0, 294, 95, 56, 71, 405, 89, 14, 0
370, 134, 53, 62, 378, 27, 0, 0, 339, 155, 54, 58, 187, 231, 0, 0, 356, 144, 55, 66, 360, 43, 0, 0
633, 67, 23, 25, 273, 3, 0, 0, 585, 112, 23, 24, 37, 243, 0, 0, 595, 102, 24, 25, 267, 11, 0, 0
315, 73, 40, 53, 377, 6, 0, 0, 305, 76, 39, 45, 168, 231, 0, 0, 302, 81, 47, 60, 337, 37, 0, 0
0, 0, 0, 0, 20, 233, 469, 302, 0, 0, 0, 0, 13, 193, 409, 409, 0, 0, 0, 0, 0, 204, 391, 429
0, 0, 0, 0, 2, 30, 194, 798, 0, 0, 0, 0, 1, 28, 122, 873, 0, 0, 0, 0, 3, 28, 112, 881
0, 0, 0, 0, 98, 289, 406, 231, 0, 0, 0, 0, 71, 226, 461, 266, 0, 0, 0, 0, 101, 235, 455, 233
0, 0, 0, 125, 267, 299, 319, 14, 0, 0, 0, 115, 255, 258, 375, 21, 0, 0, 0, 201, 249, 229, 320, 25
9, 53, 67, 610, 285, 0, 0, 0, 2, 54, 62, 579, 327, 0, 0, 0, 9, 64, 182, 516, 252, 1, 0, 0
0, 0, 0, 4, 855, 165, 0, 0, 0, 0, 0, 1, 493, 521, 9, 0, 0, 0, 1, 6, 640, 369, 8, 0
0, 224, 238, 221, 222, 95, 24, 0, 0, 97, 211, 267, 267, 133, 49, 0, 33, 318, 284, 179, 108, 73, 29, 0
51, 148, 136, 230, 154, 52, 37, 216, 40, 149, 121, 178, 195, 86, 35, 220, 99, 254, 199, 160, 48, 21, 31, 212
2, 33, 109, 121, 88, 136, 166, 369, 2, 28, 98, 134, 101, 169, 135, 357, 31, 26, 129, 178, 132, 107, 98, 323
0, 0, 79, 70, 129, 160, 293, 293, 0, 0, 74, 102, 122, 170, 285, 271, 0, 3, 86, 110, 159, 185, 250, 231
0, 93, 561, 300, 52, 18, 0, 0, 0, 105, 451, 350, 102, 16, 0, 0, 4, 315, 336, 276, 90, 3, 0, 0
0, 0, 45, 596, 65, 318, 0, 0, 0, 0, 94, 542, 63, 302, 23, 0, 0, 0, 429, 222, 66, 301, 6, 0
30, 189, 231, 202, 171, 163, 30, 8, 5, 86, 264, 264, 169, 186, 32, 18, 9, 107, 285, 270, 129, 175, 25, 24
1, 158, 276, 108, 411, 70, 0, 0, 0, 153, 274, 125, 298, 174, 0, 0, 0, 244, 226, 171, 324, 59, 0, 0
28, 128, 221, 249, 377, 21, 0, 0, 26, 96, 236, 241, 382, 43, 0, 0, 29, 171, 209, 441, 160, 14, 0, 0
269, 108, 118, 402, 90, 22, 8, 7, 247, 116, 111, 242, 263, 27, 9, 9, 230, 126, 121, 306, 187, 32, 12, 10
67, 202, 71, 72, 150, 362, 100, 0, 61, 23, 230, 48, 122, 240, 291, 9, 61, 22, 230, 72, 180, 205, 254, 0
0, 0, 2, 5, 111, 906, 0, 0, 0, 0, 1, 5, 16, 956, 46, 0, 0, 0, 0, 6, 80, 910, 28, 0
193, 363, 25, 15, 72, 356, 0, 0, 0, 544, 32, 18, 24, 406, 0, 0, 11, 519, 39, 20, 73, 362, 0, 0
717, 242, 55, 10, 0, 0, 0, 0, 81, 822, 87, 34, 0, 0, 0, 0, 83, 795, 99, 41, 6, 0, 0, 0
363, 80, 45, 27, 315, 34, 0, 0, 304, 111, 58, 28, 75, 288, 0, 0, 293, 127, 58, 52, 207, 127, 0, 0
0, 0, 0, 0, 14, 123, 182, 705, 0, 0, 0, 0, 5, 98, 176, 745, 0, 0, 0, 0, 2, 78, 162, 782
0, 0, 0, 0, 0, 0, 0, 1024, 0, 0, 0, 0, 0, 0, 0, 1024, 0, 0, 0, 0, 0, 0, 0, 1024
0, 0, 0, 0, 26, 66, 115, 817, 0, 0, 0, 0, 11, 59, 119, 835, 0, 0, 0, 0, 31, 66, 111, 816
0, 0, 0, 18, 318, 412, 215, 61, 0, 0, 0, 14, 277, 418, 223, 92, 0, 0, 0, 75, 302, 363, 210, 74
74, 199, 140, 507, 101, 3, 0, 0, 6, 261, 132, 502, 119, 4, 0, 0, 33, 258, 316, 379, 38, 0, 0, 0
13, 281, 154, 130, 106, 46, 50, 244, 0, 212, 202, 152, 108, 39, 53, 258, 0, 238, 196, 190, 53, 36, 21, 290
0, 183, 31, 29, 16, 15, 15, 735, 0, 36, 173, 32, 17, 12, 16, 738, 0, 125, 99, 23, 17, 27, 54, 679
5, 155, 119, 175, 240, 181, 47, 102, 0, 127, 137, 152, 226, 218, 48, 116, 1, 169, 150, 182, 194, 184, 50, 94
154, 136, 80, 139, 114, 55, 113, 233, 119, 216, 99, 157, 146, 84, 87, 116, 141, 180, 130, 149, 135, 56, 129, 104
2, 26, 62, 96, 108, 150, 298, 282, 34, 119, 92, 90, 97, 126, 257, 209, 21, 79, 98, 102, 85, 119, 246, 274
0, 1, 34, 149, 194, 213, 38, 395, 0, 0, 34, 156, 199, 206, 35, 394, 0, 3, 71, 156, 243, 133, 26, 392
0, 0, 39, 107, 67, 292, 224, 295, 0, 0, 36, 108, 61, 86, 209, 524, 0, 0, 63, 86, 63, 95, 237, 480
26, 128, 266, 188, 153, 142, 69, 52, 0, 106, 282, 181, 146, 119, 96, 94, 7, 156, 264, 162, 149, 124, 91, 71
0, 25, 355, 207, 399, 27, 11, 0, 0, 17, 302, 246, 319, 126, 13, 1, 0, 51, 335, 215, 350, 72, 1, 0
89, 41, 160, 319, 348, 56, 7, 4, 81, 39, 152, 247, 411, 78, 10, 6, 88, 57, 188, 302, 304, 62, 15, 8
84, 65, 68, 66, 637, 104, 0, 0, 70, 67, 56, 47, 99, 684, 1, 0, 61, 77, 68, 42, 68, 707, 1, 0
302, 180, 62, 52, 119, 114, 149, 46, 283, 78, 161, 42, 76, 120, 165, 99, 288, 77, 152, 48, 79, 150, 139, 91
167, 66, 26, 15, 25, 243, 474, 8, 162, 56, 35, 17, 17, 111, 546, 80, 165, 49, 42, 19, 32, 139, 526, 52
320, 292, 67, 45, 63, 187, 50, 0, 248, 344, 76, 49, 45, 138, 124, 0, 232, 350, 72, 54, 48, 181, 87, 0
757, 125, 73, 64, 5, 0, 0, 0, 288, 569, 65, 67, 35, 0, 0, 0, 293, 561, 63, 55, 50, 2, 0, 0
562, 131, 64, 59, 46, 2, 0, 0, 496, 168, 64, 68, 61, 7, 0, 0, 478, 164, 75, 83, 59, 5, 0, 0
0, 0, 27, 82, 271, 98, 50, 496, 0, 0, 20, 59, 264, 130, 49, 502, 0, 0, 12, 69, 204, 159, 58, 522
0, 0, 0, 0, 0, 0, 0, 1024, 0, 0, 0, 0, 0, 0, 0, 1024, 0, 0, 0, 0, 0, 0, 0, 1024
0, 0, 0, 0, 0, 0, 0, 1024, 0, 0, 0, 0, 0, 0, 0, 1024, 0, 0, 0, 0, 0, 0, 0, 1024
0, 0, 0, 50, 295, 192, 224, 263, 0, 0, 0, 26, 303, 189, 177, 329, 0, 0, 0, 134, 249, 167, 173, 301
103, 226, 199, 447, 49, 0, 0, 0, 31, 281, 189, 463, 60, 0, 0, 0, 82, 294, 355, 279, 14, 0, 0, 0
34, 233, 101, 139, 94, 39, 90, 294, 0, 241, 119, 148, 86, 23, 77, 330, 15, 248, 148, 152, 27, 13, 30, 391
0, 0, 0, 0, 0, 3, 9, 1012, 0, 0, 0, 0, 0, 2, 14, 1008, 0, 0, 0, 0, 20, 96, 80, 828
12, 39, 36, 74, 64, 170, 219, 410, 10, 36, 41, 56, 69, 154, 229, 429, 18, 44, 33, 77, 93, 173, 204, 382
0, 0, 0, 9, 161, 260, 300, 294, 0, 0, 1, 25, 160, 253, 282, 303, 0, 0, 0, 49, 198, 254, 320, 203
67, 74, 73, 97, 124, 135, 213, 241, 65, 82, 88, 114, 149, 143, 169, 214, 67, 81, 74, 111, 135, 157, 199, 200
9, 17, 30, 86, 199, 110, 93, 480, 10, 18, 63, 126, 142, 100, 89, 476, 15, 43, 73, 118, 134, 99, 63, 479
0, 0, 0, 4, 43, 202, 668, 107, 0, 0, 0, 4, 35, 28, 156, 801, 0, 0, 0, 10, 35, 24, 189, 766
4, 28, 136, 159, 140, 411, 140, 6, 0, 14, 101, 117, 111, 164, 420, 97, 0, 22, 102, 101, 116, 178, 467, 38
3, 123, 52, 121, 334, 390, 1, 0, 0, 116, 36, 67, 153, 391, 242, 19, 0, 91, 62, 103, 167, 460, 113, 28
64, 54, 49, 75, 195, 439, 69, 79, 55, 59, 45, 56, 168, 404, 120, 117, 61, 60, 49, 96, 163, 243, 249, 103
0, 0, 0, 0, 89, 935, 0, 0, 0, 0, 0, 0, 0, 911, 113, 0, 0, 0, 0, 0, 0, 371, 653, 0
128, 277, 104, 47, 190, 274, 3, 1, 106, 96, 270, 71, 20, 410, 49, 2, 108, 92, 253, 81, 24, 203, 260, 3
533, 100, 50, 27, 28, 115, 163, 8, 504, 117, 54, 31, 26, 42, 205, 45, 511, 100, 53, 36, 36, 69, 166, 53
572, 224, 39, 39, 37, 72, 41, 0, 516, 261, 53, 36, 33, 46, 79, 0, 494, 273, 53, 29, 51, 38, 84, 2
972, 52, 0, 0, 0, 0, 0, 0, 865, 140, 19, 0, 0, 0, 0, 0, 854, 149, 21, 0, 0, 0, 0, 0
750, 51, 54, 9, 0, 0, 0, 0, 700, 90, 61, 13, 0, 0, 0, 0, 707, 93, 58, 6, 0, 0, 0, 0
0, 0, 27, 41, 141, 96, 23, 312, 0, 0, 19, 45, 95, 144, 25, 312, 0, 0, 3, 54, 60, 173, 24, 326
0, 0, 0, 0, 0, 0, 0, 640, 0, 0, 0, 0, 0, 0, 0, 640, 0, 0, 0, 0, 0, 0, 0, 640
0, 0, 0, 0, 0, 0, 0, 640, 0, 0, 0, 0, 0, 0, 0, 640, 0, 0, 0, 0, 0, 0, 0, 640
0, 0, 0, 38, 154, 126, 143, 179, 0, 0, 0, 34, 145, 137, 82, 242, 0, 0, 0, 56, 166, 97, 85, 236
126, 157, 109, 242, 6, 0, 0, 0, 13, 259, 101, 261, 6, 0, 0, 0, 58, 252, 199, 131, 0, 0, 0, 0
19, 318, 90, 56, 66, 36, 16, 39, 0, 314, 109, 61, 67, 34, 16, 39, 55, 272, 121, 80, 29, 27, 2, 54
12, 233, 48, 46, 53, 95, 33, 120, 15, 196, 77, 52, 57, 91, 29, 123, 107, 122, 81, 58, 50, 60, 30, 132
0, 96, 30, 49, 66, 91, 167, 141, 0, 72, 62, 53, 95, 87, 185, 86, 0, 111, 65, 95, 101, 83, 141, 44
0, 0, 0, 1, 35, 158, 222, 224, 0, 0, 0, 23, 99, 183, 152, 183, 0, 32, 46, 64, 133, 124, 102, 139
0, 0, 0, 0, 70, 167, 226, 177, 0, 0, 0, 79, 112, 114, 174, 161, 0, 64, 73, 88, 57, 111, 177, 70
0, 2, 19, 269, 269, 43, 21, 17, 0, 12, 297, 231, 50, 26, 15, 9, 37, 320, 147, 102, 6, 8, 14, 6
0, 0, 0, 16, 71, 55, 261, 237, 0, 0, 2, 25, 62, 45, 262, 244, 0, 2, 9, 46, 43, 46, 254, 240
4, 1, 3, 1, 3, 72, 468, 88, 3, 2, 2, 2, 3, 7, 479, 142, 0, 4, 2, 2, 3, 9, 373, 247
109, 104, 61, 60, 118, 178, 10, 0, 91, 112, 64, 58, 98, 171, 46, 0, 86, 80, 84, 57, 91, 160, 82, 0
130, 71, 65, 71, 163, 140, 0, 0, 120, 75, 64, 46, 140, 161, 34, 0, 121, 59, 59, 80, 90, 123, 108, 0
0, 0, 0, 0, 0, 640, 0, 0, 0, 0, 0, 0, 0, 485, 155, 0, 0, 0, 0, 0, 0, 0, 640, 0
61, 138, 46, 10, 10, 375, 0, 0, 53, 18, 161, 18, 9, 38, 343, 0, 51, 17, 139, 36, 11, 11, 369, 6
629, 11, 0, 0, 0, 0, 0, 0, 629, 11, 0, 0, 0, 0, 0, 0, 634, 6, 0, 0, 0, 0, 0, 0
614, 25, 1, 0, 0, 0, 0, 0, 613, 20, 7, 0, 0, 0, 0, 0, 617, 23, 0, 0, 0, 0, 0, 0
640, 0, 0, 0, 0, 0, 0, 0, 639, 1, 0, 0, 0, 0, 0, 0, 640, 0, 0, 0, 0, 0, 0, 0
540, 0, 0, 0, 0, 0, 0, 0, 540, 0, 0, 0, 0, 0, 0, 0, 540, 0, 0, 0, 0, 0, 0, 0
