203, 194, 358, 148, 81, 35, 5, 0, 15, 238, 67, 49, 39, 65, 236, 315, 3, 266, 69, 165, 206, 99, 97, 119
224, 333, 235, 148, 61, 21, 2, 0, 42, 125, 31, 21, 92, 229, 256, 228, 0, 181, 158, 202, 159, 115, 122, 87
100, 733, 158, 33, 0, 0, 0, 0, 1, 638, 42, 167, 128, 47, 1, 0, 2, 713, 134, 82, 71, 22, 0, 0
0, 143, 595, 83, 76, 127, 0, 0, 0, 426, 496, 70, 32, 0, 0, 0, 0, 623, 200, 191, 10, 0, 0, 0
77, 80, 162, 181, 410, 114, 0, 0, 2, 243, 545, 84, 69, 64, 17, 0, 0, 106, 417, 324, 108, 39, 29, 1
658, 226, 119, 20, 1, 0, 0, 0, 447, 332, 218, 16, 6, 5, 0, 0, 199, 480, 280, 55, 7, 3, 0, 0
438, 315, 252, 19, 0, 0, 0, 0, 413, 327, 140, 55, 26, 62, 1, 0, 150, 502, 171, 118, 26, 55, 2, 0
344, 584, 73, 23, 0, 0, 0, 0, 210, 719, 25, 13, 20, 27, 10, 0, 92, 830, 48, 8, 21, 22, 3, 0
348, 237, 381, 58, 0, 0, 0, 0, 420, 271, 329, 4, 0, 0, 0, 0, 208, 386, 340, 89, 1, 0, 0, 0
41, 344, 549, 90, 0, 0, 0, 0, 359, 168, 497, 0, 0, 0, 0, 0, 121, 298, 584, 21, 0, 0, 0, 0
4, 204, 173, 317, 264, 62, 0, 0, 88, 81, 169, 133, 352, 197, 4, 0, 20, 126, 207, 488, 181, 2, 0, 0
0, 0, 228, 721, 73, 2, 0, 0, 0, 3, 13, 762, 212, 34, 0, 0, 0, 5, 302, 698, 19, 0, 0, 0
0, 37, 349, 289, 306, 43, 0, 0, 0, 83, 89, 418, 110, 324, 0, 0, 0, 87, 289, 243, 170, 235, 0, 0
0, 0, 16, 163, 359, 486, 0, 0, 0, 0, 0, 9, 55, 493, 467, 0, 0, 0, 0, 11, 70, 697, 246, 0
0, 0, 0, 25, 537, 459, 3, 0, 0, 0, 0, 0, 56, 555, 413, 0, 0, 0, 0, 0, 6, 736, 282, 0
0, 0, 0, 773, 251, 0, 0, 0, 0, 0, 0, 0, 902, 122, 0, 0, 0, 0, 0, 0, 459, 565, 0, 0
0, 0, 0, 959, 65, 0, 0, 0, 0, 0, 0, 0, 989, 35, 0, 0, 0, 0, 0, 0, 380, 644, 0, 0
0, 168, 398, 458, 0, 0, 0, 0, 0, 0, 102, 622, 300, 0, 0, 0, 0, 0, 0, 295, 691, 38, 0, 0
0, 102, 623, 43, 0, 0, 0, 0, 0, 17, 54, 673, 24, 0, 0, 0, 0, 4, 33, 286, 445, 0, 0, 0
6, 318, 321, 211, 135, 32, 1, 0, 0, 4, 28, 31, 83, 232, 376, 270, 0, 5, 94, 289, 172, 160, 163, 141
53, 397, 320, 149, 84, 19, 2, 0, 0, 0, 0, 13, 137, 250, 421, 203, 0, 18, 153, 320, 189, 140, 117, 87
138, 646, 192, 47, 1, 0, 0, 0, 0, 496, 39, 291, 145, 49, 4, 0, 0, 657, 170, 84, 80, 32, 1, 0
0, 111, 672, 101, 20, 120, 0, 0, 0, 411, 599, 14, 0, 0, 0, 0, 0, 404, 458, 135, 22, 5, 0, 0
2, 41, 158, 190, 303, 323, 7, 0, 1, 124, 449, 120, 105, 106, 69, 50, 1, 12, 192, 387, 138, 104, 96, 94
585, 254, 71, 78, 35, 1, 0, 0, 547, 251, 198, 10, 6, 12, 0, 0, 69, 670, 237, 29, 5, 11, 3, 0
995, 23, 6, 0, 0, 0, 0, 0, 833, 191, 0, 0, 0, 0, 0, 0, 197, 821, 6, 0, 0, 0, 0, 0
902, 96, 20, 6, 0, 0, 0, 0, 840, 142, 36, 6, 0, 0, 0, 0, 170, 793, 46, 12, 3, 0, 0, 0
242, 214, 369, 193, 4, 1, 1, 0, 337, 258, 361, 49, 10, 4, 3, 2, 40, 468, 343, 116, 39, 10, 3, 5
6, 123, 325, 272, 256, 42, 0, 0, 152, 104, 371, 26, 164, 207, 0, 0, 22, 213, 346, 215, 227, 1, 0, 0
0, 0, 88, 602, 310, 24, 0, 0, 0, 0, 0, 181, 579, 264, 0, 0, 0, 0, 2, 581, 441, 0, 0, 0
0, 0, 634, 379, 11, 0, 0, 0, 0, 0, 2, 837, 182, 3, 0, 0, 0, 0, 36, 970, 18, 0, 0, 0
9, 136, 823, 56, 0, 0, 0, 0, 0, 85, 178, 722, 39, 0, 0, 0, 0, 50, 270, 668, 36, 0, 0, 0
0, 0, 213, 674, 100, 37, 0, 0, 0, 0, 157, 26, 519, 284, 38, 0, 0, 0, 156, 28, 405, 417, 18, 0
0, 0, 0, 146, 583, 295, 0, 0, 0, 0, 0, 0, 145, 616, 263, 0, 0, 0, 0, 0, 77, 791, 156, 0
0, 0, 0, 890, 92, 42, 0, 0, 0, 0, 0, 0, 932, 67, 25, 0, 0, 0, 0, 0, 132, 879, 13, 0
0, 0, 0, 985, 39, 0, 0, 0, 0, 0, 0, 0, 1021, 3, 0, 0, 0, 0, 0, 0, 76, 948, 0, 0
0, 64, 128, 811, 21, 0, 0, 0, 0, 0, 21, 372, 619, 12, 0, 0, 0, 0, 0, 51, 481, 492, 0, 0
0, 412, 331, 25, 0, 0, 0, 0, 3, 323, 166, 276, 0, 0, 0, 0, 4, 281, 80, 203, 200, 0, 0, 0
32, 764, 169, 53, 6, 0, 0, 0, 9, 220, 71, 376, 227, 107, 12, 2, 3, 242, 523, 148, 65, 34, 8, 1
165, 701, 114, 43, 1, 0, 0, 0, 105, 128, 67, 427, 168, 114, 15, 0, 29, 387, 427, 117, 50, 12, 2, 0
236, 511, 245, 32, 0, 0, 0, 0, 177, 515, 203, 129, 0, 0, 0, 0, 25, 749, 222, 27, 1, 0, 0, 0
0, 82, 716, 188, 31, 7, 0, 0, 0, 609, 326, 37, 21, 16, 6, 9, 0, 197, 701, 38, 31, 26, 10, 21
50, 131, 211, 211, 361, 60, 0, 0, 18, 467, 175, 131, 118, 74, 30, 11, 0, 43, 412, 186, 134, 112, 83, 54
635, 154, 24, 51, 160, 0, 0, 0, 624, 289, 111, 0, 0, 0, 0, 0, 144, 558, 322, 0, 0, 0, 0, 0
988, 36, 0, 0, 0, 0, 0, 0, 923, 101, 0, 0, 0, 0, 0, 0, 399, 625, 0, 0, 0, 0, 0, 0
938, 68, 17, 1, 0, 0, 0, 0, 905, 74, 19, 7, 12, 7, 0, 0, 624, 337, 28, 12, 8, 9, 6, 0
493, 481, 48, 2, 0, 0, 0, 0, 239, 296, 432, 47, 6, 4, 0, 0, 118, 343, 289, 257, 13, 4, 0, 0
97, 67, 12, 153, 513, 181, 1, 0, 37, 81, 52, 10, 173, 643, 28, 0, 18, 89, 58, 84, 714, 61, 0, 0
0, 0, 155, 716, 151, 2, 0, 0, 0, 0, 0, 170, 711, 143, 0, 0, 0, 0, 0, 568, 455, 1, 0, 0
0, 0, 768, 256, 0, 0, 0, 0, 0, 0, 0, 900, 124, 0, 0, 0, 0, 0, 5, 980, 39, 0, 0, 0
32, 311, 678, 3, 0, 0, 0, 0, 7, 323, 105, 589, 0, 0, 0, 0, 0, 281, 185, 558, 0, 0, 0, 0
92, 656, 174, 102, 0, 0, 0, 0, 76, 758, 122, 26, 42, 0, 0, 0, 24, 781, 149, 23, 44, 3, 0, 0
0, 0, 65, 802, 154, 3, 0, 0, 0, 399, 63, 113, 242, 207, 0, 0, 0, 403, 93, 57, 223, 248, 0, 0
0, 0, 0, 297, 727, 0, 0, 0, 0, 0, 0, 108, 213, 703, 0, 0, 0, 0, 91, 27, 19, 886, 1, 0
0, 0, 0, 323, 701, 0, 0, 0, 0, 0, 0, 0, 353, 671, 0, 0, 0, 0, 0, 0, 0, 1024, 0, 0
0, 0, 1, 945, 78, 0, 0, 0, 0, 0, 1, 76, 906, 41, 0, 0, 0, 0, 0, 1, 130, 893, 0, 0
10, 253, 227, 278, 0, 0, 0, 0, 101, 436, 57, 156, 18, 0, 0, 0, 25, 481, 33, 72, 141, 16, 0, 0
23, 361, 267, 371, 2, 0, 0, 0, 10, 457, 339, 194, 24, 0, 0, 0, 1, 417, 113, 337, 155, 1, 0, 0
97, 91, 78, 746, 12, 0, 0, 0, 64, 451, 297, 208, 4, 0, 0, 0, 9, 161, 203, 581, 70, 0, 0, 0
0, 50, 464, 510, 0, 0, 0, 0, 2, 460, 453, 109, 0, 0, 0, 0, 0, 66, 540, 412, 6, 0, 0, 0
0, 27, 834, 161, 2, 0, 0, 0, 0, 400, 605, 16, 1, 2, 0, 0, 0, 39, 936, 37, 7, 1, 3, 1
41, 490, 229, 193, 69, 2, 0, 0, 4, 711, 83, 70, 48, 46, 44, 18, 0, 374, 385, 58, 66, 52, 30, 59
378, 297, 229, 117, 3, 0, 0, 0, 262, 623, 139, 0, 0, 0, 0, 0, 32, 682, 305, 5, 0, 0, 0, 0
313, 211, 497, 3, 0, 0, 0, 0, 304, 713, 4, 1, 2, 0, 0, 0, 119, 888, 10, 4, 1, 2, 0, 0
268, 227, 518, 4, 2, 1, 2, 2, 260, 727, 12, 14, 5, 1, 1, 4, 54, 915, 22, 13, 10, 4, 1, 5
41, 409, 574, 0, 0, 0, 0, 0, 0, 842, 175, 4, 2, 1, 0, 0, 0, 814, 190, 17, 2, 1, 0, 0
4, 48, 64, 208, 483, 214, 3, 0, 1, 88, 27, 6, 236, 593, 73, 0, 0, 81, 36, 136, 696, 75, 0, 0
0, 0, 151, 853, 20, 0, 0, 0, 0, 0, 0, 335, 666, 23, 0, 0, 0, 0, 0, 839, 185, 0, 0, 0
0, 20, 650, 354, 0, 0, 0, 0, 0, 24, 17, 983, 0, 0, 0, 0, 0, 16, 38, 970, 0, 0, 0, 0
44, 169, 714, 97, 0, 0, 0, 0, 35, 242, 541, 206, 0, 0, 0, 0, 3, 199, 618, 204, 0, 0, 0, 0
376, 369, 118, 161, 0, 0, 0, 0, 364, 655, 5, 0, 0, 0, 0, 0, 149, 857, 18, 0, 0, 0, 0, 0
0, 0, 102, 892, 30, 0, 0, 0, 0, 760, 89, 175, 0, 0, 0, 0, 1, 822, 201, 0, 0, 0, 0, 0
124, 39, 25, 293, 542, 1, 0, 0, 2, 50, 164, 594, 63, 151, 0, 0, 1, 76, 697, 44, 19, 187, 0, 0
18, 5, 1, 60, 925, 15, 0, 0, 2, 13, 5, 4, 50, 949, 1, 0, 4, 14, 5, 1, 7, 960, 33, 0
0, 0, 0, 654, 370, 0, 0, 0, 0, 0, 0, 0, 655, 369, 0, 0, 0, 0, 0, 0, 4, 1017, 3, 0
16, 115, 128, 486, 23, 0, 0, 0, 54, 253, 155, 101, 176, 29, 0, 0, 20, 209, 154, 90, 142, 153, 0, 0
0, 57, 288, 662, 17, 0, 0, 0, 0, 123, 530, 186, 185, 0, 0, 0, 0, 60, 186, 468, 215, 95, 0, 0
0, 0, 11, 1000, 13, 0, 0, 0, 0, 54, 602, 365, 3, 0, 0, 0, 0, 0, 4, 827, 192, 1, 0, 0
6, 17, 189, 812, 0, 0, 0, 0, 0, 272, 657, 95, 0, 0, 0, 0, 0, 55, 227, 731, 11, 0, 0, 0
0, 29, 865, 124, 3, 3, 0, 0, 0, 431, 570, 17, 2, 4, 0, 0, 0, 57, 909, 48, 6, 4, 0, 0
0, 337, 410, 277, 0, 0, 0, 0, 0, 902, 122, 0, 0, 0, 0, 0, 0, 722, 302, 0, 0, 0, 0, 0
102, 178, 303, 403, 38, 0, 0, 0, 0, 413, 458, 153, 0, 0, 0, 0, 0, 230, 537, 253, 4, 0, 0, 0
31, 47, 398, 355, 193, 0, 0, 0, 0, 389, 546, 50, 39, 0, 0, 0, 0, 366, 197, 390, 71, 0, 0, 0
1, 2, 385, 507, 129, 0, 0, 0, 0, 414, 604, 6, 0, 0, 0, 0, 0, 385, 630, 8, 1, 0, 0, 0
0, 0, 384, 637, 3, 0, 0, 0, 0, 645, 379, 0, 0, 0, 0, 0, 0, 438, 586, 0, 0, 0, 0, 0
0, 0, 84, 694, 200, 46, 0, 0, 1, 387, 94, 47, 282, 203, 10, 0, 0, 241, 247, 236, 288, 12, 0, 0
0, 0, 54, 926, 21, 13, 8, 2, 0, 323, 51, 350, 279, 15, 6, 0, 0, 290, 100, 590, 42, 2, 0, 0
2, 60, 243, 719, 0, 0, 0, 0, 23, 776, 58, 167, 0, 0, 0, 0, 2, 790, 73, 159, 0, 0, 0, 0
40, 55, 201, 728, 0, 0, 0, 0, 55, 819, 129, 21, 0, 0, 0, 0, 11, 855, 126, 32, 0, 0, 0, 0
1, 77, 314, 632, 0, 0, 0, 0, 82, 942, 0, 0, 0, 0, 0, 0, 43, 980, 1, 0, 0, 0, 0, 0
10, 64, 273, 590, 87, 0, 0, 0, 45, 658, 110, 211, 0, 0, 0, 0, 28, 752, 240, 4, 0, 0, 0, 0
172, 204, 99, 150, 399, 0, 0, 0, 24, 101, 227, 665, 7, 0, 0, 0, 12, 188, 435, 389, 0, 0, 0, 0
136, 304, 44, 206, 301, 33, 0, 0, 14, 45, 52, 509, 79, 323, 2, 0, 4, 69, 59, 496, 33, 329, 34, 0
0, 0, 126, 551, 347, 0, 0, 0, 0, 0, 258, 366, 26, 374, 0, 0, 0, 0, 189, 430, 18, 374, 13, 0
20, 144, 243, 360, 1, 0, 0, 0, 60, 499, 209, 0, 0, 0, 0, 0, 33, 407, 328, 0, 0, 0, 0, 0
0, 162, 313, 282, 267, 0, 0, 0, 0, 187, 387, 69, 375, 6, 0, 0, 0, 51, 360, 173, 85, 355, 0, 0
7, 492, 129, 387, 8, 1, 0, 0, 1, 313, 392, 291, 26, 1, 0, 0, 0, 96, 253, 381, 277, 17, 0, 0
48, 672, 164, 138, 2, 0, 0, 0, 12, 302, 179, 513, 17, 1, 0, 0, 0, 204, 166, 143, 504, 7, 0, 0
0, 59, 933, 32, 0, 0, 0, 0, 0, 238, 770, 16, 0, 0, 0, 0, 0, 84, 924, 8, 8, 0, 0, 0
10, 187, 474, 353, 0, 0, 0, 0, 9, 545, 310, 70, 89, 1, 0, 0, 0, 354, 460, 64, 58, 86, 2, 0
257, 245, 83, 335, 104, 0, 0, 0, 242, 268, 296, 191, 27, 0, 0, 0, 28, 346, 356, 251, 43, 0, 0, 0
356, 115, 24, 238, 291, 0, 0, 0, 245, 105, 517, 92, 65, 0, 0, 0, 51, 266, 215, 404, 88, 0, 0, 0
181, 137, 65, 451, 188, 0, 2, 0, 13, 188, 706, 98, 15, 4, 0, 0, 5, 65, 796, 102, 44, 11, 1, 0
255, 84, 39, 634, 12, 0, 0, 0, 190, 433, 401, 0, 0, 0, 0, 0, 116, 206, 699, 3, 0, 0, 0, 0
103, 164, 83, 668, 6, 0, 0, 0, 158, 716, 79, 71, 0, 0, 0, 0, 77, 483, 391, 73, 0, 0, 0, 0
15, 195, 172, 601, 39, 2, 0, 0, 169, 733, 60, 54, 8, 0, 0, 0, 34, 772, 181, 33, 4, 0, 0, 0
0, 5, 133, 886, 0, 0, 0, 0, 21, 1003, 0, 0, 0, 0, 0, 0, 1, 1017, 6, 0, 0, 0, 0, 0
0, 0, 0, 1024, 0, 0, 0, 0, 0, 1024, 0, 0, 0, 0, 0, 0, 0, 1023, 1, 0, 0, 0, 0, 0
0, 0, 1, 1023, 0, 0, 0, 0, 0, 1024, 0, 0, 0, 0, 0, 0, 0, 1023, 1, 0, 0, 0, 0, 0
2, 20, 39, 695, 252, 7, 7, 2, 0, 496, 117, 386, 7, 10, 5, 3, 0, 528, 430, 42, 8, 6, 6, 4
156, 402, 137, 44, 285, 0, 0, 0, 0, 118, 143, 751, 12, 0, 0, 0, 0, 100, 368, 554, 1, 1, 0, 0
26, 232, 40, 118, 349, 259, 0, 0, 0, 1, 63, 338, 305, 317, 0, 0, 0, 1, 77, 387, 506, 53, 0, 0
0, 135, 231, 317, 134, 207, 0, 0, 0, 161, 433, 90, 102, 238, 0, 0, 0, 158, 423, 101, 262, 80, 0, 0
14, 270, 109, 264, 61, 49, 1, 0, 23, 289, 354, 29, 21, 51, 1, 0, 16, 281, 382, 19, 19, 51, 0, 0
0, 48, 307, 142, 527, 0, 0, 0, 0, 30, 327, 79, 375, 213, 0, 0, 0, 1, 256, 63, 141, 563, 0, 0
0, 471, 297, 252, 4, 0, 0, 0, 0, 0, 62, 853, 109, 0, 0, 0, 0, 0, 0, 29, 910, 85, 0, 0
0, 697, 179, 147, 1, 0, 0, 0, 0, 0, 2, 960, 62, 0, 0, 0, 0, 0, 0, 8, 997, 19, 0, 0
0, 220, 674, 106, 24, 0, 0, 0, 0, 197, 615, 200, 12, 0, 0, 0, 0, 148, 666, 74, 132, 4, 0, 0
70, 373, 471, 110, 0, 0, 0, 0, 16, 200, 346, 337, 125, 0, 0, 0, 0, 104, 296, 220, 340, 64, 0, 0
584, 424, 16, 0, 0, 0, 0, 0, 566, 440, 10, 8, 0, 0, 0, 0, 11, 983, 21, 6, 3, 0, 0, 0
999, 25, 0, 0, 0, 0, 0, 0, 912, 88, 14, 10, 0, 0, 0, 0, 115, 874, 20, 5, 10, 0, 0, 0
665, 327, 30, 2, 0, 0, 0, 0, 484, 161, 269, 88, 22, 0, 0, 0, 67, 525, 191, 181, 47, 13, 0, 0
591, 291, 137, 5, 0, 0, 0, 0, 276, 555, 165, 20, 5, 3, 0, 0, 114, 535, 303, 56, 8, 7, 1, 0
142, 506, 376, 0, 0, 0, 0, 0, 348, 536, 84, 56, 0, 0, 0, 0, 109, 701, 149, 65, 0, 0, 0, 0
111, 441, 371, 63, 38, 0, 0, 0, 581, 343, 49, 51, 0, 0, 0, 0, 148, 744, 118, 14, 0, 0, 0, 0
0, 0, 272, 752, 0, 0, 0, 0, 18, 1006, 0, 0, 0, 0, 0, 0, 0, 1024, 0, 0, 0, 0, 0, 0
48, 30, 13, 933, 0, 0, 0, 0, 0, 918, 75, 31, 0, 0, 0, 0, 0, 928, 42, 54, 0, 0, 0, 0
5, 17, 53, 949, 0, 0, 0, 0, 0, 988, 24, 12, 0, 0, 0, 0, 0, 995, 16, 13, 0, 0, 0, 0
0, 8, 26, 377, 574, 21, 13, 5, 0, 202, 76, 670, 32, 23, 11, 10, 0, 244, 637, 88, 15, 17, 15, 8
170, 397, 148, 133, 129, 29, 14, 4, 1, 76, 202, 584, 90, 35, 29, 7, 2, 70, 320, 484, 71, 40, 27, 10
60, 186, 150, 159, 231, 211, 18, 9, 59, 194, 146, 144, 185, 258, 19, 19, 29, 216, 161, 168, 371, 48, 17, 14
13, 151, 251, 188, 170, 237, 11, 3, 9, 234, 221, 122, 149, 264, 20, 5, 12, 256, 224, 112, 336, 59, 20, 5
2, 180, 115, 58, 50, 361, 2, 0, 1, 231, 62, 62, 40, 368, 3, 1, 11, 222, 82, 55, 274, 120, 3, 1
0, 33, 217, 90, 684, 0, 0, 0, 0, 37, 202, 19, 644, 122, 0, 0, 0, 3, 223, 22, 26, 750, 0, 0
0, 779, 162, 70, 13, 0, 0, 0, 0, 184, 140, 678, 22, 0, 0, 0, 0, 37, 210, 76, 693, 8, 0, 0
13, 659, 238, 95, 17, 2, 0, 0, 3, 161, 326, 512, 20, 2, 0, 0, 0, 114, 346, 99, 458, 7, 0, 0
46, 237, 525, 193, 17, 6, 0, 0, 33, 243, 627, 110, 10, 1, 0, 0, 0, 211, 704, 49, 59, 1, 0, 0
490, 435, 97, 2, 0, 0, 0, 0, 322, 291, 222, 187, 2, 0, 0, 0, 1, 506, 220, 270, 27, 0, 0, 0
875, 146, 3, 0, 0, 0, 0, 0, 567, 457, 0, 0, 0, 0, 0, 0, 24, 950, 50, 0, 0, 0, 0, 0
582, 275, 167, 0, 0, 0, 0, 0, 370, 554, 44, 56, 0, 0, 0, 0, 19, 720, 198, 40, 47, 0, 0, 0
145, 605, 272, 2, 0, 0, 0, 0, 71, 536, 267, 146, 2, 2, 0, 0, 1, 514, 174, 249, 82, 2, 2, 0
102, 565, 354, 3, 0, 0, 0, 0, 76, 680, 209, 53, 5, 1, 0, 0, 5, 647, 238, 91, 37, 6, 0, 0
47, 480, 496, 1, 0, 0, 0, 0, 314, 648, 57, 5, 0, 0, 0, 0, 27, 885, 90, 22, 0, 0, 0, 0
74, 236, 597, 102, 15, 0, 0, 0, 508, 420, 75, 21, 0, 0, 0, 0, 74, 857, 92, 1, 0, 0, 0, 0
0, 0, 159, 865, 0, 0, 0, 0, 3, 1021, 0, 0, 0, 0, 0, 0, 0, 1024, 0, 0, 0, 0, 0, 0
293, 90, 37, 604, 0, 0, 0, 0, 0, 639, 160, 225, 0, 0, 0, 0, 0, 630, 130, 264, 0, 0, 0, 0
4, 63, 119, 838, 0, 0, 0, 0, 0, 969, 46, 9, 0, 0, 0, 0, 0, 996, 22, 6, 0, 0, 0, 0
4, 184, 153, 439, 219, 15, 7, 3, 12, 224, 241, 480, 37, 15, 11, 4, 3, 291, 593, 74, 29, 15, 14, 5
77, 391, 139, 170, 138, 37, 72, 0, 17, 30, 290, 490, 161, 23, 11, 2, 1, 42, 411, 453, 89, 12, 9, 7
157, 52, 55, 259, 152, 154, 195, 0, 146, 67, 43, 478, 146, 142, 2, 0, 4, 200, 257, 455, 79, 22, 7, 0
18, 5, 81, 539, 381, 0, 0, 0, 16, 69, 611, 326, 2, 0, 0, 0, 0, 129, 579, 316, 0, 0, 0, 0
1, 257, 486, 18, 2, 4, 0, 0, 0, 651, 68, 42, 2, 5, 0, 0, 3, 682, 57, 20, 6, 0, 0, 0
0, 3, 51, 542, 428, 0, 0, 0, 0, 4, 43, 17, 957, 3, 0, 0, 0, 0, 46, 13, 456, 509, 0, 0
0, 69, 733, 138, 15, 65, 4, 0, 0, 101, 808, 38, 66, 11, 0, 0, 0, 2, 873, 74, 70, 5, 0, 0
0, 0, 295, 420, 213, 90, 6, 0, 0, 0, 451, 440, 115, 18, 0, 0, 0, 1, 739, 243, 41, 0, 0, 0
0, 62, 408, 444, 107, 3, 0, 0, 0, 66, 746, 161, 50, 1, 0, 0, 0, 32, 890, 80, 22, 0, 0, 0
211, 403, 326, 53, 11, 16, 4, 0, 101, 234, 389, 241, 16, 16, 16, 11, 0, 202, 462, 226, 64, 24, 26, 20
334, 370, 295, 25, 0, 0, 0, 0, 185, 714, 77, 45, 3, 0, 0, 0, 0, 745, 187, 53, 36, 3, 0, 0
738, 263, 23, 0, 0, 0, 0, 0, 476, 531, 17, 0, 0, 0, 0, 0, 91, 796, 136, 1, 0, 0, 0, 0
538, 450, 36, 0, 0, 0, 0, 0, 424, 440, 155, 5, 0, 0, 0, 0, 120, 514, 337, 53, 0, 0, 0, 0
463, 541, 20, 0, 0, 0, 0, 0, 438, 193, 377, 16, 0, 0, 0, 0, 204, 340, 358, 122, 0, 0, 0, 0
467, 540, 17, 0, 0, 0, 0, 0, 470, 264, 279, 11, 0, 0, 0, 0, 389, 209, 345, 81, 0, 0, 0, 0
252, 382, 163, 56, 93, 78, 0, 0, 284, 373, 163, 42, 154, 8, 0, 0, 221, 372, 254, 42, 135, 0, 0, 0
0, 1, 13, 446, 285, 279, 0, 0, 0, 428, 16, 43, 537, 0, 0, 0, 0, 427, 16, 149, 432, 0, 0, 0
60, 87, 34, 236, 262, 330, 15, 0, 1, 230, 117, 105, 434, 86, 51, 0, 0, 228, 107, 292, 263, 39, 94, 1
30, 375, 192, 237, 149, 41, 0, 0, 27, 533, 182, 57, 60, 152, 13, 0, 3, 553, 189, 42, 21, 120, 96, 0
17, 58, 290, 603, 56, 0, 0, 0, 14, 87, 502, 421, 0, 0, 0, 0, 0, 81, 416, 526, 1, 0, 0, 0
0, 7, 373, 468, 131, 39, 6, 0, 0, 40, 505, 408, 19, 33, 19, 0, 0, 5, 508, 432, 20, 38, 21, 0
11, 12, 250, 632, 113, 5, 1, 0, 7, 17, 296, 622, 71, 7, 4, 0, 1, 20, 225, 640, 88, 38, 8, 4
0, 0, 11, 137, 876, 0, 0, 0, 0, 0, 963, 61, 0, 0, 0, 0, 0, 8, 951, 63, 2, 0, 0, 0
0, 25, 439, 179, 125, 0, 0, 0, 0, 145, 569, 52, 2, 0, 0, 0, 1, 442, 307, 18, 0, 0, 0, 0
0, 0, 0, 966, 58, 0, 0, 0, 0, 0, 0, 35, 989, 0, 0, 0, 0, 0, 0, 10, 1013, 1, 0, 0
0, 60, 373, 312, 91, 140, 12, 36, 0, 171, 440, 253, 95, 20, 8, 37, 0, 12, 593, 293, 76, 7, 9, 34
0, 77, 127, 173, 263, 323, 61, 0, 0, 164, 177, 372, 200, 111, 0, 0, 0, 78, 432, 430, 83, 1, 0, 0
0, 173, 590, 220, 38, 3, 0, 0, 0, 420, 577, 24, 3, 0, 0, 0, 0, 245, 744, 31, 4, 0, 0, 0
80, 392, 497, 40, 10, 5, 0, 0, 12, 366, 365, 207, 56, 10, 5, 3, 0, 46, 594, 259, 54, 49, 16, 6
286, 363, 326, 38, 11, 0, 0, 0, 79, 677, 89, 62, 84, 18, 15, 0, 0, 579, 206, 71, 80, 62, 22, 4
809, 215, 0, 0, 0, 0, 0, 0, 666, 323, 35, 0, 0, 0, 0, 0, 13, 934, 66, 11, 0, 0, 0, 0
552, 435, 37, 0, 0, 0, 0, 0, 165, 642, 191, 23, 3, 0, 0, 0, 22, 661, 258, 73, 10, 0, 0, 0
449, 545, 30, 0, 0, 0, 0, 0, 143, 544, 303, 34, 0, 0, 0, 0, 20, 547, 336, 120, 1, 0, 0, 0
267, 652, 105, 0, 0, 0, 0, 0, 158, 415, 374, 77, 0, 0, 0, 0, 41, 489, 324, 170, 0, 0, 0, 0
202, 379, 66, 75, 19, 283, 0, 0, 142, 450, 92, 43, 128, 169, 0, 0, 48, 512, 155, 19, 290, 0, 0, 0
0, 0, 0, 0, 0, 1024, 0, 0, 0, 0, 0, 0, 757, 267, 0, 0, 0, 0, 0, 0, 1024, 0, 0, 0
0, 0, 0, 0, 21, 999, 4, 0, 0, 0, 0, 0, 950, 47, 27, 0, 0, 0, 0, 70, 891, 8, 55, 0
28, 259, 112, 118, 334, 166, 6, 1, 22, 270, 122, 80, 252, 228, 48, 2, 9, 280, 149, 146, 92, 122, 221, 5
15, 229, 345, 352, 83, 0, 0, 0, 15, 310, 425, 228, 46, 0, 0, 0, 1, 282, 444, 293, 4, 0, 0, 0
10, 87, 169, 282, 375, 92, 9, 0, 6, 103, 227, 283, 310, 67, 28, 0, 3, 116, 221, 517, 65, 70, 32, 0
30, 5, 34, 133, 549, 270, 3, 0, 18, 18, 70, 125, 441, 326, 26, 0, 1, 34, 64, 121, 161, 546, 93, 4
0, 0, 1, 29, 527, 458, 9, 0, 0, 0, 316, 70, 91, 308, 239, 0, 0, 0, 251, 117, 38, 148, 316, 154
0, 0, 177, 144, 447, 0, 0, 0, 0, 0, 352, 416, 0, 0, 0, 0, 0, 96, 274, 310, 88, 0, 0, 0
0, 0, 4, 131, 873, 3, 6, 7, 0, 0, 1, 57, 950, 3, 6, 7, 0, 0, 0, 42, 421, 548, 4, 9
0, 15, 135, 233, 191, 130, 121, 199, 0, 27, 316, 294, 139, 37, 30, 181, 0, 6, 333, 326, 130, 34, 20, 175
0, 0, 201, 580, 205, 38, 0, 0, 0, 173, 361, 408, 50, 23, 9, 0, 0, 22, 488, 425, 51, 26, 12, 0
0, 148, 613, 225, 37, 1, 0, 0, 0, 571, 316, 56, 64, 17, 0, 0, 0, 233, 648, 49, 66, 28, 0, 0
73, 458, 430, 63, 0, 0, 0, 0, 28, 387, 314, 182, 112, 1, 0, 0, 0, 228, 415, 258, 109, 13, 1, 0
308, 459, 246, 11, 0, 0, 0, 0, 173, 560, 139, 111, 38, 2, 1, 0, 0, 447, 334, 159, 64, 18, 2, 0
853, 171, 0, 0, 0, 0, 0, 0, 600, 420, 4, 0, 0, 0, 0, 0, 0, 988, 34, 2, 0, 0, 0, 0
808, 193, 23, 0, 0, 0, 0, 0, 245, 704, 61, 14, 0, 0, 0, 0, 0, 824, 163, 37, 0, 0, 0, 0
780, 228, 16, 0, 0, 0, 0, 0, 71, 868, 69, 16, 0, 0, 0, 0, 0, 757, 245, 21, 1, 0, 0, 0
104, 821, 99, 0, 0, 0, 0, 0, 58, 774, 169, 23, 0, 0, 0, 0, 24, 749, 210, 39, 2, 0, 0, 0
302, 288, 83, 81, 27, 243, 0, 0, 65, 527, 99, 68, 226, 39, 0, 0, 0, 601, 130, 36, 257, 0, 0, 0
0, 0, 0, 0, 0, 1024, 0, 0, 0, 0, 0, 0, 813, 211, 0, 0, 0, 0, 0, 0, 1024, 0, 0, 0
0, 0, 0, 0, 1, 1023, 0, 0, 0, 0, 0, 0, 1006, 18, 0, 0, 0, 0, 0, 7, 1017, 0, 0, 0
0, 0, 28, 52, 221, 723, 0, 0, 0, 0, 36, 59, 929, 0, 0, 0, 0, 27, 49, 86, 862, 0, 0, 0
0, 0, 0, 2, 920, 102, 0, 0, 0, 0, 0, 6, 981, 37, 0, 0, 0, 0, 0, 164, 844, 16, 0, 0
0, 120, 22, 62, 813, 7, 0, 0, 0, 123, 36, 70, 793, 2, 0, 0, 0, 132, 42, 563, 285, 2, 0, 0
0, 0, 2, 39, 803, 179, 1, 0, 0, 0, 367, 176, 299, 181, 1, 0, 0, 0, 199, 408, 210, 200, 7, 0
0, 0, 0, 9, 915, 100, 0, 0, 0, 0, 149, 753, 15, 88, 19, 0, 0, 0, 30, 866, 11, 72, 45, 0
0, 0, 7, 29, 721, 11, 0, 0, 0, 0, 22, 746, 0, 0, 0, 0, 0, 3, 46, 718, 1, 0, 0, 0
0, 0, 1, 51, 823, 19, 11, 119, 0, 0, 0, 47, 428, 420, 10, 119, 0, 0, 0, 16, 154, 696, 35, 123
0, 0, 0, 76, 84, 111, 264, 489, 0, 1, 38, 151, 483, 157, 105, 89, 0, 0, 48, 171, 520, 157, 53, 75
0, 0, 0, 29, 318, 372, 263, 42, 0, 0, 0, 73, 379, 248, 235, 89, 0, 0, 0, 53, 383, 243, 239, 106
2, 65, 261, 395, 263, 38, 0, 0, 3, 90, 317, 356, 133, 106, 19, 0, 2, 77, 365, 302, 127, 108, 43, 0
118, 688, 123, 64, 8, 14, 9, 0, 51, 879, 58, 20, 16, 0, 0, 0, 0, 769, 215, 31, 9, 0, 0, 0
181, 557, 52, 142, 91, 1, 0, 0, 211, 576, 98, 118, 21, 0, 0, 0, 0, 613, 230, 148, 32, 1, 0, 0
573, 180, 56, 81, 133, 1, 0, 0, 481, 375, 80, 65, 23, 0, 0, 0, 0, 764, 151, 83, 26, 0, 0, 0
599, 145, 99, 145, 36, 0, 0, 0, 457, 517, 42, 8, 0, 0, 0, 0, 2, 816, 186, 19, 1, 0, 0, 0
528, 213, 97, 172, 13, 1, 0, 0, 447, 509, 42, 17, 9, 0, 0, 0, 4, 882, 109, 19, 9, 1, 0, 0
398, 253, 163, 130, 66, 14, 0, 0, 521, 298, 96, 49, 49, 11, 0, 0, 64, 711, 136, 57, 49, 7, 0, 0
308, 183, 348, 38, 55, 92, 0, 0, 461, 305, 98, 20, 138, 2, 0, 0, 126, 666, 72, 24, 136, 0, 0, 0
0, 0, 89, 337, 122, 476, 0, 0, 0, 387, 25, 14, 586, 12, 0, 0, 0, 394, 22, 20, 588, 0, 0, 0
0, 0, 53, 405, 147, 419, 0, 0, 0, 424, 21, 15, 564, 0, 0, 0, 0, 425, 23, 33, 543, 0, 0, 0
0, 0, 79, 457, 363, 125, 0, 0, 0, 423, 73, 56, 472, 0, 0, 0, 0, 444, 77, 91, 412, 0, 0, 0
13, 108, 55, 94, 741, 13, 0, 0, 0, 46, 150, 331, 497, 0, 0, 0, 0, 57, 450, 55, 462, 0, 0, 0
97, 267, 57, 265, 338, 0, 0, 0, 5, 165, 280, 249, 325, 0, 0, 0, 0, 180, 300, 426, 118, 0, 0, 0
0, 0, 6, 44, 973, 1, 0, 0, 0, 0, 494, 494, 36, 0, 0, 0, 0, 7, 334, 682, 1, 0, 0, 0
0, 0, 0, 0, 1024, 0, 0, 0, 0, 0, 90, 934, 0, 0, 0, 0, 0, 0, 43, 981, 0, 0, 0, 0
0, 0, 0, 0, 643, 125, 0, 0, 0, 0, 0, 768, 0, 0, 0, 0, 0, 0, 0, 768, 0, 0, 0, 0
0, 0, 0, 37, 718, 43, 27, 199, 0, 0, 0, 64, 162, 576, 19, 203, 0, 0, 8, 37, 158, 348, 269, 204
0, 0, 1, 167, 101, 115, 279, 361, 0, 1, 28, 279, 437, 65, 96, 118, 0, 2, 25, 268, 468, 57, 128, 76
0, 0, 0, 43, 49, 330, 531, 71, 0, 0, 0, 33, 424, 69, 238, 260, 0, 0, 0, 52, 407, 73, 183, 309
2, 88, 128, 255, 276, 182, 70, 23, 1, 138, 292, 294, 159, 109, 31, 0, 0, 70, 419, 291, 122, 87, 35, 0
1, 14, 338, 302, 92, 116, 120, 41, 32, 444, 227, 101, 112, 108, 0, 0, 19, 205, 520, 138, 88, 54, 0, 0
18, 75, 104, 717, 108, 2, 0, 0, 0, 637, 180, 198, 9, 0, 0, 0, 0, 103, 615, 294, 12, 0, 0, 0
20, 58, 61, 711, 173, 1, 0, 0, 0, 770, 157, 80, 17, 0, 0, 0, 0, 99, 785, 125, 15, 0, 0, 0
25, 207, 141, 645, 6, 0, 0, 0, 184, 796, 26, 18, 0, 0, 0, 0, 0, 404, 598, 22, 0, 0, 0, 0
37, 195, 124, 663, 5, 0, 0, 0, 328, 642, 25, 28, 1, 0, 0, 0, 15, 661, 316, 31, 1, 0, 0, 0
62, 111, 142, 697, 12, 0, 0, 0, 216, 682, 77, 49, 0, 0, 0, 0, 48, 738, 181, 55, 2, 0, 0, 0
34, 181, 255, 554, 0, 0, 0, 0, 226, 771, 27, 0, 0, 0, 0, 0, 72, 926, 26, 0, 0, 0, 0, 0
0, 0, 54, 970, 0, 0, 0, 0, 0, 1024, 0, 0, 0, 0, 0, 0, 0, 1023, 1, 0, 0, 0, 0, 0
0, 0, 0, 1024, 0, 0, 0, 0, 0, 1024, 0, 0, 0, 0, 0, 0, 0, 1024, 0, 0, 0, 0, 0, 0
0, 0, 2, 1022, 0, 0, 0, 0, 0, 1021, 3, 0, 0, 0, 0, 0, 0, 1023, 1, 0, 0, 0, 0, 0
7, 35, 12, 281, 689, 0, 0, 0, 0, 134, 103, 787, 0, 0, 0, 0, 0, 156, 853, 15, 0, 0, 0, 0
193, 407, 31, 61, 332, 0, 0, 0, 0, 10, 825, 189, 0, 0, 0, 0, 1, 16, 755, 252, 0, 0, 0, 0
0, 0, 0, 0, 1024, 0, 0, 0, 0, 0, 291, 733, 0, 0, 0, 0, 0, 0, 70, 954, 0, 0, 0, 0
0, 0, 0, 0, 1024, 0, 0, 0, 0, 0, 38, 986, 0, 0, 0, 0, 0, 0, 4, 1020, 0, 0, 0, 0
0, 0, 0, 0, 723, 45, 0, 0, 0, 0, 0, 768, 0, 0, 0, 0, 0, 0, 0, 768, 0, 0, 0, 0
0, 0, 0, 27, 634, 60, 66, 237, 0, 0, 1, 105, 222, 457, 31, 208, 0, 2, 9, 118, 194, 428, 67, 206
0, 0, 35, 122, 80, 145, 368, 274, 0, 3, 71, 197, 351, 216, 141, 45, 0, 2, 32, 188, 361, 205, 163, 73
0, 0, 0, 0, 14, 196, 539, 275, 0, 0, 0, 0, 5, 23, 197, 799, 0, 0, 0, 0, 5, 11, 150, 858
0, 29, 71, 123, 230, 290, 206, 75, 14, 89, 121, 255, 279, 132, 134, 0, 0, 70, 199, 293, 264, 71, 121, 6
0, 0, 300, 242, 164, 78, 162, 78, 0, 308, 276, 106, 142, 169, 23, 0, 2, 292, 282, 129, 215, 101, 3, 0
67, 142, 158, 422, 235, 0, 0, 0, 0, 507, 77, 372, 56, 12, 0, 0, 0, 102, 458, 376, 37, 51, 0, 0
46, 51, 19, 560, 348, 0, 0, 0, 0, 512, 214, 283, 12, 3, 0, 0, 0, 10, 578, 420, 7, 9, 0, 0
24, 15, 9, 544, 432, 0, 0, 0, 0, 511, 451, 62, 0, 0, 0, 0, 0, 0, 699, 325, 0, 0, 0, 0
0, 0, 0, 867, 157, 0, 0, 0, 0, 539, 485, 0, 0, 0, 0, 0, 0, 247, 777, 0, 0, 0, 0, 0
0, 0, 0, 1024, 0, 0, 0, 0, 0, 516, 508, 0, 0, 0, 0, 0, 0, 395, 629, 0, 0, 0, 0, 0
0, 3, 182, 839, 0, 0, 0, 0, 0, 925, 99, 0, 0, 0, 0, 0, 0, 744, 280, 0, 0, 0, 0, 0
0, 29, 339, 656, 0, 0, 0, 0, 92, 932, 0, 0, 0, 0, 0, 0, 1, 1023, 0, 0, 0, 0, 0, 0
0, 0, 193, 831, 0, 0, 0, 0, 41, 983, 0, 0, 0, 0, 0, 0, 0, 1024, 0, 0, 0, 0, 0, 0
0, 0, 196, 828, 0, 0, 0, 0, 20, 1004, 0, 0, 0, 0, 0, 0, 0, 1024, 0, 0, 0, 0, 0, 0
0, 0, 72, 475, 477, 0, 0, 0, 0, 298, 132, 594, 0, 0, 0, 0, 0, 318, 688, 18, 0, 0, 0, 0
260, 216, 29, 67, 452, 0, 0, 0, 0, 11, 529, 481, 3, 0, 0, 0, 0, 10, 544, 469, 1, 0, 0, 0
0, 0, 0, 0, 1024, 0, 0, 0, 0, 0, 41, 983, 0, 0, 0, 0, 0, 0, 0, 1024, 0, 0, 0, 0
0, 0, 0, 0, 1022, 2, 0, 0, 0, 0, 0, 1024, 0, 0, 0, 0, 0, 0, 0, 1024, 0, 0, 0, 0
0, 0, 0, 0, 764, 4, 0, 0, 0, 0, 0, 768, 0, 0, 0, 0, 0, 0, 0, 768, 0, 0, 0, 0
0, 0, 0, 57, 518, 62, 106, 281, 0, 4, 27, 138, 343, 244, 46, 222, 0, 5, 38, 139, 254, 350, 34, 204
0, 24, 347, 131, 129, 120, 170, 103, 0, 9, 332, 201, 167, 91, 131, 93, 0, 4, 307, 194, 179, 119, 149, 72
2, 257, 117, 57, 107, 223, 257, 4, 0, 141, 221, 29, 191, 149, 127, 166, 0, 1, 342, 29, 164, 176, 132, 180
0, 50, 283, 72, 144, 166, 212, 97, 14, 149, 311, 180, 209, 115, 43, 3, 0, 83, 454, 218, 158, 90, 16, 5
48, 107, 98, 221, 221, 150, 106, 73, 3, 87, 412, 185, 199, 96, 42, 0, 6, 86, 413, 136, 289, 88, 6, 0
410, 120, 38, 43, 413, 0, 0, 0, 0, 139, 374, 448, 33, 30, 0, 0, 0, 1, 504, 443, 24, 52, 0, 0
472, 101, 36, 34, 381, 0, 0, 0, 0, 520, 154, 302, 30, 18, 0, 0, 0, 29, 552, 392, 14, 37, 0, 0
226, 109, 125, 193, 371, 0, 0, 0, 47, 543, 405, 29, 0, 0, 0, 0, 0, 252, 541, 229, 2, 0, 0, 0
2, 40, 112, 284, 362, 181, 37, 6, 92, 66, 405, 71, 152, 159, 62, 17, 0, 137, 387, 82, 165, 145, 88, 20
0, 0, 8, 146, 117, 739, 14, 0, 0, 13, 89, 59, 635, 201, 24, 3, 0, 3, 105, 84, 761, 43, 24, 4
0, 1, 32, 165, 671, 155, 0, 0, 0, 19, 42, 181, 782, 0, 0, 0, 0, 18, 105, 408, 493, 0, 0, 0
0, 0, 382, 642, 0, 0, 0, 0, 19, 905, 63, 37, 0, 0, 0, 0, 0, 970, 52, 2, 0, 0, 0, 0
0, 0, 0, 1024, 0, 0, 0, 0, 0, 1024, 0, 0, 0, 0, 0, 0, 0, 1024, 0, 0, 0, 0, 0, 0
19, 31, 56, 918, 0, 0, 0, 0, 1, 981, 38, 4, 0, 0, 0, 0, 2, 991, 27, 4, 0, 0, 0, 0
0, 0, 0, 551, 473, 0, 0, 0, 0, 456, 47, 521, 0, 0, 0, 0, 0, 482, 510, 32, 0, 0, 0, 0
135, 351, 30, 38, 469, 1, 0, 0, 0, 0, 301, 721, 2, 0, 0, 0, 0, 0, 538, 485, 1, 0, 0, 0
0, 0, 0, 8, 625, 119, 270, 2, 0, 0, 23, 593, 28, 56, 301, 23, 0, 0, 2, 560, 72, 23, 187, 180
0, 0, 2, 200, 700, 77, 43, 2, 0, 5, 149, 702, 66, 32, 68, 2, 0, 2, 66, 696, 141, 38, 78, 3
0, 0, 0, 0, 732, 36, 0, 0, 0, 0, 0, 684, 84, 0, 0, 0, 0, 0, 0, 475, 293, 0, 0, 0
0, 0, 63, 222, 402, 89, 113, 135, 0, 0, 140, 285, 399, 75, 41, 84, 0, 3, 102, 306, 314, 201, 42, 56
0, 0, 97, 152, 157, 260, 249, 109, 0, 0, 57, 245, 281, 157, 177, 107, 0, 0, 8, 228, 328, 218, 171, 71
0, 5, 51, 81, 181, 407, 294, 5, 0, 4, 3, 91, 193, 259, 292, 182, 0, 0, 7, 29, 256, 313, 248, 171
0, 31, 122, 78, 200, 327, 226, 40, 6, 142, 140, 220, 315, 188, 13, 0, 0, 96, 266, 252, 308, 100, 2, 0
153, 104, 87, 260, 133, 164, 81, 42, 22, 116, 301, 256, 164, 88, 74, 3, 0, 74, 372, 134, 177, 151, 59, 57
88, 217, 66, 36, 59, 460, 98, 0, 0, 223, 58, 149, 379, 195, 19, 1, 0, 95, 183, 107, 320, 273, 43, 3
14, 271, 124, 104, 164, 227, 120, 0, 17, 396, 120, 128, 300, 53, 10, 0, 0, 305, 184, 166, 274, 48, 47, 0
92, 424, 355, 122, 23, 8, 0, 0, 144, 578, 241, 58, 3, 0, 0, 0, 0, 653, 326, 44, 1, 0, 0, 0
66, 124, 262, 298, 160, 75, 31, 8, 177, 195, 247, 231, 60, 60, 35, 19, 0, 338, 193, 281, 85, 57, 43, 27
0, 0, 17, 49, 108, 811, 36, 3, 0, 0, 19, 61, 503, 384, 40, 17, 0, 0, 14, 52, 822, 72, 39, 25
0, 0, 0, 43, 700, 281, 0, 0, 0, 0, 2, 60, 958, 4, 0, 0, 0, 0, 21, 296, 707, 0, 0, 0
0, 0, 382, 628, 14, 0, 0, 0, 4, 770, 81, 163, 6, 0, 0, 0, 0, 833, 148, 43, 0, 0, 0, 0
0, 0, 0, 1024, 0, 0, 0, 0, 0, 1024, 0, 0, 0, 0, 0, 0, 0, 1024, 0, 0, 0, 0, 0, 0
204, 193, 141, 486, 0, 0, 0, 0, 0, 538, 262, 224, 0, 0, 0, 0, 0, 631, 156, 237, 0, 0, 0, 0
0, 0, 15, 741, 268, 0, 0, 0, 0, 486, 144, 394, 0, 0, 0, 0, 0, 481, 343, 200, 0, 0, 0, 0
82, 218, 31, 129, 517, 47, 0, 0, 0, 17, 263, 680, 39, 25, 0, 0, 0, 7, 496, 454, 34, 26, 7, 0
3, 21, 43, 168, 504, 141, 134, 10, 1, 31, 154, 226, 358, 85, 142, 27, 1, 16, 145, 125, 359, 192, 150, 36
1, 26, 123, 379, 184, 202, 105, 4, 27, 51, 277, 268, 79, 109, 199, 14, 0, 57, 96, 332, 175, 109, 236, 19
0, 0, 1, 17, 311, 436, 3, 0, 0, 11, 179, 129, 143, 303, 3, 0, 0, 5, 70, 243, 93, 255, 102, 0
0, 0, 169, 203, 247, 85, 89, 231, 0, 1, 270, 229, 231, 34, 50, 209, 0, 0, 177, 333, 217, 73, 30, 194
0, 52, 390, 58, 57, 248, 151, 68, 0, 2, 419, 55, 100, 209, 183, 56, 0, 0, 270, 175, 122, 319, 83, 55
7, 203, 177, 61, 61, 263, 232, 20, 0, 34, 291, 36, 121, 242, 146, 154, 0, 3, 254, 86, 109, 264, 162, 146
0, 57, 120, 112, 232, 266, 190, 47, 4, 134, 204, 235, 257, 160, 29, 1, 0, 92, 282, 277, 243, 104, 25, 1
28, 110, 139, 305, 169, 129, 114, 30, 0, 48, 262, 149, 267, 192, 94, 12, 0, 39, 255, 184, 130, 123, 238, 55
7, 96, 76, 57, 85, 669, 34, 0, 0, 0, 0, 192, 442, 227, 95, 68, 0, 0, 0, 204, 363, 119, 162, 176
11, 22, 18, 25, 94, 728, 126, 0, 2, 33, 34, 317, 405, 96, 122, 15, 0, 6, 45, 375, 472, 73, 44, 9
180, 219, 77, 100, 125, 301, 22, 0, 23, 296, 241, 198, 144, 85, 31, 6, 0, 155, 212, 304, 187, 123, 35, 8
0, 24, 168, 412, 362, 57, 1, 0, 134, 615, 49, 118, 91, 17, 0, 0, 0, 345, 447, 137, 51, 42, 2, 0
0, 7, 41, 286, 452, 224, 14, 0, 0, 26, 76, 252, 452, 205, 13, 0, 0, 35, 124, 267, 573, 25, 0, 0
0, 22, 47, 339, 480, 93, 15, 28, 0, 24, 37, 272, 620, 27, 13, 31, 0, 13, 64, 433, 460, 21, 17, 16
0, 102, 493, 405, 24, 0, 0, 0, 1, 732, 161, 120, 10, 0, 0, 0, 0, 759, 216, 49, 0, 0, 0, 0
0, 0, 1, 1023, 0, 0, 0, 0, 0, 992, 32, 0, 0, 0, 0, 0, 0, 990, 34, 0, 0, 0, 0, 0
207, 195, 128, 489, 5, 0, 0, 0, 0, 494, 281, 249, 0, 0, 0, 0, 0, 610, 148, 266, 0, 0, 0, 0
0, 7, 244, 679, 83, 11, 0, 0, 0, 413, 315, 260, 28, 3, 5, 0, 0, 310, 354, 292, 54, 5, 5, 4
0, 8, 242, 238, 391, 143, 2, 0, 1, 115, 275, 427, 57, 139, 10, 0, 0, 28, 322, 400, 86, 84, 96, 8
0, 0, 66, 600, 163, 83, 108, 4, 0, 6, 289, 521, 50, 60, 98, 0, 0, 4, 241, 571, 74, 51, 83, 0
1, 12, 70, 259, 188, 289, 204, 1, 9, 6, 118, 236, 180, 210, 261, 4, 2, 9, 4, 241, 244, 228, 288, 8
10, 78, 56, 94, 407, 106, 17, 0, 42, 159, 344, 89, 21, 75, 38, 0, 1, 164, 210, 253, 21, 22, 95, 2
0, 0, 25, 217, 131, 78, 143, 430, 0, 0, 85, 181, 212, 109, 113, 324, 0, 0, 77, 223, 210, 145, 103, 266
0, 0, 77, 114, 134, 209, 301, 189, 0, 0, 13, 97, 224, 282, 377, 31, 0, 0, 8, 28, 329, 428, 189, 42
8, 234, 113, 87, 170, 237, 175, 0, 0, 67, 245, 78, 108, 246, 214, 66, 0, 3, 248, 131, 113, 261, 189, 79
0, 50, 138, 153, 317, 318, 47, 1, 1, 158, 267, 475, 89, 34, 0, 0, 0, 102, 352, 485, 55, 30, 0, 0
1, 119, 169, 408, 106, 215, 6, 0, 0, 24, 443, 259, 222, 76, 0, 0, 0, 12, 454, 315, 47, 19, 175, 2
0, 19, 134, 183, 443, 245, 0, 0, 0, 16, 116, 366, 19, 101, 346, 60, 0, 8, 196, 301, 40, 43, 134, 302
0, 0, 135, 318, 101, 470, 0, 0, 0, 31, 170, 386, 204, 201, 32, 0, 0, 82, 435, 382, 107, 14, 4, 0
35, 135, 143, 229, 106, 344, 31, 1, 0, 116, 109, 326, 247, 163, 55, 8, 0, 122, 274, 331, 121, 113, 53, 10
8, 39, 176, 364, 177, 221, 38, 1, 2, 83, 151, 424, 167, 140, 54, 3, 3, 56, 167, 457, 152, 136, 50, 3
0, 15, 318, 639, 46, 6, 0, 0, 0, 16, 193, 669, 138, 7, 1, 0, 0, 6, 216, 742, 54, 6, 0, 0
0, 157, 564, 252, 12, 10, 10, 19, 0, 40, 420, 458, 67, 8, 9, 22, 0, 38, 515, 379, 55, 12, 8, 17
169, 610, 210, 30, 5, 0, 0, 0, 76, 712, 203, 26, 7, 0, 0, 0, 15, 777, 209, 18, 5, 0, 0, 0
33, 168, 314, 509, 0, 0, 0, 0, 7, 294, 689, 34, 0, 0, 0, 0, 0, 206, 698, 120, 0, 0, 0, 0
54, 108, 405, 456, 1, 0, 0, 0, 4, 218, 661, 141, 0, 0, 0, 0, 0, 150, 660, 191, 23, 0, 0, 0
0, 0, 54, 219, 122, 629, 0, 0, 0, 208, 67, 288, 461, 0, 0, 0, 0, 188, 84, 36, 716, 0, 0, 0
0, 0, 123, 326, 568, 7, 0, 0, 0, 20, 370, 631, 3, 0, 0, 0, 0, 11, 301, 584, 128, 0, 0, 0
0, 0, 7, 363, 523, 95, 31, 5, 4, 17, 114, 658, 169, 34, 23, 5, 0, 7, 90, 771, 95, 41, 20, 0
0, 0, 1, 352, 107, 275, 289, 0, 0, 0, 9, 360, 104, 192, 353, 6, 0, 0, 1, 227, 219, 184, 383, 10
12, 169, 100, 258, 182, 34, 12, 1, 66, 330, 193, 112, 30, 25, 11, 1, 1, 314, 225, 141, 35, 31, 16, 5
0, 0, 35, 366, 94, 59, 111, 359, 0, 0, 82, 349, 151, 85, 72, 285, 0, 0, 100, 391, 147, 93, 111, 182
0, 1, 526, 132, 53, 99, 145, 68, 0, 0, 462, 193, 76, 93, 120, 80, 0, 0, 253, 389, 78, 129, 94, 81
0, 129, 295, 14, 118, 224, 236, 8, 0, 104, 322, 103, 118, 83, 249, 45, 0, 6, 414, 132, 100, 104, 233, 35
0, 28, 85, 209, 350, 293, 59, 0, 0, 96, 235, 526, 149, 18, 0, 0, 0, 87, 337, 498, 88, 14, 0, 0
0, 0, 42, 335, 520, 127, 0, 0, 0, 2, 446, 208, 275, 90, 3, 0, 0, 4, 498, 406, 14, 75, 27, 0
0, 0, 90, 291, 641, 2, 0, 0, 0, 0, 648, 113, 21, 229, 13, 0, 0, 0, 695, 68, 14, 159, 88, 0
0, 0, 194, 659, 171, 0, 0, 0, 0, 272, 456, 13, 43, 240, 0, 0, 0, 3, 726, 13, 21, 202, 59, 0
0, 5, 140, 271, 286, 247, 67, 8, 0, 196, 121, 81, 105, 285, 202, 34, 0, 8, 309, 83, 124, 280, 189, 31
19, 43, 152, 437, 138, 233, 2, 0, 7, 24, 125, 439, 146, 136, 147, 0, 8, 27, 150, 427, 152, 212, 48, 0
1, 300, 359, 356, 8, 0, 0, 0, 0, 172, 453, 344, 55, 0, 0, 0, 0, 142, 615, 265, 2, 0, 0, 0
0, 320, 483, 213, 3, 4, 1, 0, 0, 172, 456, 385, 8, 2, 1, 0, 0, 168, 607, 241, 7, 1, 0, 0
679, 341, 4, 0, 0, 0, 0, 0, 372, 647, 5, 0, 0, 0, 0, 0, 152, 867, 5, 0, 0, 0, 0, 0
544, 180, 204, 95, 1, 0, 0, 0, 523, 258, 204, 39, 0, 0, 0, 0, 246, 473, 204, 101, 0, 0, 0, 0
0, 18, 829, 174, 1, 2, 0, 0, 0, 118, 881, 23, 2, 0, 0, 0, 0, 34, 955, 33, 2, 0, 0, 0
0, 0, 128, 266, 512, 118, 0, 0, 0, 46, 187, 672, 119, 0, 0, 0, 0, 6, 198, 353, 466, 1, 0, 0
0, 0, 0, 388, 622, 14, 0, 0, 0, 26, 337, 622, 24, 15, 0, 0, 0, 0, 48, 695, 248, 28, 5, 0
2, 15, 138, 565, 252, 39, 13, 0, 11, 114, 249, 522, 87, 35, 6, 0, 4, 77, 241, 611, 45, 36, 10, 0
0, 4, 121, 280, 159, 374, 86, 0, 158, 40, 90, 161, 115, 198, 262, 0, 0, 166, 136, 105, 128, 192, 287, 10
0, 144, 175, 231, 158, 45, 7, 8, 59, 378, 141, 121, 43, 21, 5, 0, 0, 220, 300, 135, 66, 34, 13, 0
0, 0, 58, 323, 65, 92, 117, 369, 0, 0, 148, 257, 126, 105, 84, 304, 0, 6, 154, 317, 127, 113, 201, 106
0, 2, 147, 81, 19, 51, 401, 323, 0, 0, 120, 102, 25, 25, 396, 356, 0, 0, 89, 139, 24, 209, 466, 97
0, 96, 124, 20, 207, 329, 248, 0, 0, 75, 143, 27, 190, 285, 229, 75, 0, 8, 216, 211, 252, 165, 156, 16
0, 10, 56, 247, 559, 123, 28, 1, 1, 27, 161, 348, 485, 2, 0, 0, 0, 25, 337, 636, 25, 1, 0, 0
0, 0, 19, 205, 608, 192, 0, 0, 0, 0, 149, 86, 347, 103, 271, 68, 0, 0, 193, 383, 0, 41, 277, 130
0, 1, 5, 35, 461, 514, 8, 0, 0, 0, 1, 4, 40, 216, 565, 198, 0, 0, 1, 4, 34, 151, 567, 267
0, 1, 49, 509, 312, 133, 20, 0, 0, 0, 11, 80, 259, 453, 169, 52, 0, 0, 14, 74, 228, 326, 308, 74
0, 0, 37, 327, 423, 143, 94, 0, 0, 0, 1, 89, 212, 251, 366, 105, 0, 0, 3, 68, 182, 250, 355, 166
18, 22, 56, 377, 445, 96, 10, 0, 0, 14, 39, 146, 199, 323, 225, 78, 2, 14, 44, 183, 208, 187, 246, 140
0, 23, 189, 369, 324, 92, 9, 18, 0, 0, 99, 128, 220, 311, 221, 45, 0, 0, 125, 152, 232, 269, 153, 93
0, 33, 325, 500, 152, 14, 0, 0, 0, 0, 129, 536, 227, 98, 34, 0, 0, 2, 217, 575, 119, 74, 33, 4
271, 253, 316, 106, 48, 24, 6, 0, 265, 282, 254, 98, 76, 16, 26, 7, 222, 359, 244, 86, 62, 23, 17, 11
756, 155, 62, 47, 4, 0, 0, 0, 744, 201, 74, 5, 0, 0, 0, 0, 546, 388, 78, 12, 0, 0, 0, 0
21, 190, 262, 267, 207, 77, 0, 0, 25, 297, 363, 73, 237, 29, 0, 0, 14, 284, 395, 49, 133, 149, 0, 0
0, 0, 0, 65, 948, 11, 0, 0, 0, 0, 39, 680, 305, 0, 0, 0, 0, 0, 2, 119, 785, 118, 0, 0
0, 0, 7, 579, 436, 2, 0, 0, 0, 3, 546, 473, 2, 0, 0, 0, 0, 0, 15, 852, 157, 0, 0, 0
0, 0, 22, 532, 470, 0, 0, 0, 0, 0, 239, 784, 1, 0, 0, 0, 0, 0, 64, 941, 19, 0, 0, 0
0, 9, 180, 594, 120, 94, 23, 4, 314, 177, 187, 275, 26, 25, 15, 5, 0, 336, 237, 292, 78, 46, 28, 7
2, 179, 210, 302, 46, 22, 7, 0, 253, 388, 61, 35, 14, 12, 5, 0, 0, 547, 114, 53, 33, 15, 6, 0
0, 0, 68, 258, 202, 134, 165, 197, 0, 0, 123, 238, 235, 166, 120, 142, 0, 3, 181, 278, 238, 115, 185, 24
0, 22, 677, 62, 35, 91, 137, 0, 0, 0, 674, 81, 8, 21, 223, 17, 0, 0, 666, 87, 6, 17, 108, 140
0, 176, 403, 92, 199, 147, 6, 1, 0, 150, 441, 115, 94, 96, 128, 0, 0, 11, 581, 187, 44, 64, 104, 33
0, 0, 87, 169, 678, 68, 19, 3, 0, 0, 177, 260, 573, 11, 3, 0, 0, 0, 217, 769, 33, 5, 0, 0
0, 0, 20, 224, 348, 413, 19, 0, 0, 0, 178, 128, 526, 85, 89, 18, 0, 6, 191, 379, 294, 49, 68, 37
0, 0, 0, 0, 1, 387, 592, 44, 0, 0, 0, 0, 17, 155, 186, 666, 0, 0, 0, 1, 129, 79, 136, 679
0, 0, 1, 6, 23, 463, 515, 16, 0, 0, 0, 0, 1, 8, 168, 847, 0, 0, 0, 1, 0, 7, 148, 868
0, 0, 0, 0, 8, 415, 344, 257, 0, 0, 0, 0, 0, 9, 204, 811, 0, 0, 0, 0, 29, 46, 165, 784
13, 22, 32, 255, 139, 156, 309, 98, 0, 19, 20, 42, 251, 131, 205, 356, 3, 18, 20, 70, 359, 168, 75, 311
0, 0, 148, 344, 286, 150, 27, 69, 0, 0, 29, 148, 228, 276, 226, 117, 0, 0, 38, 186, 280, 208, 160, 152
0, 0, 119, 599, 305, 1, 0, 0, 0, 0, 49, 388, 421, 115, 51, 0, 0, 0, 68, 634, 148, 94, 66, 14
0, 103, 454, 267, 87, 68, 33, 12, 0, 226, 259, 290, 122, 44, 66, 17, 0, 277, 286, 268, 97, 59, 36, 1
9, 63, 326, 626, 0, 0, 0, 0, 10, 1013, 1, 0, 0, 0, 0, 0, 7, 1015, 2, 0, 0, 0, 0, 0
0, 0, 26, 392, 48, 274, 284, 0, 0, 401, 14, 11, 108, 237, 253, 0, 0, 376, 35, 13, 51, 215, 333, 1
0, 0, 0, 4, 342, 641, 37, 0, 0, 0, 17, 414, 305, 268, 20, 0, 0, 0, 0, 151, 521, 324, 28, 0
0, 1, 14, 159, 518, 320, 12, 0, 0, 3, 37, 710, 228, 39, 7, 0, 0, 2, 45, 565, 358, 47, 7, 0
0, 0, 13, 343, 668, 0, 0, 0, 0, 0, 134, 888, 2, 0, 0, 0, 0, 0, 153, 871, 0, 0, 0, 0
0, 26, 308, 545, 127, 18, 0, 0, 122, 196, 424, 263, 13, 6, 0, 0, 0, 163, 470, 322, 41, 26, 2, 0
3, 81, 620, 63, 1, 0, 0, 0, 49, 393, 308, 15, 3, 0, 0, 0, 0, 77, 304, 371, 12, 4, 0, 0
0, 0, 39, 103, 62, 130, 316, 374, 0, 3, 54, 117, 204, 266, 173, 207, 0, 3, 64, 206, 244, 227, 219, 61
0, 0, 54, 23, 45, 516, 386, 0, 0, 0, 49, 36, 60, 514, 365, 0, 0, 0, 42, 42, 57, 479, 382, 22
0, 0, 0, 256, 317, 449, 2, 0, 0, 0, 87, 350, 80, 370, 137, 0, 0, 0, 103, 329, 63, 349, 176, 4
0, 17, 55, 334, 325, 232, 60, 1, 3, 64, 258, 409, 263, 24, 3, 0, 0, 58, 318, 511, 129, 8, 0, 0
0, 0, 90, 352, 542, 40, 0, 0, 0, 0, 290, 556, 178, 0, 0, 0, 0, 30, 356, 510, 128, 0, 0, 0
0, 0, 12, 714, 42, 256, 0, 0, 0, 0, 250, 494, 100, 179, 1, 0, 0, 0, 468, 292, 253, 11, 0, 0
0, 0, 97, 677, 18, 232, 0, 0, 0, 0, 589, 185, 18, 127, 105, 0, 0, 0, 708, 80, 92, 99, 45, 0
0, 0, 248, 562, 21, 193, 0, 0, 0, 19, 769, 22, 18, 139, 57, 0, 0, 1, 803, 28, 144, 41, 7, 0
20, 17, 305, 461, 86, 130, 5, 0, 5, 129, 396, 51, 266, 149, 28, 0, 11, 37, 486, 113, 312, 48, 15, 2
0, 2, 733, 215, 73, 1, 0, 0, 0, 0, 650, 228, 120, 26, 0, 0, 0, 3, 715, 275, 31, 0, 0, 0
0, 0, 756, 240, 28, 0, 0, 0, 0, 0, 662, 289, 73, 0, 0, 0, 0, 0, 688, 335, 1, 0, 0, 0
0, 94, 365, 337, 78, 54, 32, 64, 0, 119, 294, 253, 188, 57, 39, 74, 0, 151, 311, 340, 86, 38, 40, 58
0, 35, 396, 593, 0, 0, 0, 0, 0, 1024, 0, 0, 0, 0, 0, 0, 0, 1019, 5, 0, 0, 0, 0, 0
0, 0, 10, 918, 10, 57, 29, 0, 0, 919, 5, 9, 6, 62, 23, 0, 0, 889, 33, 5, 8, 26, 63, 0
65, 110, 82, 169, 413, 173, 9, 3, 0, 139, 189, 304, 311, 69, 9, 3, 0, 143, 95, 247, 267, 237, 31, 4
1, 34, 58, 582, 239, 99, 8, 3, 6, 123, 103, 631, 149, 1, 8, 3, 1, 72, 125, 313, 385, 119, 7, 2
0, 1, 134, 738, 120, 21, 8, 2, 4, 84, 400, 518, 15, 2, 0, 1, 0, 4, 198, 563, 247, 10, 1, 1
0, 53, 285, 655, 21, 6, 2, 2, 5, 135, 665, 215, 3, 0, 1, 0, 0, 45, 115, 826, 36, 2, 0, 0
0, 0, 262, 506, 0, 0, 0, 0, 0, 51, 575, 142, 0, 0, 0, 0, 0, 0, 41, 727, 0, 0, 0, 0
0, 0, 1, 23, 44, 106, 356, 494, 0, 0, 29, 83, 175, 168, 353, 216, 0, 0, 42, 145, 226, 274, 309, 28
0, 0, 34, 588, 182, 127, 93, 0, 0, 0, 432, 332, 135, 84, 41, 0, 0, 0, 448, 321, 151, 104, 0, 0
0, 36, 251, 616, 88, 30, 3, 0, 0, 98, 569, 309, 47, 1, 0, 0, 0, 41, 658, 297, 27, 1, 0, 0
0, 28, 88, 296, 264, 297, 51, 0, 0, 94, 300, 368, 246, 16, 0, 0, 0, 97, 393, 426, 106, 2, 0, 0
0, 0, 216, 362, 303, 63, 80, 0, 0, 0, 424, 435, 6, 18, 7, 134, 0, 8, 381, 475, 2, 16, 5, 137
0, 0, 109, 556, 84, 43, 232, 0, 0, 0, 112, 576, 16, 12, 26, 282, 0, 0, 74, 620, 10, 14, 21, 285
0, 0, 98, 583, 13, 66, 234, 30, 0, 0, 363, 288, 22, 11, 10, 330, 0, 0, 217, 451, 10, 9, 8, 329
0, 0, 157, 448, 28, 164, 221, 6, 0, 1, 521, 74, 9, 22, 21, 376, 0, 0, 552, 45, 13, 22, 19, 373
21, 34, 340, 446, 94, 61, 28, 0, 6, 28, 203, 344, 265, 82, 58, 38, 8, 30, 173, 438, 203, 72, 60, 40
0, 2, 527, 293, 195, 7, 0, 0, 0, 0, 289, 324, 191, 41, 166, 13, 0, 0, 320, 389, 99, 39, 124, 53
0, 1, 553, 332, 138, 0, 0, 0, 0, 0, 342, 385, 50, 136, 111, 0, 0, 0, 361, 367, 37, 155, 95, 9
0, 16, 289, 448, 73, 55, 33, 110, 0, 8, 237, 308, 246, 55, 48, 122, 0, 16, 261, 424, 126, 47, 43, 107
0, 19, 498, 500, 7, 0, 0, 0, 0, 962, 40, 15, 7, 0, 0, 0, 0, 988, 22, 9, 5, 0, 0, 0
0, 0, 0, 1024, 0, 0, 0, 0, 0, 1024, 0, 0, 0, 0, 0, 0, 0, 1017, 7, 0, 0, 0, 0, 0
280, 175, 185, 376, 2, 2, 3, 1, 0, 448, 372, 196, 2, 2, 2, 2, 0, 528, 162, 326, 2, 2, 3, 1
0, 16, 166, 708, 35, 50, 38, 11, 0, 615, 191, 82, 32, 38, 37, 29, 0, 506, 298, 71, 35, 37, 45, 32
17, 62, 196, 315, 367, 45, 16, 6, 5, 147, 209, 554, 31, 37, 28, 13, 0, 61, 476, 372, 29, 36, 31, 19
271, 322, 250, 102, 46, 29, 4, 0, 26, 254, 497, 176, 29, 27, 14, 1, 11, 187, 375, 374, 26, 22, 28, 1
112, 203, 102, 306, 19, 18, 8, 0, 73, 242, 96, 220, 106, 20, 10, 1, 25, 264, 110, 258, 81, 17, 10, 3
0, 0, 7, 11, 65, 569, 268, 104, 0, 0, 11, 120, 555, 240, 82, 16, 0, 0, 13, 511, 376, 90, 34, 0
0, 6, 200, 670, 121, 27, 0, 0, 0, 42, 760, 208, 14, 0, 0, 0, 0, 22, 826, 176, 0, 0, 0, 0
0, 143, 299, 465, 70, 46, 1, 0, 0, 307, 522, 182, 13, 0, 0, 0, 0, 263, 614, 146, 1, 0, 0, 0
0, 45, 184, 237, 312, 238, 8, 0, 0, 164, 312, 399, 144, 5, 0, 0, 0, 164, 422, 395, 43, 0, 0, 0
23, 68, 367, 176, 135, 76, 172, 7, 0, 32, 325, 119, 25, 94, 161, 268, 0, 62, 328, 93, 12, 32, 148, 349
2, 12, 32, 69, 54, 77, 231, 547, 0, 0, 0, 37, 31, 24, 47, 885, 0, 0, 0, 11, 46, 24, 35, 908
0, 8, 59, 182, 86, 29, 24, 636, 0, 0, 0, 68, 30, 17, 40, 869, 0, 0, 0, 52, 30, 20, 25, 897
0, 0, 0, 174, 49, 49, 88, 664, 0, 0, 0, 0, 0, 2, 91, 931, 0, 0, 0, 0, 0, 0, 5, 1019
12, 37, 102, 255, 213, 169, 127, 109, 0, 26, 66, 98, 171, 232, 80, 351, 4, 23, 77, 98, 172, 209, 84, 357
0, 69, 255, 467, 116, 22, 12, 83, 0, 4, 109, 224, 269, 206, 106, 106, 0, 0, 110, 270, 203, 224, 77, 140
0, 74, 225, 306, 419, 0, 0, 0, 0, 0, 140, 175, 61, 193, 437, 18, 0, 0, 143, 203, 33, 154, 417, 74
0, 5, 201, 444, 133, 41, 37, 163, 0, 0, 167, 119, 472, 49, 36, 181, 0, 7, 177, 234, 361, 41, 35, 169
0, 49, 504, 467, 4, 0, 0, 0, 0, 860, 48, 61, 55, 0, 0, 0, 0, 884, 37, 49, 54, 0, 0, 0
0, 0, 0, 1024, 0, 0, 0, 0, 0, 1024, 0, 0, 0, 0, 0, 0, 0, 1016, 8, 0, 0, 0, 0, 0
372, 89, 124, 439, 0, 0, 0, 0, 0, 491, 332, 201, 0, 0, 0, 0, 0, 551, 160, 313, 0, 0, 0, 0
20, 70, 218, 691, 7, 11, 4, 3, 6, 824, 162, 5, 9, 9, 3, 6, 1, 768, 217, 11, 7, 7, 7, 6
9, 15, 39, 356, 605, 0, 0, 0, 3, 217, 70, 734, 0, 0, 0, 0, 0, 205, 313, 506, 0, 0, 0, 0
214, 469, 30, 184, 127, 0, 0, 0, 176, 440, 92, 304, 7, 4, 1, 0, 154, 360, 356, 141, 2, 8, 3, 0
60, 704, 4, 0, 0, 0, 0, 0, 8, 756, 4, 0, 0, 0, 0, 0, 0, 737, 31, 0, 0, 0, 0, 0
3, 414, 101, 248, 229, 29, 0, 0, 0, 528, 247, 224, 25, 0, 0, 0, 1, 511, 272, 240, 0, 0, 0, 0
0, 0, 33, 961, 30, 0, 0, 0, 0, 0, 540, 484, 0, 0, 0, 0, 0, 0, 207, 817, 0, 0, 0, 0
0, 14, 570, 374, 66, 0, 0, 0, 0, 345, 420, 259, 0, 0, 0, 0, 0, 364, 449, 211, 0, 0, 0, 0
0, 78, 246, 407, 252, 41, 0, 0, 1, 228, 457, 309, 29, 0, 0, 0, 0, 273, 513, 237, 1, 0, 0, 0
0, 6, 323, 158, 175, 362, 0, 0, 0, 57, 363, 55, 8, 32, 448, 61, 0, 127, 290, 60, 3, 14, 407, 123
0, 6, 162, 293, 73, 485, 5, 0, 0, 0, 4, 129, 67, 91, 565, 168, 0, 0, 0, 89, 87, 48, 440, 360
1, 51, 522, 373, 75, 2, 0, 0, 0, 0, 65, 101, 115, 234, 448, 61, 0, 0, 19, 97, 74, 118, 265, 451
0, 0, 138, 536, 345, 5, 0, 0, 0, 0, 0, 0, 0, 145, 857, 22, 0, 0, 0, 0, 7, 58, 388, 571
20, 19, 53, 88, 501, 343, 0, 0, 4, 21, 23, 58, 89, 304, 373, 152, 6, 22, 22, 52, 121, 153, 432, 216
0, 26, 120, 694, 141, 18, 16, 9, 0, 0, 32, 290, 423, 130, 123, 26, 0, 0, 37, 293, 313, 235, 124, 22
0, 0, 97, 825, 102, 0, 0, 0, 0, 0, 7, 66, 217, 632, 102, 0, 0, 0, 11, 30, 176, 695, 112, 0
0, 85, 178, 563, 73, 15, 21, 89, 0, 40, 179, 116, 531, 40, 23, 95, 0, 43, 186, 297, 342, 41, 21, 94
0, 108, 608, 308, 0, 0, 0, 0, 0, 763, 77, 169, 15, 0, 0, 0, 0, 786, 65, 158, 15, 0, 0, 0
0, 0, 2, 1022, 0, 0, 0, 0, 0, 1024, 0, 0, 0, 0, 0, 0, 0, 1016, 8, 0, 0, 0, 0, 0
318, 38, 81, 587, 0, 0, 0, 0, 0, 636, 209, 179, 0, 0, 0, 0, 0, 674, 115, 235, 0, 0, 0, 0
86, 44, 140, 754, 0, 0, 0, 0, 0, 825, 157, 42, 0, 0, 0, 0, 0, 891, 54, 79, 0, 0, 0, 0
0, 0, 14, 615, 395, 0, 0, 0, 0, 417, 43, 564, 0, 0, 0, 0, 0, 425, 302, 297, 0, 0, 0, 0
291, 203, 18, 386, 126, 0, 0, 0, 76, 157, 277, 514, 0, 0, 0, 0, 70, 168, 495, 291, 0, 0, 0, 0
356, 412, 0, 0, 0, 0, 0, 0, 53, 675, 40, 0, 0, 0, 0, 0, 27, 701, 33, 7, 0, 0, 0, 0
