428, 297, 76, 41, 45, 53, 51, 33, 87, 438, 196, 76, 45, 50, 59, 73, 566, 168, 66, 40, 44, 49, 54, 37
398, 313, 73, 56, 60, 50, 61, 13, 37, 289, 349, 97, 59, 57, 53, 83, 474, 233, 72, 48, 60, 44, 64, 29
132, 221, 121, 106, 110, 120, 174, 40, 2, 138, 174, 136, 112, 117, 129, 216, 187, 150, 118, 109, 105, 106, 178, 71
74, 268, 171, 142, 94, 95, 108, 72, 2, 112, 182, 185, 142, 107, 112, 182, 149, 202, 155, 135, 95, 95, 123, 70
33, 160, 134, 102, 104, 132, 183, 176, 1, 86, 82, 117, 135, 114, 153, 336, 120, 82, 120, 100, 106, 127, 215, 154
172, 269, 183, 80, 73, 76, 114, 57, 44, 129, 186, 221, 109, 86, 96, 153, 212, 219, 187, 80, 70, 81, 111, 64
252, 212, 214, 132, 85, 61, 50, 18, 112, 115, 159, 220, 156, 107, 71, 84, 270, 190, 191, 136, 93, 62, 55, 27
324, 315, 160, 103, 63, 26, 18, 15, 182, 69, 213, 263, 119, 85, 53, 40, 330, 297, 151, 102, 69, 38, 21, 16
445, 303, 126, 62, 32, 15, 33, 8, 211, 118, 289, 210, 90, 39, 22, 45, 450, 298, 116, 67, 34, 17, 25, 17
521, 344, 140, 18, 1, 0, 0, 0, 246, 173, 260, 251, 86, 8, 0, 0, 547, 327, 135, 14, 1, 0, 0, 0
405, 394, 196, 26, 3, 0, 0, 0, 258, 50, 219, 407, 90, 0, 0, 0, 450, 430, 144, 0, 0, 0, 0, 0
610, 347, 61, 6, 0, 0, 0, 0, 289, 116, 391, 195, 30, 3, 0, 0, 636, 323, 58, 7, 0, 0, 0, 0
669, 313, 42, 0, 0, 0, 0, 0, 317, 184, 358, 155, 10, 0, 0, 0, 701, 284, 38, 1, 0, 0, 0, 0
886, 125, 13, 0, 0, 0, 0, 0, 570, 291, 135, 28, 0, 0, 0, 0, 902, 106, 16, 0, 0, 0, 0, 0
908, 99, 17, 0, 0, 0, 0, 0, 687, 211, 95, 28, 3, 0, 0, 0, 924, 80, 20, 0, 0, 0, 0, 0
884, 118, 19, 3, 0, 0, 0, 0, 701, 189, 84, 43, 7, 0, 0, 0, 909, 93, 18, 4, 0, 0, 0, 0
950, 74, 0, 0, 0, 0, 0, 0, 698, 275, 49, 2, 0, 0, 0, 0, 1001, 23, 0, 0, 0, 0, 0, 0
805, 199, 19, 1, 0, 0, 0, 0, 523, 277, 183, 40, 1, 0, 0, 0, 900, 121, 2, 1, 0, 0, 0, 0
774, 198, 36, 11, 5, 0, 0, 0, 598, 265, 117, 32, 12, 0, 0, 0, 916, 88, 13, 7, 0, 0, 0, 0
727, 238, 55, 4, 0, 0, 0, 0, 570, 359, 84, 11, 0, 0, 0, 0, 953, 65, 6, 0, 0, 0, 0, 0
689, 81, 129, 105, 20, 0, 0, 0, 687, 80, 114, 127, 14, 2, 0, 0, 793, 170, 51, 10, 0, 0, 0, 0
734, 186, 69, 31, 4, 0, 0, 0, 690, 183, 116, 31, 4, 0, 0, 0, 906, 94, 23, 1, 0, 0, 0, 0
292, 53, 7, 0, 0, 0, 0, 0, 285, 58, 9, 0, 0, 0, 0, 0, 338, 14, 0, 0, 0, 0, 0, 0
39, 258, 172, 129, 99, 88, 119, 120, 0, 36, 217, 194, 133, 103, 109, 232, 75, 229, 154, 120, 95, 101, 135, 115
118, 207, 168, 129, 119, 126, 125, 32, 0, 58, 214, 179, 146, 114, 145, 168, 104, 189, 170, 122, 115, 132, 139, 53
336, 333, 119, 79, 58, 52, 37, 10, 30, 270, 318, 138, 82, 75, 53, 58, 386, 255, 128, 69, 70, 47, 51, 18
54, 293, 270, 145, 96, 93, 54, 19, 0, 15, 136, 345, 210, 120, 96, 102, 32, 237, 302, 160, 106, 91, 72, 24
5, 76, 144, 128, 121, 148, 226, 176, 0, 2, 42, 139, 148, 140, 165, 388, 4, 81, 130, 131, 120, 137, 261, 160
16, 109, 139, 158, 169, 160, 180, 93, 0, 2, 35, 146, 177, 190, 198, 276, 10, 81, 147, 146, 172, 163, 208, 97
104, 366, 300, 158, 68, 15, 9, 4, 0, 23, 210, 341, 246, 135, 52, 17, 74, 292, 322, 199, 90, 34, 9, 4
221, 483, 197, 65, 32, 11, 13, 2, 0, 79, 349, 360, 132, 60, 22, 22, 199, 447, 220, 82, 42, 15, 12, 7
392, 425, 137, 38, 18, 10, 3, 1, 4, 271, 432, 209, 62, 22, 13, 11, 447, 361, 143, 38, 17, 11, 6, 1
315, 489, 198, 19, 2, 1, 0, 0, 3, 150, 398, 331, 128, 12, 1, 1, 339, 471, 191, 19, 3, 1, 0, 0
148, 533, 263, 56, 24, 0, 0, 0, 0, 26, 191, 521, 259, 26, 1, 0, 149, 504, 323, 44, 3, 1, 0, 0
345, 513, 158, 8, 0, 0, 0, 0, 1, 69, 400, 409, 136, 9, 0, 0, 363, 456, 192, 13, 0, 0, 0, 0
392, 439, 187, 6, 0, 0, 0, 0, 17, 179, 337, 342, 138, 11, 0, 0, 419, 389, 201, 15, 0, 0, 0, 0
634, 303, 82, 5, 0, 0, 0, 0, 193, 385, 273, 125, 47, 1, 0, 0, 672, 252, 83, 17, 0, 0, 0, 0
685, 273, 60, 6, 0, 0, 0, 0, 258, 320, 260, 152, 31, 3, 0, 0, 730, 217, 68, 9, 0, 0, 0, 0
766, 220, 31, 7, 0, 0, 0, 0, 409, 330, 231, 39, 15, 0, 0, 0, 857, 131, 29, 7, 0, 0, 0, 0
660, 303, 51, 10, 0, 0, 0, 0, 200, 473, 245, 99, 7, 0, 0, 0, 742, 235, 42, 5, 0, 0, 0, 0
464, 412, 87, 31, 19, 10, 1, 0, 177, 319, 378, 113, 22, 10, 5, 0, 594, 329, 65, 23, 10, 3, 0, 0
441, 292, 160, 72, 42, 13, 4, 0, 243, 383, 214, 104, 59, 16, 5, 0, 683, 212, 74, 40, 13, 2, 0, 0
319, 445, 197, 61, 2, 0, 0, 0, 199, 432, 271, 115, 7, 0, 0, 0, 693, 269, 61, 1, 0, 0, 0, 0
394, 226, 183, 129, 50, 34, 8, 0, 341, 197, 246, 145, 55, 31, 9, 0, 633, 233, 91, 45, 20, 2, 0, 0
311, 463, 207, 38, 5, 0, 0, 0, 195, 384, 311, 119, 15, 0, 0, 0, 755, 238, 30, 1, 0, 0, 0, 0
136, 188, 20, 8, 0, 0, 0, 0, 73, 219, 48, 12, 0, 0, 0, 0, 306, 36, 10, 0, 0, 0, 0, 0
0, 4, 23, 59, 60, 84, 215, 579, 0, 0, 2, 24, 63, 70, 122, 743, 0, 2, 18, 64, 62, 73, 296, 509
11, 128, 89, 80, 77, 132, 293, 214, 0, 2, 97, 118, 85, 96, 167, 459, 7, 124, 83, 79, 71, 121, 304, 235
127, 415, 200, 121, 79, 40, 33, 9, 0, 80, 369, 242, 136, 97, 52, 48, 215, 340, 165, 120, 82, 50, 40, 12
80, 247, 217, 172, 131, 106, 62, 9, 0, 43, 195, 243, 202, 147, 121, 73, 89, 233, 210, 171, 128, 112, 67, 14
89, 262, 229, 156, 115, 88, 57, 28, 1, 44, 227, 263, 183, 119, 102, 85, 82, 260, 234, 157, 109, 99, 61, 22
204, 390, 178, 106, 78, 51, 17, 0, 1, 110, 375, 235, 144, 84, 60, 15, 211, 370, 186, 113, 75, 54, 15, 0
238, 375, 183, 109, 58, 47, 14, 0, 6, 155, 354, 262, 121, 74, 43, 9, 261, 340, 202, 112, 58, 39, 12, 0
212, 409, 189, 96, 69, 35, 12, 2, 3, 128, 411, 250, 121, 65, 34, 12, 252, 386, 185, 96, 60, 35, 8, 2
188, 438, 190, 105, 58, 31, 14, 0, 0, 131, 411, 257, 124, 54, 35, 12, 247, 419, 168, 98, 46, 31, 15, 0
306, 357, 203, 108, 35, 14, 1, 0, 3, 242, 341, 239, 133, 48, 17, 1, 375, 326, 179, 104, 28, 11, 1, 0
233, 412, 279, 79, 20, 1, 0, 0, 3, 87, 274, 399, 214, 40, 6, 1, 247, 382, 296, 81, 17, 1, 0, 0
266, 524, 205, 24, 5, 0, 0, 0, 2, 64, 385, 405, 153, 13, 2, 0, 268, 513, 212, 26, 5, 0, 0, 0
564, 301, 143, 16, 0, 0, 0, 0, 130, 311, 291, 187, 99, 6, 0, 0, 586, 272, 146, 19, 1, 0, 0, 0
693, 210, 92, 27, 2, 0, 0, 0, 375, 344, 140, 104, 53, 8, 0, 0, 748, 160, 88, 26, 2, 0, 0, 0
658, 264, 89, 11, 2, 0, 0, 0, 339, 353, 193, 108, 30, 1, 0, 0, 727, 205, 72, 19, 1, 0, 0, 0
578, 321, 113, 12, 0, 0, 0, 0, 187, 365, 255, 160, 53, 4, 0, 0, 689, 233, 95, 7, 0, 0, 0, 0
533, 367, 113, 11, 0, 0, 0, 0, 164, 355, 280, 187, 37, 1, 0, 0, 631, 295, 88, 10, 0, 0, 0, 0
538, 373, 94, 14, 5, 0, 0, 0, 248, 384, 261, 114, 17, 0, 0, 0, 698, 251, 63, 12, 0, 0, 0, 0
274, 324, 262, 119, 27, 15, 3, 0, 139, 329, 313, 178, 46, 16, 3, 0, 542, 305, 129, 35, 12, 1, 0, 0
225, 464, 262, 55, 16, 2, 0, 0, 151, 416, 329, 109, 18, 1, 0, 0, 675, 275, 63, 10, 1, 0, 0, 0
471, 354, 161, 34, 4, 0, 0, 0, 402, 310, 199, 98, 14, 1, 0, 0, 799, 179, 42, 4, 0, 0, 0, 0
66, 420, 388, 118, 32, 0, 0, 0, 19, 197, 502, 255, 51, 0, 0, 0, 529, 383, 94, 18, 0, 0, 0, 0
111, 148, 65, 21, 7, 0, 0, 0, 18, 171, 121, 29, 13, 0, 0, 0, 241, 82, 21, 8, 0, 0, 0, 0
0, 6, 43, 122, 160, 120, 144, 429, 0, 0, 8, 60, 125, 154, 162, 515, 0, 10, 47, 110, 165, 120, 222, 350
3, 55, 100, 62, 38, 67, 229, 470, 0, 2, 42, 110, 65, 40, 86, 679, 6, 69, 90, 57, 29, 56, 223, 494
10, 184, 178, 152, 107, 100, 132, 161, 0, 8, 116, 188, 178, 123, 117, 294, 43, 145, 169, 150, 112, 102, 162, 141
5, 76, 106, 89, 108, 122, 191, 327, 0, 2, 40, 107, 116, 121, 135, 503, 7, 67, 106, 91, 104, 130, 244, 275
90, 269, 185, 152, 73, 72, 99, 84, 0, 36, 228, 198, 193, 104, 75, 190, 98, 255, 195, 138, 74, 70, 129, 65
157, 369, 160, 151, 63, 28, 90, 6, 0, 42, 270, 308, 176, 94, 48, 86, 136, 357, 212, 132, 58, 36, 86, 7
167, 286, 228, 147, 69, 55, 71, 1, 1, 82, 279, 247, 179, 103, 68, 65, 164, 294, 242, 133, 63, 56, 69, 3
158, 380, 198, 122, 71, 70, 24, 1, 1, 114, 369, 220, 143, 79, 72, 26, 218, 367, 191, 100, 57, 61, 29, 1
220, 370, 192, 130, 62, 39, 11, 0, 6, 209, 334, 218, 131, 87, 29, 10, 316, 349, 173, 102, 52, 22, 10, 0
194, 336, 313, 141, 34, 6, 0, 0, 9, 133, 241, 331, 234, 68, 8, 0, 250, 343, 305, 103, 23, 0, 0, 0
215, 399, 320, 83, 6, 1, 0, 0, 2, 68, 233, 359, 283, 76, 3, 0, 211, 378, 332, 99, 3, 1, 0, 0
455, 423, 132, 12, 2, 0, 0, 0, 18, 215, 402, 290, 90, 9, 0, 0, 441, 394, 165, 21, 3, 0, 0, 0
802, 180, 37, 5, 0, 0, 0, 0, 284, 514, 170, 44, 12, 0, 0, 0, 863, 126, 28, 7, 0, 0, 0, 0
779, 197, 39, 8, 1, 0, 0, 0, 469, 384, 134, 30, 7, 0, 0, 0, 859, 136, 26, 3, 0, 0, 0, 0
660, 244, 95, 25, 0, 0, 0, 0, 330, 386, 184, 63, 45, 16, 0, 0, 764, 151, 79, 29, 1, 0, 0, 0
517, 322, 165, 20, 0, 0, 0, 0, 163, 301, 268, 161, 119, 12, 0, 0, 624, 218, 142, 40, 0, 0, 0, 0
557, 367, 91, 5, 4, 0, 0, 0, 206, 286, 321, 166, 41, 4, 0, 0, 652, 296, 62, 12, 2, 0, 0, 0
647, 327, 43, 7, 0, 0, 0, 0, 240, 446, 274, 56, 8, 0, 0, 0, 818, 181, 22, 3, 0, 0, 0, 0
444, 424, 117, 33, 6, 0, 0, 0, 118, 439, 365, 72, 27, 3, 0, 0, 709, 260, 43, 12, 0, 0, 0, 0
633, 251, 123, 15, 2, 0, 0, 0, 484, 327, 160, 50, 3, 0, 0, 0, 864, 143, 16, 1, 0, 0, 0, 0
593, 314, 98, 19, 0, 0, 0, 0, 450, 290, 194, 87, 3, 0, 0, 0, 794, 170, 58, 2, 0, 0, 0, 0
123, 210, 297, 224, 111, 51, 8, 0, 105, 194, 280, 258, 121, 56, 10, 0, 383, 314, 201, 85, 40, 1, 0, 0
43, 97, 145, 56, 11, 0, 0, 0, 18, 91, 133, 90, 20, 0, 0, 0, 148, 146, 50, 8, 0, 0, 0, 0
1, 40, 140, 162, 137, 101, 177, 266, 0, 0, 14, 122, 181, 166, 118, 423, 2, 35, 133, 173, 132, 101, 223, 225
6, 202, 186, 148, 95, 78, 130, 179, 0, 3, 109, 231, 175, 124, 88, 294, 30, 198, 174, 140, 92, 75, 137, 178
24, 252, 283, 215, 89, 42, 94, 25, 0, 1, 125, 274, 307, 145, 67, 105, 18, 227, 316, 216, 88, 44, 88, 27
42, 298, 237, 181, 73, 45, 134, 14, 0, 20, 197, 284, 223, 105, 63, 132, 60, 276, 260, 171, 66, 36, 138, 17
87, 258, 267, 165, 80, 60, 93, 14, 4, 53, 209, 265, 209, 111, 72, 101, 95, 269, 262, 152, 73, 57, 102, 14
253, 411, 263, 58, 19, 6, 11, 3, 4, 137, 328, 365, 138, 25, 11, 16, 228, 423, 265, 63, 20, 10, 12, 3
294, 512, 188, 24, 6, 0, 0, 0, 6, 166, 413, 373, 52, 14, 0, 0, 317, 497, 183, 24, 3, 0, 0, 0
301, 448, 204, 68, 3, 0, 0, 0, 0, 209, 421, 266, 108, 20, 0, 0, 368, 411, 180, 63, 2, 0, 0, 0
324, 468, 201, 28, 3, 0, 0, 0, 4, 232, 398, 276, 100, 13, 1, 0, 405, 421, 165, 29, 4, 0, 0, 0
375, 409, 190, 47, 3, 0, 0, 0, 7, 242, 358, 268, 122, 26, 1, 0, 448, 356, 177, 40, 3, 0, 0, 0
317, 452, 198, 49, 8, 0, 0, 0, 7, 115, 385, 325, 146, 40, 6, 0, 333, 426, 198, 57, 10, 0, 0, 0
644, 274, 88, 18, 0, 0, 0, 0, 152, 400, 281, 121, 60, 10, 0, 0, 673, 239, 87, 24, 1, 0, 0, 0
541, 304, 164, 15, 0, 0, 0, 0, 166, 299, 228, 206, 114, 11, 0, 0, 584, 253, 169, 18, 0, 0, 0, 0
691, 247, 71, 15, 0, 0, 0, 0, 278, 405, 217, 104, 15, 5, 0, 0, 773, 193, 45, 11, 2, 0, 0, 0
514, 288, 160, 60, 2, 0, 0, 0, 177, 308, 221, 170, 87, 61, 0, 0, 575, 245, 122, 75, 7, 0, 0, 0
335, 446, 217, 25, 1, 0, 0, 0, 66, 113, 272, 376, 173, 23, 1, 0, 357, 382, 244, 40, 1, 0, 0, 0
682, 211, 110, 21, 0, 0, 0, 0, 410, 261, 132, 112, 81, 28, 0, 0, 724, 145, 116, 39, 0, 0, 0, 0
887, 130, 7, 0, 0, 0, 0, 0, 463, 432, 98, 31, 0, 0, 0, 0, 953, 63, 8, 0, 0, 0, 0, 0
715, 229, 76, 4, 0, 0, 0, 0, 327, 398, 186, 106, 7, 0, 0, 0, 879, 142, 3, 0, 0, 0, 0, 0
869, 115, 38, 2, 0, 0, 0, 0, 755, 148, 86, 33, 2, 0, 0, 0, 967, 56, 1, 0, 0, 0, 0, 0
638, 198, 90, 78, 20, 0, 0, 0, 530, 209, 137, 107, 38, 3, 0, 0, 778, 151, 84, 11, 0, 0, 0, 0
16, 145, 310, 337, 188, 25, 3, 0, 18, 118, 278, 355, 211, 38, 6, 0, 295, 343, 284, 87, 15, 0, 0, 0
12, 129, 150, 58, 3, 0, 0, 0, 22, 71, 165, 89, 5, 0, 0, 0, 173, 162, 15, 2, 0, 0, 0, 0
46, 291, 288, 157, 89, 65, 78, 10, 0, 15, 196, 354, 200, 103, 73, 83, 52, 268, 313, 145, 89, 64, 76, 17
39, 349, 359, 151, 42, 38, 40, 6, 1, 15, 165, 426, 262, 69, 44, 42, 37, 329, 388, 143, 43, 37, 36, 11
98, 413, 321, 116, 37, 27, 12, 0, 2, 38, 281, 387, 220, 56, 25, 15, 89, 387, 355, 120, 34, 27, 12, 0
134, 458, 198, 80, 54, 56, 42, 2, 4, 74, 338, 320, 116, 63, 60, 49, 141, 441, 204, 85, 50, 51, 50, 2
115, 389, 280, 116, 63, 36, 23, 2, 3, 68, 295, 376, 144, 70, 42, 26, 139, 379, 272, 117, 57, 35, 22, 3
113, 390, 305, 119, 68, 21, 8, 0, 2, 77, 330, 354, 151, 81, 20, 9, 149, 395, 287, 109, 61, 17, 6, 0
172, 356, 288, 104, 63, 32, 9, 0, 8, 92, 342, 352, 118, 67, 35, 10, 176, 390, 268, 100, 56, 29, 5, 0
161, 360, 258, 135, 60, 20, 23, 7, 4, 130, 315, 302, 153, 68, 21, 31, 206, 339, 271, 109, 50, 20, 20, 9
229, 379, 259, 99, 42, 14, 2, 0, 3, 171, 368, 278, 134, 49, 17, 4, 308, 352, 231, 86, 40, 5, 2, 0
206, 400, 304, 85, 23, 5, 1, 0, 2, 158, 342, 301, 173, 41, 6, 1, 299, 391, 259, 53, 20, 1, 1, 0
163, 405, 334, 110, 12, 0, 0, 0, 1, 43, 273, 417, 243, 44, 3, 0, 213, 432, 297, 77, 5, 0, 0, 0
254, 433, 242, 82, 13, 0, 0, 0, 7, 134, 292, 334, 203, 45, 9, 0, 302, 407, 241, 61, 13, 0, 0, 0
400, 421, 170, 31, 2, 0, 0, 0, 15, 244, 407, 250, 96, 11, 1, 0, 490, 351, 156, 26, 1, 0, 0, 0
344, 422, 225, 32, 1, 0, 0, 0, 26, 212, 285, 284, 184, 32, 1, 0, 401, 367, 216, 39, 1, 0, 0, 0
575, 306, 122, 21, 0, 0, 0, 0, 205, 309, 262, 174, 63, 11, 0, 0, 663, 244, 102, 15, 0, 0, 0, 0
403, 418, 193, 10, 0, 0, 0, 0, 89, 210, 330, 236, 147, 12, 0, 0, 519, 303, 177, 25, 0, 0, 0, 0
566, 397, 55, 6, 0, 0, 0, 0, 146, 350, 302, 184, 39, 3, 0, 0, 652, 321, 43, 7, 1, 0, 0, 0
702, 263, 58, 1, 0, 0, 0, 0, 302, 354, 224, 109, 35, 0, 0, 0, 794, 168, 62, 0, 0, 0, 0, 0
771, 190, 50, 10, 3, 0, 0, 0, 524, 358, 89, 43, 9, 1, 0, 0, 903, 92, 23, 5, 1, 0, 0, 0
597, 342, 68, 17, 0, 0, 0, 0, 413, 277, 221, 99, 14, 0, 0, 0, 788, 211, 25, 0, 0, 0, 0, 0
537, 357, 105, 23, 2, 0, 0, 0, 314, 352, 273, 75, 10, 0, 0, 0, 806, 191, 26, 1, 0, 0, 0, 0
210, 247, 254, 221, 81, 11, 0, 0, 114, 178, 314, 243, 151, 20, 4, 0, 460, 312, 194, 53, 5, 0, 0, 0
16, 152, 139, 38, 7, 0, 0, 0, 0, 92, 196, 59, 5, 0, 0, 0, 176, 155, 19, 2, 0, 0, 0, 0
145, 612, 203, 39, 14, 8, 2, 1, 0, 39, 483, 373, 97, 13, 13, 6, 93, 573, 277, 52, 16, 8, 4, 1
92, 436, 390, 105, 0, 0, 1, 0, 0, 14, 249, 371, 315, 74, 0, 1, 62, 394, 376, 183, 8, 0, 1, 0
268, 462, 216, 63, 8, 3, 2, 2, 3, 220, 401, 256, 108, 28, 4, 4, 279, 441, 221, 68, 8, 3, 2, 2
332, 503, 147, 29, 8, 3, 0, 2, 4, 283, 489, 189, 44, 9, 3, 3, 369, 476, 143, 24, 8, 1, 2, 1
315, 553, 121, 27, 4, 3, 1, 0, 4, 253, 566, 158, 33, 6, 3, 1, 383, 501, 108, 25, 4, 2, 1, 0
305, 545, 139, 19, 8, 4, 4, 0, 1, 245, 544, 176, 40, 9, 4, 5, 369, 494, 122, 24, 7, 5, 3, 0
394, 506, 96, 19, 5, 3, 1, 0, 3, 419, 468, 101, 23, 5, 4, 1, 552, 386, 64, 14, 4, 3, 1, 0
320, 482, 86, 70, 62, 4, 0, 0, 4, 338, 440, 97, 60, 62, 23, 0, 453, 380, 67, 71, 53, 0, 0, 0
316, 441, 104, 87, 63, 13, 0, 0, 6, 280, 441, 114, 84, 81, 18, 0, 410, 378, 101, 88, 45, 2, 0, 0
320, 452, 115, 93, 38, 6, 0, 0, 2, 299, 448, 112, 94, 59, 10, 0, 441, 373, 111, 83, 15, 1, 0, 0
380, 423, 171, 45, 5, 0, 0, 0, 5, 299, 385, 200, 112, 22, 1, 0, 479, 351, 149, 43, 2, 0, 0, 0
192, 480, 306, 41, 5, 0, 0, 0, 0, 51, 226, 470, 237, 37, 3, 0, 214, 476, 289, 43, 2, 0, 0, 0
450, 413, 143, 18, 0, 0, 0, 0, 17, 268, 426, 229, 76, 8, 0, 0, 497, 367, 140, 19, 1, 0, 0, 0
324, 441, 217, 39, 3, 0, 0, 0, 17, 122, 347, 345, 166, 25, 2, 0, 346, 417, 214, 43, 4, 0, 0, 0
485, 337, 155, 39, 7, 1, 0, 0, 105, 259, 313, 214, 105, 27, 1, 0, 546, 295, 129, 45, 8, 1, 0, 0
393, 446, 170, 13, 2, 0, 0, 0, 62, 244, 317, 271, 127, 3, 0, 0, 480, 380, 152, 12, 0, 0, 0, 0
689, 268, 60, 7, 0, 0, 0, 0, 162, 508, 265, 69, 20, 0, 0, 0, 819, 164, 36, 5, 0, 0, 0, 0
828, 185, 11, 0, 0, 0, 0, 0, 299, 645, 72, 8, 0, 0, 0, 0, 981, 40, 3, 0, 0, 0, 0, 0
695, 248, 68, 13, 0, 0, 0, 0, 557, 274, 122, 68, 3, 0, 0, 0, 859, 135, 29, 1, 0, 0, 0, 0
551, 407, 66, 0, 0, 0, 0, 0, 361, 312, 275, 76, 0, 0, 0, 0, 804, 214, 6, 0, 0, 0, 0, 0
482, 499, 39, 4, 0, 0, 0, 0, 107, 367, 435, 112, 3, 0, 0, 0, 682, 334, 8, 0, 0, 0, 0, 0
458, 284, 145, 76, 41, 14, 6, 0, 298, 259, 300, 104, 43, 16, 4, 0, 707, 207, 61, 33, 14, 2, 0, 0
172, 153, 23, 4, 0, 0, 0, 0, 52, 208, 84, 8, 0, 0, 0, 0, 306, 45, 1, 0, 0, 0, 0, 0
1, 58, 206, 241, 135, 104, 129, 150, 0, 0, 7, 138, 272, 205, 128, 274, 0, 35, 173, 258, 155, 111, 158, 134
3, 89, 285, 214, 120, 96, 142, 75, 0, 0, 34, 183, 312, 177, 122, 196, 0, 70, 254, 253, 128, 107, 144, 68
17, 193, 390, 256, 77, 50, 33, 8, 0, 3, 100, 342, 365, 117, 59, 38, 26, 192, 398, 241, 74, 50, 35, 8
89, 391, 277, 142, 56, 31, 27, 11, 0, 45, 295, 333, 191, 87, 35, 38, 106, 371, 280, 148, 55, 27, 28, 9
102, 377, 325, 152, 50, 10, 6, 2, 0, 61, 342, 334, 200, 60, 17, 10, 131, 418, 296, 119, 44, 9, 5, 2
94, 460, 256, 116, 61, 8, 15, 14, 0, 49, 324, 330, 186, 88, 17, 30, 122, 422, 255, 127, 60, 10, 15, 13
157, 475, 177, 109, 72, 22, 9, 3, 0, 73, 423, 264, 119, 91, 39, 15, 192, 444, 173, 116, 67, 18, 8, 6
207, 620, 156, 24, 9, 4, 3, 1, 0, 54, 554, 350, 43, 12, 7, 4, 223, 611, 148, 25, 11, 2, 3, 1
486, 455, 67, 12, 1, 3, 0, 0, 0, 367, 549, 84, 20, 1, 3, 0, 592, 368, 51, 9, 1, 3, 0, 0
243, 501, 185, 55, 19, 16, 4, 1, 3, 165, 470, 257, 79, 24, 18, 8, 322, 444, 165, 54, 19, 16, 3, 1
329, 430, 185, 68, 10, 2, 0, 0, 7, 234, 417, 224, 116, 23, 2, 1, 394, 384, 173, 62, 9, 2, 0, 0
171, 435, 306, 106, 6, 0, 0, 0, 2, 111, 338, 338, 188, 47, 0, 0, 258, 434, 252, 79, 1, 0, 0, 0
174, 462, 311, 75, 2, 0, 0, 0, 5, 84, 289, 402, 210, 33, 1, 0, 254, 448, 258, 62, 2, 0, 0, 0
217, 445, 311, 51, 0, 0, 0, 0, 1, 82, 254, 378, 283, 26, 0, 0, 258, 412, 301, 52, 1, 0, 0, 0
409, 445, 155, 14, 1, 0, 0, 0, 29, 214, 386, 313, 78, 4, 0, 0, 495, 392, 125, 12, 0, 0, 0, 0
462, 461, 94, 7, 0, 0, 0, 0, 35, 226, 429, 260, 72, 2, 0, 0, 527, 393, 96, 8, 0, 0, 0, 0
681, 291, 49, 3, 0, 0, 0, 0, 133, 490, 316, 65, 20, 0, 0, 0, 832, 158, 29, 5, 0, 0, 0, 0
659, 340, 24, 1, 0, 0, 0, 0, 166, 554, 206, 90, 8, 0, 0, 0, 798, 206, 20, 0, 0, 0, 0, 0
384, 423, 180, 29, 5, 3, 0, 0, 239, 324, 291, 140, 23, 6, 1, 0, 664, 281, 68, 8, 3, 0, 0, 0
699, 237, 87, 1, 0, 0, 0, 0, 627, 146, 110, 141, 0, 0, 0, 0, 813, 187, 24, 0, 0, 0, 0, 0
506, 436, 66, 12, 4, 0, 0, 0, 117, 413, 413, 73, 8, 0, 0, 0, 750, 253, 18, 3, 0, 0, 0, 0
450, 347, 97, 111, 19, 0, 0, 0, 197, 306, 356, 115, 44, 6, 0, 0, 679, 248, 71, 22, 4, 0, 0, 0
69, 164, 76, 36, 5, 2, 0, 0, 21, 169, 115, 39, 5, 3, 0, 0, 239, 82, 23, 6, 2, 0, 0, 0
0, 1, 6, 61, 84, 131, 322, 419, 0, 0, 2, 12, 76, 86, 207, 641, 0, 1, 11, 67, 81, 137, 406, 321
0, 4, 50, 101, 150, 171, 292, 256, 0, 1, 10, 67, 115, 170, 189, 472, 0, 8, 59, 113, 146, 164, 352, 182
0, 24, 113, 178, 144, 150, 239, 176, 0, 0, 28, 122, 196, 152, 165, 361, 2, 36, 137, 183, 128, 148, 268, 122
0, 17, 134, 213, 155, 147, 235, 123, 0, 0, 16, 134, 231, 153, 187, 303, 0, 32, 163, 203, 133, 152, 248, 93
1, 23, 174, 234, 142, 120, 186, 144, 0, 1, 20, 165, 250, 160, 150, 278, 3, 38, 217, 209, 127, 117, 206, 107
2, 73, 216, 156, 77, 67, 135, 298, 0, 4, 62, 205, 170, 90, 90, 403, 5, 97, 224, 131, 72, 77, 212, 206
12, 82, 222, 188, 114, 90, 165, 151, 0, 11, 47, 192, 221, 138, 116, 299, 17, 88, 227, 167, 117, 90, 187, 131
53, 376, 431, 113, 28, 11, 11, 1, 0, 14, 192, 425, 308, 54, 17, 14, 55, 356, 420, 137, 33, 12, 10, 1
177, 459, 279, 85, 20, 4, 0, 0, 1, 103, 386, 340, 160, 28, 5, 1, 229, 412, 279, 83, 17, 3, 1, 0
153, 472, 291, 97, 9, 2, 0, 0, 3, 85, 362, 423, 134, 14, 3, 0, 176, 484, 286, 68, 9, 1, 0, 0
233, 407, 306, 73, 5, 0, 0, 0, 8, 206, 375, 325, 102, 8, 0, 0, 287, 427, 262, 45, 3, 0, 0, 0
162, 305, 359, 177, 17, 4, 0, 0, 23, 153, 332, 324, 169, 20, 2, 1, 261, 374, 304, 77, 5, 3, 0, 0
44, 297, 481, 182, 19, 1, 0, 0, 0, 21, 195, 450, 293, 60, 5, 0, 109, 417, 402, 87, 9, 0, 0, 0
159, 464, 314, 84, 3, 0, 0, 0, 1, 55, 227, 429, 255, 56, 1, 0, 173, 431, 312, 102, 6, 0, 0, 0
455, 383, 161, 23, 1, 1, 0, 0, 47, 289, 361, 240, 77, 9, 1, 0, 533, 333, 134, 21, 3, 0, 0, 0
424, 500, 100, 0, 0, 0, 0, 0, 11, 192, 467, 290, 62, 2, 0, 0, 468, 437, 115, 4, 0, 0, 0, 0
502, 462, 58, 2, 0, 0, 0, 0, 80, 227, 442, 254, 20, 1, 0, 0, 598, 379, 46, 1, 0, 0, 0, 0
758, 220, 45, 1, 0, 0, 0, 0, 246, 465, 222, 84, 7, 0, 0, 0, 810, 169, 45, 0, 0, 0, 0, 0
792, 205, 20, 6, 1, 0, 0, 0, 605, 334, 70, 13, 1, 1, 0, 0, 935, 74, 13, 1, 1, 0, 0, 0
891, 111, 18, 4, 0, 0, 0, 0, 852, 130, 28, 14, 0, 0, 0, 0, 986, 34, 4, 0, 0, 0, 0, 0
406, 387, 192, 32, 6, 1, 0, 0, 246, 348, 242, 167, 15, 6, 0, 0, 693, 255, 62, 12, 2, 0, 0, 0
484, 314, 141, 69, 13, 3, 0, 0, 354, 358, 211, 83, 15, 3, 0, 0, 787, 191, 34, 10, 2, 0, 0, 0
43, 153, 80, 48, 17, 7, 4, 0, 22, 115, 120, 53, 29, 8, 5, 0, 180, 103, 44, 15, 6, 4, 0, 0
0, 1, 35, 85, 87, 119, 266, 431, 0, 0, 4, 49, 97, 97, 169, 608, 0, 2, 39, 90, 84, 126, 354, 329
0, 5, 69, 84, 101, 133, 324, 308, 0, 0, 12, 71, 98, 105, 207, 531, 1, 11, 74, 83, 92, 137, 362, 264
0, 1, 6, 30, 65, 147, 435, 340, 0, 0, 2, 9, 37, 96, 245, 635, 0, 2, 9, 28, 66, 157, 493, 269
0, 0, 24, 58, 109, 165, 361, 307, 0, 0, 0, 39, 67, 124, 243, 551, 0, 0, 30, 64, 112, 178, 428, 212
0, 5, 21, 46, 88, 153, 351, 360, 0, 2, 10, 26, 57, 114, 219, 596, 1, 7, 23, 51, 94, 162, 445, 241
0, 13, 31, 49, 82, 128, 332, 389, 0, 4, 13, 28, 55, 102, 171, 651, 5, 13, 29, 50, 83, 135, 416, 293
0, 1, 22, 64, 79, 147, 307, 404, 0, 0, 0, 17, 55, 92, 202, 658, 0, 0, 15, 54, 78, 156, 411, 310
27, 160, 210, 169, 143, 118, 148, 49, 0, 5, 64, 181, 232, 189, 155, 198, 20, 119, 199, 191, 159, 130, 153, 53
185, 427, 284, 83, 38, 7, 0, 0, 0, 75, 257, 436, 182, 57, 14, 3, 151, 373, 355, 95, 42, 8, 0, 0
181, 426, 255, 117, 38, 5, 2, 0, 2, 86, 345, 334, 196, 53, 8, 0, 194, 422, 278, 108, 22, 0, 0, 0
191, 433, 273, 111, 16, 0, 0, 0, 0, 73, 331, 380, 169, 63, 8, 0, 208, 424, 281, 94, 17, 0, 0, 0
160, 370, 333, 133, 27, 1, 0, 0, 1, 89, 292, 338, 228, 69, 7, 0, 227, 386, 295, 98, 18, 0, 0, 0
74, 331, 484, 131, 4, 0, 0, 0, 0, 16, 171, 369, 393, 74, 1, 0, 119, 341, 441, 119, 4, 0, 0, 0
147, 416, 356, 98, 7, 0, 0, 0, 0, 32, 219, 409, 295, 66, 3, 0, 185, 404, 324, 104, 7, 0, 0, 0
247, 427, 301, 42, 5, 2, 0, 0, 4, 124, 262, 352, 246, 31, 5, 0, 288, 370, 299, 62, 4, 1, 0, 0
403, 495, 115, 11, 0, 0, 0, 0, 25, 160, 430, 307, 93, 9, 0, 0, 442, 429, 138, 15, 0, 0, 0, 0
492, 438, 85, 9, 0, 0, 0, 0, 32, 252, 442, 213, 81, 4, 0, 0, 510, 400, 101, 13, 0, 0, 0, 0
895, 107, 21, 1, 0, 0, 0, 0, 632, 279, 64, 41, 8, 0, 0, 0, 932, 66, 24, 2, 0, 0, 0, 0
988, 36, 0, 0, 0, 0, 0, 0, 812, 210, 2, 0, 0, 0, 0, 0, 1020, 4, 0, 0, 0, 0, 0, 0
978, 28, 9, 8, 1, 0, 0, 0, 971, 32, 11, 8, 2, 0, 0, 0, 999, 14, 8, 3, 0, 0, 0, 0
675, 145, 123, 66, 15, 0, 0, 0, 613, 169, 122, 100, 19, 1, 0, 0, 802, 147, 66, 9, 0, 0, 0, 0
149, 255, 362, 212, 45, 1, 0, 0, 116, 202, 372, 275, 54, 5, 0, 0, 450, 394, 165, 15, 0, 0, 0, 0
128, 127, 59, 34, 4, 0, 0, 0, 82, 116, 116, 35, 3, 0, 0, 0, 251, 78, 21, 2, 0, 0, 0, 0
0, 10, 39, 89, 107, 101, 227, 451, 0, 0, 19, 53, 94, 101, 150, 607, 0, 17, 43, 80, 109, 102, 287, 386
1, 18, 86, 116, 122, 207, 315, 159, 0, 2, 18, 79, 127, 137, 241, 420, 2, 13, 81, 115, 123, 194, 351, 145
0, 8, 34, 80, 109, 179, 338, 276, 0, 1, 9, 35, 92, 122, 237, 528, 1, 8, 34, 86, 96, 170, 401, 228
6, 32, 131, 180, 180, 175, 222, 98, 1, 3, 33, 103, 186, 206, 214, 278, 5, 37, 123, 183, 179, 169, 232, 96
8, 70, 145, 182, 187, 199, 191, 42, 0, 7, 54, 121, 181, 224, 224, 213, 9, 69, 142, 171, 192, 197, 198, 46
61, 179, 277, 194, 128, 107, 71, 7, 1, 42, 136, 232, 254, 159, 121, 79, 68, 170, 268, 200, 127, 110, 70, 11
108, 242, 290, 210, 117, 37, 17, 3, 2, 62, 211, 275, 259, 130, 62, 23, 109, 258, 277, 203, 125, 33, 17, 2
242, 362, 236, 118, 43, 23, 0, 0, 12, 192, 337, 269, 143, 47, 24, 0, 274, 353, 228, 112, 40, 17, 0, 0
178, 276, 296, 186, 61, 20, 6, 1, 6, 105, 257, 296, 242, 82, 26, 10, 170, 285, 302, 184, 54, 22, 6, 1
345, 392, 208, 69, 9, 1, 0, 0, 21, 267, 353, 251, 105, 24, 3, 0, 396, 365, 195, 60, 8, 0, 0, 0
197, 350, 293, 159, 25, 0, 0, 0, 0, 72, 291, 297, 264, 93, 7, 0, 216, 330, 302, 154, 22, 0, 0, 0
216, 439, 278, 79, 12, 0, 0, 0, 4, 115, 299, 343, 195, 61, 7, 0, 268, 418, 251, 73, 14, 0, 0, 0
247, 406, 281, 84, 6, 0, 0, 0, 4, 138, 298, 334, 176, 71, 3, 0, 309, 383, 227, 98, 7, 0, 0, 0
196, 485, 286, 55, 2, 0, 0, 0, 1, 75, 273, 401, 227, 45, 2, 0, 250, 455, 256, 61, 2, 0, 0, 0
342, 477, 184, 20, 1, 0, 0, 0, 13, 130, 336, 402, 131, 12, 0, 0, 398, 443, 167, 15, 1, 0, 0, 0
527, 409, 81, 5, 2, 0, 0, 0, 29, 192, 495, 240, 61, 7, 0, 0, 602, 337, 75, 9, 1, 0, 0, 0
859, 142, 23, 0, 0, 0, 0, 0, 220, 549, 205, 32, 16, 2, 0, 0, 905, 90, 24, 5, 0, 0, 0, 0
934, 81, 9, 0, 0, 0, 0, 0, 687, 227, 82, 24, 4, 0, 0, 0, 962, 54, 8, 0, 0, 0, 0, 0
984, 40, 0, 0, 0, 0, 0, 0, 828, 185, 11, 0, 0, 0, 0, 0, 1011, 13, 0, 0, 0, 0, 0, 0
970, 53, 1, 0, 0, 0, 0, 0, 908, 102, 14, 0, 0, 0, 0, 0, 1007, 17, 0, 0, 0, 0, 0, 0
534, 274, 145, 50, 21, 0, 0, 0, 548, 248, 127, 72, 26, 3, 0, 0, 805, 138, 64, 16, 1, 0, 0, 0
111, 391, 336, 153, 22, 7, 4, 0, 87, 299, 375, 207, 48, 5, 3, 0, 552, 338, 108, 21, 4, 1, 0, 0
121, 169, 55, 7, 0, 0, 0, 0, 99, 172, 73, 8, 0, 0, 0, 0, 300, 50, 2, 0, 0, 0, 0, 0
12, 88, 184, 141, 100, 86, 170, 243, 0, 15, 94, 182, 149, 101, 106, 377, 21, 93, 187, 131, 96, 85, 219, 192
18, 206, 306, 136, 79, 71, 123, 85, 1, 23, 140, 287, 196, 98, 79, 200, 36, 222, 256, 144, 81, 73, 137, 75
28, 209, 323, 121, 75, 66, 105, 97, 1, 27, 180, 288, 175, 87, 80, 186, 37, 228, 288, 126, 80, 70, 123, 72
54, 292, 430, 133, 71, 26, 16, 2, 0, 52, 229, 395, 196, 94, 31, 27, 70, 292, 409, 132, 75, 26, 15, 5
63, 282, 410, 157, 58, 32, 21, 1, 10, 68, 307, 332, 159, 75, 47, 26, 95, 331, 344, 129, 61, 36, 26, 2
63, 286, 469, 183, 16, 4, 3, 0, 2, 43, 271, 495, 181, 22, 4, 6, 72, 307, 488, 137, 12, 5, 3, 0
111, 352, 409, 132, 20, 0, 0, 0, 6, 98, 354, 408, 138, 18, 2, 0, 155, 376, 384, 99, 10, 0, 0, 0
188, 241, 341, 225, 28, 1, 0, 0, 37, 158, 244, 378, 185, 21, 1, 0, 218, 275, 354, 160, 16, 1, 0, 0
187, 270, 316, 223, 26, 2, 0, 0, 29, 161, 280, 372, 157, 20, 5, 0, 220, 295, 351, 139, 18, 1, 0, 0
259, 189, 332, 235, 9, 0, 0, 0, 27, 241, 162, 392, 192, 10, 0, 0, 282, 206, 359, 170, 7, 0, 0, 0
201, 195, 319, 292, 17, 0, 0, 0, 49, 152, 154, 355, 295, 19, 0, 0, 232, 191, 358, 232, 11, 0, 0, 0
112, 208, 351, 324, 29, 0, 0, 0, 10, 107, 115, 309, 419, 60, 4, 0, 151, 196, 379, 282, 16, 0, 0, 0
34, 260, 465, 245, 20, 0, 0, 0, 0, 6, 64, 312, 509, 125, 8, 0, 39, 287, 464, 220, 14, 0, 0, 0
166, 502, 320, 35, 1, 0, 0, 0, 0, 16, 206, 533, 239, 30, 0, 0, 173, 494, 316, 39, 2, 0, 0, 0
373, 513, 131, 7, 0, 0, 0, 0, 2, 115, 465, 353, 87, 2, 0, 0, 453, 447, 118, 6, 0, 0, 0, 0
640, 308, 74, 2, 0, 0, 0, 0, 33, 441, 335, 168, 46, 1, 0, 0, 703, 239, 78, 4, 0, 0, 0, 0
882, 128, 14, 0, 0, 0, 0, 0, 290, 577, 118, 32, 7, 0, 0, 0, 933, 78, 13, 0, 0, 0, 0, 0
875, 131, 18, 0, 0, 0, 0, 0, 556, 308, 117, 42, 1, 0, 0, 0, 908, 96, 20, 0, 0, 0, 0, 0
1001, 23, 0, 0, 0, 0, 0, 0, 918, 102, 4, 0, 0, 0, 0, 0, 1017, 7, 0, 0, 0, 0, 0, 0
956, 61, 6, 1, 0, 0, 0, 0, 833, 146, 39, 5, 1, 0, 0, 0, 991, 31, 2, 0, 0, 0, 0, 0
528, 247, 152, 92, 5, 0, 0, 0, 487, 262, 154, 106, 15, 0, 0, 0, 763, 158, 99, 4, 0, 0, 0, 0
248, 408, 265, 98, 5, 0, 0, 0, 243, 384, 296, 97, 4, 0, 0, 0, 688, 272, 63, 1, 0, 0, 0, 0
163, 106, 46, 21, 15, 1, 0, 0, 170, 99, 45, 21, 15, 2, 0, 0, 280, 41, 17, 14, 0, 0, 0, 0
5, 109, 215, 71, 32, 46, 150, 396, 0, 12, 142, 206, 59, 24, 101, 480, 10, 164, 189, 50, 26, 64, 231, 290
23, 189, 276, 109, 59, 66, 140, 162, 0, 29, 151, 272, 131, 83, 80, 278, 36, 219, 244, 106, 56, 63, 161, 139
21, 161, 281, 131, 95, 97, 97, 141, 1, 27, 176, 246, 148, 111, 99, 216, 34, 196, 252, 114, 107, 89, 124, 108
61, 203, 256, 135, 87, 74, 91, 117, 2, 46, 171, 247, 183, 97, 78, 200, 62, 194, 250, 150, 86, 74, 118, 90
193, 298, 303, 133, 36, 25, 23, 13, 20, 151, 247, 311, 175, 52, 28, 40, 204, 282, 298, 138, 37, 26, 26, 13
332, 352, 185, 94, 52, 7, 2, 0, 27, 223, 337, 237, 115, 61, 19, 5, 305, 363, 189, 98, 55, 9, 5, 0
325, 431, 209, 51, 7, 1, 0, 0, 13, 239, 428, 264, 66, 12, 2, 0, 331, 434, 202, 48, 9, 0, 0, 0
359, 390, 193, 68, 13, 1, 0, 0, 42, 324, 364, 199, 78, 15, 2, 0, 416, 357, 172, 68, 10, 1, 0, 0
608, 303, 73, 31, 9, 0, 0, 0, 165, 522, 236, 64, 28, 8, 1, 0, 693, 231, 70, 22, 8, 0, 0, 0
457, 391, 153, 20, 2, 1, 0, 0, 33, 433, 340, 168, 46, 3, 1, 0, 525, 343, 133, 20, 2, 1, 0, 0
383, 484, 143, 13, 1, 0, 0, 0, 11, 238, 458, 253, 59, 5, 0, 0, 425, 438, 148, 12, 1, 0, 0, 0
422, 414, 156, 27, 5, 0, 0, 0, 36, 349, 333, 228, 66, 11, 1, 0, 518, 340, 140, 23, 3, 0, 0, 0
281, 466, 243, 34, 0, 0, 0, 0, 23, 145, 336, 332, 173, 15, 0, 0, 334, 424, 238, 28, 0, 0, 0, 0
315, 538, 160, 11, 0, 0, 0, 0, 2, 73, 424, 425, 96, 4, 0, 0, 347, 503, 167, 7, 0, 0, 0, 0
498, 415, 99, 12, 0, 0, 0, 0, 51, 208, 399, 272, 85, 9, 0, 0, 531, 376, 97, 20, 0, 0, 0, 0
667, 319, 36, 2, 0, 0, 0, 0, 127, 407, 339, 136, 15, 0, 0, 0, 697, 283, 40, 4, 0, 0, 0, 0
775, 227, 22, 0, 0, 0, 0, 0, 355, 370, 191, 102, 6, 0, 0, 0, 817, 175, 32, 0, 0, 0, 0, 0
878, 144, 2, 0, 0, 0, 0, 0, 518, 336, 168, 2, 0, 0, 0, 0, 888, 136, 0, 0, 0, 0, 0, 0
985, 39, 0, 0, 0, 0, 0, 0, 866, 129, 29, 0, 0, 0, 0, 0, 1010, 14, 0, 0, 0, 0, 0, 0
978, 46, 0, 0, 0, 0, 0, 0, 823, 183, 18, 0, 0, 0, 0, 0, 1012, 12, 0, 0, 0, 0, 0, 0
626, 278, 66, 44, 10, 0, 0, 0, 551, 303, 103, 47, 20, 0, 0, 0, 856, 115, 39, 14, 0, 0, 0, 0
526, 336, 101, 45, 16, 0, 0, 0, 447, 399, 115, 46, 17, 0, 0, 0, 881, 98, 44, 1, 0, 0, 0, 0
217, 107, 28, 0, 0, 0, 0, 0, 208, 112, 32, 0, 0, 0, 0, 0, 332, 20, 0, 0, 0, 0, 0, 0
8, 71, 127, 111, 86, 88, 208, 325, 0, 17, 101, 127, 106, 82, 131, 460, 29, 91, 123, 100, 76, 93, 309, 203
5, 49, 81, 89, 86, 73, 173, 468, 0, 7, 62, 81, 101, 85, 105, 583, 13, 59, 80, 89, 84, 71, 297, 331
19, 110, 130, 112, 84, 90, 198, 281, 2, 56, 114, 112, 100, 94, 124, 422, 65, 103, 109, 101, 86, 94, 241, 225
73, 62, 55, 76, 89, 94, 198, 377, 21, 84, 48, 62, 85, 89, 115, 520, 107, 39, 60, 69, 94, 89, 282, 284
180, 134, 182, 161, 128, 112, 86, 41, 71, 115, 74, 150, 184, 152, 145, 133, 193, 87, 181, 166, 131, 131, 99, 36
318, 374, 252, 72, 7, 1, 0, 0, 93, 163, 258, 305, 165, 39, 1, 0, 334, 311, 263, 99, 16, 1, 0, 0
553, 308, 138, 21, 4, 0, 0, 0, 229, 241, 322, 174, 53, 5, 0, 0, 532, 311, 148, 29, 4, 0, 0, 0
590, 280, 116, 33, 5, 0, 0, 0, 315, 241, 279, 137, 47, 4, 1, 0, 636, 253, 102, 30, 3, 0, 0, 0
611, 290, 94, 24, 5, 0, 0, 0, 347, 275, 240, 126, 33, 2, 1, 0, 682, 230, 88, 20, 4, 0, 0, 0
606, 294, 100, 21, 3, 0, 0, 0, 354, 186, 228, 202, 46, 8, 0, 0, 636, 269, 98, 19, 2, 0, 0, 0
619, 295, 98, 12, 0, 0, 0, 0, 412, 170, 267, 136, 37, 2, 0, 0, 659, 268, 84, 13, 0, 0, 0, 0
656, 244, 100, 21, 3, 0, 0, 0, 471, 142, 187, 168, 38, 18, 0, 0, 702, 213, 80, 23, 6, 0, 0, 0
770, 215, 39, 0, 0, 0, 0, 0, 508, 239, 157, 105, 15, 0, 0, 0, 830, 154, 39, 1, 0, 0, 0, 0
824, 192, 8, 0, 0, 0, 0, 0, 517, 211, 216, 78, 2, 0, 0, 0, 850, 164, 10, 0, 0, 0, 0, 0
922, 100, 2, 0, 0, 0, 0, 0, 562, 317, 136, 9, 0, 0, 0, 0, 966, 58, 0, 0, 0, 0, 0, 0
922, 99, 3, 0, 0, 0, 0, 0, 568, 348, 86, 20, 2, 0, 0, 0, 973, 49, 2, 0, 0, 0, 0, 0
949, 75, 0, 0, 0, 0, 0, 0, 731, 229, 38, 26, 0, 0, 0, 0, 972, 49, 3, 0, 0, 0, 0, 0
978, 46, 0, 0, 0, 0, 0, 0, 790, 179, 55, 0, 0, 0, 0, 0, 1008, 16, 0, 0, 0, 0, 0, 0
994, 30, 0, 0, 0, 0, 0, 0, 841, 161, 21, 1, 0, 0, 0, 0, 1013, 11, 0, 0, 0, 0, 0, 0
1006, 18, 0, 0, 0, 0, 0, 0, 923, 94, 7, 0, 0, 0, 0, 0, 1018, 6, 0, 0, 0, 0, 0, 0
1016, 8, 0, 0, 0, 0, 0, 0, 923, 101, 0, 0, 0, 0, 0, 0, 1024, 0, 0, 0, 0, 0, 0, 0
1020, 4, 0, 0, 0, 0, 0, 0, 952, 72, 0, 0, 0, 0, 0, 0, 1022, 2, 0, 0, 0, 0, 0, 0
352, 0, 0, 0, 0, 0, 0, 0, 352, 0, 0, 0, 0, 0, 0, 0, 352, 0, 0, 0, 0, 0, 0, 0
725, 292, 7, 0, 0, 0, 0, 0, 1, 993, 25, 5, 0, 0, 0, 0, 1006, 14, 4, 0, 0, 0, 0, 0
880, 137, 5, 2, 0, 0, 0, 0, 140, 860, 20, 2, 2, 0, 0, 0, 1009, 12, 1, 2, 0, 0, 0, 0
956, 68, 0, 0, 0, 0, 0, 0, 38, 986, 0, 0, 0, 0, 0, 0, 1024, 0, 0, 0, 0, 0, 0, 0
1005, 19, 0, 0, 0, 0, 0, 0, 89, 935, 0, 0, 0, 0, 0, 0, 1024, 0, 0, 0, 0, 0, 0, 0
1005, 19, 0, 0, 0, 0, 0, 0, 489, 535, 0, 0, 0, 0, 0, 0, 1024, 0, 0, 0, 0, 0, 0, 0
1021, 3, 0, 0, 0, 0, 0, 0, 887, 137, 0, 0, 0, 0, 0, 0, 1024, 0, 0, 0, 0, 0, 0, 0
1021, 3, 0, 0, 0, 0, 0, 0, 1011, 13, 0, 0, 0, 0, 0, 0, 1024, 0, 0, 0, 0, 0, 0, 0
1012, 12, 0, 0, 0, 0, 0, 0, 898, 121, 5, 0, 0, 0, 0, 0, 1019, 5, 0, 0, 0, 0, 0, 0
979, 38, 6, 1, 0, 0, 0, 0, 835, 138, 38, 12, 1, 0, 0, 0, 987, 30, 6, 1, 0, 0, 0, 0
963, 58, 2, 1, 0, 0, 0, 0, 665, 277, 68, 12, 2, 0, 0, 0, 972, 48, 3, 1, 0, 0, 0, 0
948, 65, 11, 0, 0, 0, 0, 0, 703, 244, 59, 17, 1, 0, 0, 0, 965, 50, 9, 0, 0, 0, 0, 0
944, 78, 2, 0, 0, 0, 0, 0, 611, 300, 102, 11, 0, 0, 0, 0, 971, 51, 2, 0, 0, 0, 0, 0
942, 72, 10, 0, 0, 0, 0, 0, 629, 296, 75, 20, 4, 0, 0, 0, 957, 59, 8, 0, 0, 0, 0, 0
927, 53, 33, 11, 0, 0, 0, 0, 566, 346, 49, 29, 28, 6, 0, 0, 929, 45, 28, 22, 0, 0, 0, 0
939, 67, 18, 0, 0, 0, 0, 0, 626, 309, 50, 26, 13, 0, 0, 0, 951, 47, 26, 0, 0, 0, 0, 0
975, 49, 0, 0, 0, 0, 0, 0, 495, 509, 20, 0, 0, 0, 0, 0, 1011, 13, 0, 0, 0, 0, 0, 0
1019, 5, 0, 0, 0, 0, 0, 0, 772, 252, 0, 0, 0, 0, 0, 0, 1024, 0, 0, 0, 0, 0, 0, 0
1007, 17, 0, 0, 0, 0, 0, 0, 767, 257, 0, 0, 0, 0, 0, 0, 1024, 0, 0, 0, 0, 0, 0, 0
982, 32, 9, 1, 0, 0, 0, 0, 905, 109, 9, 1, 0, 0, 0, 0, 1007, 14, 3, 0, 0, 0, 0, 0
1020, 4, 0, 0, 0, 0, 0, 0, 935, 89, 0, 0, 0, 0, 0, 0, 1024, 0, 0, 0, 0, 0, 0, 0
875, 137, 12, 0, 0, 0, 0, 0, 741, 220, 53, 10, 0, 0, 0, 0, 955, 59, 10, 0, 0, 0, 0, 0
917, 106, 1, 0, 0, 0, 0, 0, 886, 136, 2, 0, 0, 0, 0, 0, 1018, 6, 0, 0, 0, 0, 0, 0
326, 22, 4, 0, 0, 0, 0, 0, 325, 25, 2, 0, 0, 0, 0, 0, 343, 9, 0, 0, 0, 0, 0, 0
155, 5, 0, 0, 0, 0, 0, 0, 3, 157, 0, 0, 0, 0, 0, 0, 160, 0, 0, 0, 0, 0, 0, 0
127, 33, 0, 0, 0, 0, 0, 0, 6, 146, 8, 0, 0, 0, 0, 0, 148, 12, 0, 0, 0, 0, 0, 0
67, 75, 11, 5, 2, 0, 0, 0, 4, 102, 38, 9, 5, 2, 0, 0, 93, 47, 13, 4, 3, 0, 0, 0
43, 44, 13, 19, 12, 17, 10, 2, 2, 42, 46, 10, 18, 14, 17, 11, 45, 35, 17, 10, 19, 15, 16, 3
85, 64, 11, 0, 0, 0, 0, 0, 43, 41, 55, 21, 0, 0, 0, 0, 93, 57, 10, 0, 0, 0, 0, 0
107, 36, 11, 6, 0, 0, 0, 0, 55, 72, 18, 8, 7, 0, 0, 0, 122, 25, 7, 6, 0, 0, 0, 0
125, 13, 22, 0, 0, 0, 0, 0, 112, 21, 16, 11, 0, 0, 0, 0, 131, 18, 11, 0, 0, 0, 0, 0
125, 33, 2, 0, 0, 0, 0, 0, 68, 75, 17, 0, 0, 0, 0, 0, 136, 24, 0, 0, 0, 0, 0, 0
82, 56, 15, 7, 0, 0, 0, 0, 19, 51, 62, 21, 7, 0, 0, 0, 83, 58, 13, 6, 0, 0, 0, 0
73, 67, 18, 2, 0, 0, 0, 0, 15, 39, 51, 42, 12, 1, 0, 0, 68, 69, 20, 3, 0, 0, 0, 0
97, 52, 11, 0, 0, 0, 0, 0, 5, 52, 70, 31, 2, 0, 0, 0, 94, 54, 12, 0, 0, 0, 0, 0
123, 33, 4, 0, 0, 0, 0, 0, 13, 102, 37, 8, 0, 0, 0, 0, 130, 27, 3, 0, 0, 0, 0, 0
117, 39, 2, 2, 0, 0, 0, 0, 29, 64, 56, 8, 1, 2, 0, 0, 129, 27, 2, 2, 0, 0, 0, 0
101, 47, 11, 1, 0, 0, 0, 0, 1, 49, 86, 17, 7, 0, 0, 0, 86, 58, 15, 1, 0, 0, 0, 0
129, 20, 11, 0, 0, 0, 0, 0, 43, 76, 21, 11, 9, 0, 0, 0, 131, 18, 10, 1, 0, 0, 0, 0
153, 7, 0, 0, 0, 0, 0, 0, 34, 109, 17, 0, 0, 0, 0, 0, 153, 7, 0, 0, 0, 0, 0, 0
160, 0, 0, 0, 0, 0, 0, 0, 89, 71, 0, 0, 0, 0, 0, 0, 160, 0, 0, 0, 0, 0, 0, 0
160, 0, 0, 0, 0, 0, 0, 0, 152, 8, 0, 0, 0, 0, 0, 0, 160, 0, 0, 0, 0, 0, 0, 0
104, 48, 8, 0, 0, 0, 0, 0, 103, 48, 9, 0, 0, 0, 0, 0, 148, 12, 0, 0, 0, 0, 0, 0
159, 1, 0, 0, 0, 0, 0, 0, 157, 3, 0, 0, 0, 0, 0, 0, 160, 0, 0, 0, 0, 0, 0, 0
110, 40, 4, 6, 0, 0, 0, 0, 86, 53, 11, 10, 0, 0, 0, 0, 139, 12, 9, 0, 0, 0, 0, 0
114, 41, 5, 0, 0, 0, 0, 0, 110, 44, 6, 0, 0, 0, 0, 0, 154, 6, 0, 0, 0, 0, 0, 0
44, 11, 0, 0, 0, 0, 0, 0, 38, 17, 0, 0, 0, 0, 0, 0, 55, 0, 0, 0, 0, 0, 0, 0
