6, 39, 241, 253, 276, 204, 5, 0, 4, 34, 247, 277, 299, 158, 5, 0, 221, 579, 205, 19, 0, 0, 0, 0
0, 67, 466, 287, 167, 37, 0, 0, 0, 92, 450, 283, 167, 32, 0, 0, 245, 614, 160, 5, 0, 0, 0, 0
0, 40, 103, 337, 489, 55, 0, 0, 0, 47, 92, 287, 542, 56, 0, 0, 167, 736, 121, 0, 0, 0, 0, 0
0, 0, 24, 336, 437, 221, 6, 0, 0, 0, 25, 245, 513, 234, 7, 0, 194, 706, 121, 3, 0, 0, 0, 0
0, 1, 166, 644, 195, 18, 0, 0, 0, 0, 40, 583, 384, 17, 0, 0, 245, 743, 36, 0, 0, 0, 0, 0
0, 29, 283, 618, 94, 0, 0, 0, 0, 20, 195, 641, 167, 1, 0, 0, 405, 593, 26, 0, 0, 0, 0, 0
0, 79, 674, 250, 21, 0, 0, 0, 0, 2, 354, 610, 57, 1, 0, 0, 359, 635, 30, 0, 0, 0, 0, 0
0, 3, 165, 638, 215, 3, 0, 0, 0, 0, 38, 591, 363, 32, 0, 0, 309, 664, 51, 0, 0, 0, 0, 0
0, 2, 116, 337, 441, 115, 9, 4, 0, 5, 117, 303, 460, 128, 8, 3, 358, 552, 104, 8, 2, 0, 0, 0
0, 12, 78, 121, 292, 429, 90, 2, 0, 22, 95, 103, 285, 428, 90, 1, 231, 561, 219, 13, 0, 0, 0, 0
0, 0, 19, 267, 508, 214, 16, 0, 0, 0, 8, 198, 519, 274, 25, 0, 162, 759, 101, 2, 0, 0, 0, 0
0, 2, 221, 613, 188, 0, 0, 0, 0, 4, 76, 512, 417, 15, 0, 0, 271, 725, 28, 0, 0, 0, 0, 0
0, 12, 82, 530, 319, 71, 10, 0, 0, 15, 44, 435, 432, 87, 11, 0, 355, 616, 53, 0, 0, 0, 0, 0
2, 11, 66, 481, 449, 14, 1, 0, 4, 10, 35, 362, 563, 49, 1, 0, 349, 637, 38, 0, 0, 0, 0, 0
2, 10, 44, 505, 456, 7, 0, 0, 2, 9, 32, 388, 575, 18, 0, 0, 217, 772, 35, 0, 0, 0, 0, 0
54, 86, 123, 366, 354, 41, 0, 0, 59, 80, 113, 338, 380, 54, 0, 0, 348, 551, 122, 3, 0, 0, 0, 0
12, 62, 219, 534, 171, 26, 0, 0, 18, 69, 216, 521, 172, 28, 0, 0, 331, 625, 68, 0, 0, 0, 0, 0
0, 16, 144, 799, 65, 0, 0, 0, 0, 17, 118, 793, 96, 0, 0, 0, 181, 805, 38, 0, 0, 0, 0, 0
0, 7, 492, 505, 20, 0, 0, 0, 0, 14, 497, 493, 20, 0, 0, 0, 170, 799, 55, 0, 0, 0, 0, 0
0, 0, 230, 645, 149, 0, 0, 0, 0, 0, 169, 620, 235, 0, 0, 0, 84, 800, 140, 0, 0, 0, 0, 0
0, 0, 465, 558, 1, 0, 0, 0, 0, 0, 134, 823, 67, 0, 0, 0, 125, 875, 24, 0, 0, 0, 0, 0
0, 0, 169, 439, 0, 0, 0, 0, 0, 0, 8, 540, 60, 0, 0, 0, 32, 564, 12, 0, 0, 0, 0, 0
0, 36, 121, 257, 310, 239, 61, 0, 10, 54, 156, 287, 308, 183, 26, 0, 274, 440, 288, 22, 0, 0, 0, 0
24, 242, 389, 274, 88, 7, 0, 0, 18, 284, 378, 272, 67, 5, 0, 0, 280, 582, 156, 6, 0, 0, 0, 0
42, 215, 158, 126, 219, 242, 22, 0, 43, 197, 178, 132, 240, 226, 8, 0, 333, 483, 185, 23, 0, 0, 0, 0
0, 0, 0, 109, 598, 309, 8, 0, 0, 0, 0, 89, 599, 336, 0, 0, 144, 811, 68, 1, 0, 0, 0, 0
0, 20, 112, 464, 349, 71, 8, 0, 0, 18, 115, 350, 474, 65, 2, 0, 206, 698, 120, 0, 0, 0, 0, 0
3, 171, 244, 452, 151, 3, 0, 0, 0, 25, 300, 381, 302, 16, 0, 0, 310, 669, 45, 0, 0, 0, 0, 0
5, 264, 553, 194, 8, 0, 0, 0, 0, 35, 427, 481, 81, 0, 0, 0, 358, 633, 33, 0, 0, 0, 0, 0
0, 0, 43, 572, 406, 3, 0, 0, 0, 0, 7, 302, 686, 29, 0, 0, 224, 765, 35, 0, 0, 0, 0, 0
0, 11, 72, 227, 492, 209, 13, 0, 0, 13, 80, 184, 471, 257, 19, 0, 302, 572, 149, 1, 0, 0, 0, 0
0, 41, 57, 133, 442, 318, 33, 0, 0, 38, 64, 124, 365, 406, 27, 0, 290, 554, 170, 10, 0, 0, 0, 0
0, 41, 160, 479, 331, 12, 1, 0, 0, 32, 104, 378, 481, 28, 1, 0, 278, 635, 108, 3, 0, 0, 0, 0
0, 13, 69, 430, 477, 35, 0, 0, 0, 14, 59, 281, 582, 88, 0, 0, 281, 680, 63, 0, 0, 0, 0, 0
0, 3, 50, 266, 568, 135, 2, 0, 0, 3, 35, 210, 560, 215, 1, 0, 268, 670, 86, 0, 0, 0, 0, 0
2, 46, 132, 425, 368, 51, 0, 0, 1, 46, 117, 376, 432, 51, 1, 0, 334, 585, 103, 2, 0, 0, 0, 0
69, 213, 256, 297, 182, 7, 0, 0, 66, 224, 245, 271, 205, 13, 0, 0, 492, 467, 65, 0, 0, 0, 0, 0
28, 82, 200, 306, 364, 44, 0, 0, 28, 84, 185, 288, 387, 52, 0, 0, 364, 550, 96, 14, 0, 0, 0, 0
50, 111, 234, 369, 253, 7, 0, 0, 59, 122, 244, 345, 246, 8, 0, 0, 396, 499, 125, 4, 0, 0, 0, 0
0, 0, 54, 685, 284, 1, 0, 0, 0, 0, 36, 678, 307, 3, 0, 0, 107, 803, 114, 0, 0, 0, 0, 0
0, 30, 697, 287, 10, 0, 0, 0, 0, 12, 505, 493, 14, 0, 0, 0, 139, 841, 44, 0, 0, 0, 0, 0
0, 36, 666, 322, 0, 0, 0, 0, 0, 17, 456, 526, 25, 0, 0, 0, 161, 796, 67, 0, 0, 0, 0, 0
0, 95, 834, 95, 0, 0, 0, 0, 0, 0, 633, 389, 2, 0, 0, 0, 299, 713, 12, 0, 0, 0, 0, 0
0, 52, 360, 194, 2, 0, 0, 0, 0, 0, 272, 285, 51, 0, 0, 0, 144, 430, 34, 0, 0, 0, 0, 0
0, 12, 61, 99, 258, 419, 175, 0, 0, 22, 70, 137, 297, 402, 96, 0, 81, 723, 220, 0, 0, 0, 0, 0
3, 154, 435, 299, 124, 9, 0, 0, 2, 174, 459, 277, 109, 3, 0, 0, 201, 624, 194, 5, 0, 0, 0, 0
0, 82, 317, 244, 202, 150, 29, 0, 0, 95, 289, 256, 236, 138, 10, 0, 241, 590, 168, 24, 1, 0, 0, 0
0, 14, 165, 549, 263, 33, 0, 0, 0, 4, 69, 492, 418, 41, 0, 0, 235, 749, 40, 0, 0, 0, 0, 0
0, 3, 88, 453, 449, 31, 0, 0, 0, 0, 47, 389, 530, 58, 0, 0, 206, 755, 63, 0, 0, 0, 0, 0
0, 26, 312, 636, 50, 0, 0, 0, 0, 2, 139, 650, 233, 0, 0, 0, 318, 680, 26, 0, 0, 0, 0, 0
0, 10, 481, 512, 21, 0, 0, 0, 0, 0, 162, 706, 154, 2, 0, 0, 233, 767, 24, 0, 0, 0, 0, 0
0, 0, 199, 719, 106, 0, 0, 0, 0, 0, 17, 644, 362, 1, 0, 0, 279, 737, 8, 0, 0, 0, 0, 0
0, 0, 124, 382, 397, 121, 0, 0, 0, 0, 18, 354, 441, 210, 1, 0, 161, 716, 144, 3, 0, 0, 0, 0
0, 0, 158, 477, 264, 123, 2, 0, 0, 0, 54, 479, 341, 145, 5, 0, 246, 720, 58, 0, 0, 0, 0, 0
0, 0, 66, 714, 242, 2, 0, 0, 0, 0, 27, 489, 491, 17, 0, 0, 300, 678, 46, 0, 0, 0, 0, 0
0, 0, 35, 432, 553, 4, 0, 0, 0, 0, 20, 225, 760, 19, 0, 0, 235, 751, 38, 0, 0, 0, 0, 0
0, 1, 45, 489, 473, 16, 0, 0, 0, 0, 26, 353, 589, 56, 0, 0, 302, 671, 51, 0, 0, 0, 0, 0
0, 20, 157, 504, 274, 68, 1, 0, 0, 21, 140, 478, 293, 90, 2, 0, 369, 552, 103, 0, 0, 0, 0, 0
38, 188, 244, 270, 173, 104, 7, 0, 31, 187, 237, 249, 230, 90, 0, 0, 388, 487, 149, 0, 0, 0, 0, 0
0, 25, 105, 534, 344, 16, 0, 0, 0, 9, 83, 394, 502, 36, 0, 0, 308, 643, 73, 0, 0, 0, 0, 0
0, 21, 164, 498, 325, 16, 0, 0, 0, 25, 175, 489, 323, 12, 0, 0, 236, 666, 122, 0, 0, 0, 0, 0
0, 0, 67, 818, 139, 0, 0, 0, 0, 0, 74, 790, 160, 0, 0, 0, 84, 874, 66, 0, 0, 0, 0, 0
0, 1, 560, 425, 38, 0, 0, 0, 0, 0, 336, 651, 36, 1, 0, 0, 110, 870, 44, 0, 0, 0, 0, 0
0, 5, 790, 226, 3, 0, 0, 0, 0, 0, 608, 413, 3, 0, 0, 0, 127, 875, 22, 0, 0, 0, 0, 0
0, 22, 444, 532, 26, 0, 0, 0, 0, 4, 303, 576, 141, 0, 0, 0, 160, 760, 104, 0, 0, 0, 0, 0
0, 0, 90, 503, 15, 0, 0, 0, 0, 0, 31, 473, 104, 0, 0, 0, 56, 544, 8, 0, 0, 0, 0, 0
3, 133, 193, 186, 215, 236, 51, 7, 3, 133, 220, 204, 240, 185, 37, 2, 240, 511, 265, 8, 0, 0, 0, 0
42, 386, 228, 171, 162, 34, 1, 0, 41, 363, 250, 133, 197, 39, 1, 0, 388, 525, 88, 18, 5, 0, 0, 0
0, 1, 28, 269, 587, 135, 4, 0, 0, 1, 27, 258, 591, 134, 13, 0, 217, 683, 120, 4, 0, 0, 0, 0
0, 7, 211, 552, 234, 20, 0, 0, 0, 10, 117, 492, 375, 30, 0, 0, 326, 607, 89, 2, 0, 0, 0, 0
0, 4, 51, 591, 364, 14, 0, 0, 0, 2, 34, 462, 503, 23, 0, 0, 264, 681, 79, 0, 0, 0, 0, 0
0, 103, 305, 322, 281, 13, 0, 0, 0, 16, 274, 351, 350, 33, 0, 0, 253, 696, 75, 0, 0, 0, 0, 0
0, 43, 559, 392, 30, 0, 0, 0, 0, 3, 217, 659, 143, 2, 0, 0, 298, 668, 58, 0, 0, 0, 0, 0
0, 0, 156, 698, 170, 0, 0, 0, 0, 0, 19, 475, 526, 4, 0, 0, 185, 768, 71, 0, 0, 0, 0, 0
0, 0, 171, 731, 120, 2, 0, 0, 0, 0, 15, 545, 448, 16, 0, 0, 262, 694, 68, 0, 0, 0, 0, 0
0, 0, 133, 689, 196, 6, 0, 0, 0, 0, 11, 551, 447, 15, 0, 0, 308, 678, 37, 1, 0, 0, 0, 0
0, 1, 21, 427, 520, 53, 2, 0, 0, 0, 13, 248, 621, 139, 3, 0, 277, 670, 77, 0, 0, 0, 0, 0
0, 18, 40, 416, 482, 67, 1, 0, 0, 19, 28, 258, 596, 120, 3, 0, 310, 657, 57, 0, 0, 0, 0, 0
0, 7, 92, 261, 508, 152, 4, 0, 0, 8, 90, 222, 532, 170, 2, 0, 260, 660, 104, 0, 0, 0, 0, 0
0, 5, 83, 506, 397, 33, 0, 0, 0, 5, 44, 328, 565, 82, 0, 0, 245, 647, 131, 1, 0, 0, 0, 0
0, 0, 39, 525, 418, 41, 1, 0, 0, 0, 37, 333, 596, 57, 1, 0, 192, 709, 122, 1, 0, 0, 0, 0
0, 1, 38, 361, 560, 62, 2, 0, 0, 2, 38, 295, 604, 82, 3, 0, 209, 687, 125, 3, 0, 0, 0, 0
44, 167, 217, 389, 204, 3, 0, 0, 13, 189, 228, 374, 217, 3, 0, 0, 398, 542, 84, 0, 0, 0, 0, 0
40, 70, 169, 604, 141, 0, 0, 0, 30, 80, 196, 615, 103, 0, 0, 0, 261, 696, 67, 0, 0, 0, 0, 0
0, 1, 126, 663, 230, 4, 0, 0, 0, 0, 164, 672, 187, 1, 0, 0, 174, 748, 102, 0, 0, 0, 0, 0
0, 71, 459, 489, 5, 0, 0, 0, 0, 58, 467, 493, 6, 0, 0, 0, 202, 759, 63, 0, 0, 0, 0, 0
0, 14, 311, 658, 41, 0, 0, 0, 0, 7, 131, 740, 146, 0, 0, 0, 96, 736, 192, 0, 0, 0, 0, 0
0, 0, 125, 469, 14, 0, 0, 0, 0, 0, 31, 470, 107, 0, 0, 0, 62, 488, 58, 0, 0, 0, 0, 0
0, 10, 177, 208, 435, 186, 8, 0, 0, 38, 168, 213, 414, 188, 3, 0, 173, 619, 225, 7, 0, 0, 0, 0
0, 27, 56, 221, 574, 145, 1, 0, 0, 30, 57, 130, 605, 196, 6, 0, 234, 661, 124, 5, 0, 0, 0, 0
0, 0, 12, 326, 496, 187, 3, 0, 0, 0, 9, 250, 576, 188, 1, 0, 131, 767, 124, 2, 0, 0, 0, 0
0, 4, 42, 314, 543, 117, 4, 0, 0, 2, 46, 249, 582, 138, 7, 0, 225, 658, 141, 0, 0, 0, 0, 0
0, 6, 101, 389, 368, 125, 35, 0, 0, 4, 66, 283, 500, 144, 27, 0, 229, 627, 168, 0, 0, 0, 0, 0
12, 189, 554, 237, 30, 2, 0, 0, 0, 59, 470, 402, 87, 6, 0, 0, 393, 549, 82, 0, 0, 0, 0, 0
0, 80, 728, 215, 1, 0, 0, 0, 0, 0, 317, 694, 13, 0, 0, 0, 420, 600, 4, 0, 0, 0, 0, 0
0, 4, 178, 663, 169, 10, 0, 0, 0, 3, 31, 602, 345, 42, 1, 0, 241, 695, 86, 2, 0, 0, 0, 0
0, 0, 184, 694, 145, 1, 0, 0, 0, 0, 17, 547, 443, 17, 0, 0, 296, 691, 37, 0, 0, 0, 0, 0
0, 0, 32, 434, 447, 111, 0, 0, 0, 0, 0, 332, 557, 135, 0, 0, 283, 664, 77, 0, 0, 0, 0, 0
0, 12, 151, 465, 349, 47, 0, 0, 0, 12, 155, 464, 343, 50, 0, 0, 380, 564, 80, 0, 0, 0, 0, 0
0, 31, 146, 486, 320, 41, 0, 0, 0, 29, 98, 356, 461, 78, 2, 0, 304, 625, 88, 7, 0, 0, 0, 0
0, 1, 55, 358, 489, 121, 0, 0, 0, 1, 29, 242, 596, 154, 2, 0, 227, 698, 99, 0, 0, 0, 0, 0
0, 8, 34, 299, 597, 86, 0, 0, 0, 6, 26, 154, 676, 161, 1, 0, 167, 747, 109, 1, 0, 0, 0, 0
6, 24, 117, 418, 414, 45, 0, 0, 8, 25, 105, 396, 403, 87, 0, 0, 338, 597, 89, 0, 0, 0, 0, 0
5, 94, 251, 376, 283, 15, 0, 0, 10, 91, 261, 390, 261, 11, 0, 0, 344, 566, 114, 0, 0, 0, 0, 0
302, 343, 258, 107, 14, 0, 0, 0, 210, 388, 312, 100, 14, 0, 0, 0, 556, 409, 58, 1, 0, 0, 0, 0
328, 185, 123, 186, 201, 1, 0, 0, 299, 196, 137, 205, 187, 0, 0, 0, 515, 362, 146, 1, 0, 0, 0, 0
87, 66, 166, 496, 207, 2, 0, 0, 96, 64, 171, 490, 201, 2, 0, 0, 274, 561, 184, 5, 0, 0, 0, 0
0, 22, 384, 563, 55, 0, 0, 0, 0, 31, 436, 512, 45, 0, 0, 0, 112, 791, 121, 0, 0, 0, 0, 0
0, 85, 442, 442, 54, 1, 0, 0, 2, 90, 350, 473, 109, 0, 0, 0, 185, 685, 151, 3, 0, 0, 0, 0
0, 19, 173, 405, 11, 0, 0, 0, 0, 9, 75, 495, 29, 0, 0, 0, 64, 518, 26, 0, 0, 0, 0, 0
2, 139, 326, 255, 187, 103, 12, 0, 4, 199, 318, 263, 173, 66, 1, 0, 271, 558, 180, 15, 0, 0, 0, 0
2, 126, 188, 157, 209, 287, 55, 0, 2, 153, 164, 157, 216, 290, 42, 0, 320, 462, 212, 30, 0, 0, 0, 0
0, 10, 72, 229, 477, 228, 8, 0, 0, 17, 77, 229, 510, 187, 4, 0, 240, 579, 205, 0, 0, 0, 0, 0
0, 9, 219, 399, 290, 107, 0, 0, 0, 7, 101, 472, 326, 118, 0, 0, 225, 681, 117, 1, 0, 0, 0, 0
1, 12, 240, 580, 176, 15, 0, 0, 1, 10, 76, 513, 392, 32, 0, 0, 184, 767, 73, 0, 0, 0, 0, 0
0, 145, 540, 236, 91, 12, 0, 0, 0, 13, 371, 470, 132, 38, 0, 0, 334, 605, 79, 6, 0, 0, 0, 0
0, 147, 740, 135, 2, 0, 0, 0, 0, 8, 367, 615, 34, 0, 0, 0, 367, 645, 12, 0, 0, 0, 0, 0
0, 6, 329, 649, 40, 0, 0, 0, 0, 1, 71, 649, 303, 0, 0, 0, 194, 801, 29, 0, 0, 0, 0, 0
0, 10, 64, 392, 425, 123, 10, 0, 0, 12, 33, 265, 504, 202, 8, 0, 243, 567, 212, 2, 0, 0, 0, 0
0, 19, 73, 199, 351, 356, 26, 0, 0, 17, 70, 212, 398, 313, 14, 0, 223, 580, 215, 6, 0, 0, 0, 0
0, 73, 310, 425, 202, 14, 0, 0, 0, 52, 239, 446, 258, 29, 0, 0, 319, 549, 149, 7, 0, 0, 0, 0
17, 58, 94, 544, 279, 32, 0, 0, 23, 44, 51, 370, 466, 63, 7, 0, 350, 564, 102, 8, 0, 0, 0, 0
0, 2, 26, 289, 621, 86, 0, 0, 0, 1, 24, 202, 618, 176, 3, 0, 227, 692, 105, 0, 0, 0, 0, 0
0, 10, 40, 123, 398, 350, 101, 2, 0, 15, 44, 119, 421, 345, 79, 1, 232, 593, 196, 3, 0, 0, 0, 0
4, 37, 135, 212, 332, 281, 23, 0, 4, 53, 147, 201, 326, 279, 14, 0, 310, 545, 160, 9, 0, 0, 0, 0
0, 41, 157, 355, 360, 106, 5, 0, 1, 49, 176, 370, 322, 101, 5, 0, 337, 509, 162, 16, 0, 0, 0, 0
42, 237, 344, 251, 125, 24, 1, 0, 43, 262, 350, 224, 127, 17, 1, 0, 371, 472, 176, 5, 0, 0, 0, 0
0, 9, 151, 548, 307, 9, 0, 0, 0, 11, 195, 570, 243, 5, 0, 0, 151, 691, 181, 1, 0, 0, 0, 0
0, 2, 89, 704, 229, 0, 0, 0, 0, 2, 106, 705, 211, 0, 0, 0, 103, 731, 190, 0, 0, 0, 0, 0
0, 3, 53, 319, 431, 215, 3, 0, 0, 6, 74, 373, 426, 145, 0, 0, 113, 571, 327, 13, 0, 0, 0, 0
0, 7, 188, 658, 161, 10, 0, 0, 0, 14, 173, 657, 174, 6, 0, 0, 147, 669, 202, 6, 0, 0, 0, 0
0, 3, 37, 470, 94, 4, 0, 0, 0, 4, 17, 417, 165, 5, 0, 0, 97, 433, 73, 5, 0, 0, 0, 0
3, 121, 336, 240, 221, 96, 7, 0, 7, 147, 329, 244, 211, 86, 0, 0, 323, 480, 208, 13, 0, 0, 0, 0
2, 94, 64, 348, 402, 100, 14, 0, 2, 87, 60, 214, 462, 199, 0, 0, 212, 629, 176, 7, 0, 0, 0, 0
0, 11, 77, 311, 401, 224, 0, 0, 0, 11, 35, 295, 441, 242, 0, 0, 184, 685, 155, 0, 0, 0, 0, 0
0, 9, 266, 498, 238, 13, 0, 0, 0, 9, 133, 518, 342, 22, 0, 0, 261, 661, 102, 0, 0, 0, 0, 0
0, 3, 98, 539, 370, 14, 0, 0, 0, 6, 81, 403, 497, 37, 0, 0, 264, 646, 114, 0, 0, 0, 0, 0
1, 109, 357, 409, 125, 23, 0, 0, 1, 103, 172, 512, 202, 32, 2, 0, 294, 611, 113, 6, 0, 0, 0, 0
0, 29, 466, 450, 79, 0, 0, 0, 0, 8, 130, 661, 216, 9, 0, 0, 299, 689, 36, 0, 0, 0, 0, 0
0, 0, 278, 617, 117, 12, 0, 0, 0, 0, 38, 619, 349, 17, 1, 0, 250, 701, 73, 0, 0, 0, 0, 0
0, 0, 17, 346, 560, 101, 0, 0, 0, 0, 16, 259, 558, 191, 0, 0, 229, 715, 80, 0, 0, 0, 0, 0
7, 28, 132, 267, 386, 194, 10, 0, 4, 23, 114, 222, 418, 229, 14, 0, 282, 561, 174, 7, 0, 0, 0, 0
0, 11, 49, 228, 486, 250, 0, 0, 0, 11, 43, 162, 514, 294, 0, 0, 216, 687, 120, 1, 0, 0, 0, 0
0, 0, 43, 255, 581, 138, 7, 0, 0, 0, 13, 163, 572, 267, 9, 0, 179, 751, 94, 0, 0, 0, 0, 0
0, 3, 67, 360, 518, 74, 2, 0, 0, 4, 78, 329, 512, 95, 6, 0, 266, 678, 80, 0, 0, 0, 0, 0
1, 147, 300, 173, 167, 174, 60, 2, 3, 156, 307, 146, 175, 189, 48, 0, 410, 412, 175, 22, 5, 0, 0, 0
0, 4, 40, 129, 394, 318, 126, 13, 0, 4, 54, 153, 417, 315, 79, 2, 221, 541, 247, 15, 0, 0, 0, 0
0, 16, 128, 257, 489, 132, 2, 0, 0, 18, 133, 259, 494, 117, 3, 0, 243, 521, 247, 12, 1, 0, 0, 0
0, 28, 94, 267, 491, 135, 9, 0, 0, 38, 97, 267, 491, 123, 8, 0, 230, 542, 243, 9, 0, 0, 0, 0
1, 31, 136, 394, 362, 99, 1, 0, 2, 42, 175, 423, 316, 66, 0, 0, 243, 577, 199, 5, 0, 0, 0, 0
0, 16, 241, 457, 250, 58, 2, 0, 0, 34, 286, 421, 209, 72, 2, 0, 248, 628, 147, 1, 0, 0, 0, 0
0, 0, 7, 111, 685, 221, 0, 0, 0, 0, 8, 149, 677, 190, 0, 0, 44, 724, 255, 1, 0, 0, 0, 0
0, 0, 66, 532, 419, 7, 0, 0, 0, 2, 118, 598, 306, 0, 0, 0, 91, 701, 232, 0, 0, 0, 0, 0
0, 0, 103, 412, 66, 27, 0, 0, 0, 0, 97, 396, 101, 14, 0, 0, 59, 472, 70, 7, 0, 0, 0, 0
0, 0, 73, 197, 556, 198, 0, 0, 0, 5, 90, 227, 585, 117, 0, 0, 157, 715, 150, 2, 0, 0, 0, 0
2, 71, 160, 211, 303, 244, 33, 0, 4, 85, 178, 200, 309, 225, 23, 0, 270, 454, 265, 35, 0, 0, 0, 0
0, 28, 148, 373, 323, 140, 12, 0, 0, 47, 184, 348, 338, 102, 5, 0, 331, 506, 180, 7, 0, 0, 0, 0
0, 15, 40, 350, 559, 60, 0, 0, 0, 14, 35, 265, 625, 84, 1, 0, 192, 706, 126, 0, 0, 0, 0, 0
0, 93, 244, 354, 311, 22, 0, 0, 0, 0, 208, 370, 394, 51, 1, 0, 260, 687, 77, 0, 0, 0, 0, 0
0, 164, 725, 132, 3, 0, 0, 0, 0, 0, 529, 477, 18, 0, 0, 0, 396, 610, 18, 0, 0, 0, 0, 0
0, 9, 542, 439, 34, 0, 0, 0, 0, 0, 117, 709, 189, 9, 0, 0, 247, 724, 53, 0, 0, 0, 0, 0
0, 0, 197, 729, 91, 7, 0, 0, 0, 0, 4, 589, 413, 18, 0, 0, 72, 878, 74, 0, 0, 0, 0, 0
0, 0, 27, 562, 418, 17, 0, 0, 0, 0, 2, 308, 650, 64, 0, 0, 169, 806, 49, 0, 0, 0, 0, 0
0, 0, 82, 546, 370, 26, 0, 0, 0, 0, 21, 451, 488, 61, 3, 0, 262, 695, 67, 0, 0, 0, 0, 0
0, 11, 85, 373, 490, 65, 0, 0, 0, 3, 65, 224, 605, 120, 7, 0, 218, 658, 148, 0, 0, 0, 0, 0
0, 0, 23, 183, 584, 231, 3, 0, 0, 0, 16, 163, 509, 318, 18, 0, 160, 708, 156, 0, 0, 0, 0, 0
3, 56, 178, 362, 352, 73, 0, 0, 3, 63, 183, 319, 371, 83, 2, 0, 354, 520, 139, 11, 0, 0, 0, 0
0, 2, 60, 233, 499, 194, 36, 0, 0, 8, 63, 175, 523, 233, 22, 0, 205, 694, 125, 0, 0, 0, 0, 0
0, 0, 27, 91, 290, 406, 191, 19, 0, 2, 41, 129, 364, 355, 130, 3, 240, 511, 264, 9, 0, 0, 0, 0
6, 100, 333, 213, 182, 161, 29, 0, 8, 112, 342, 211, 184, 150, 17, 0, 371, 406, 227, 20, 0, 0, 0, 0
0, 18, 80, 172, 325, 382, 47, 0, 3, 29, 88, 178, 337, 359, 30, 0, 221, 522, 274, 7, 0, 0, 0, 0
0, 6, 86, 288, 495, 145, 4, 0, 0, 18, 125, 351, 447, 80, 3, 0, 266, 599, 154, 5, 0, 0, 0, 0
0, 6, 172, 304, 411, 130, 1, 0, 0, 19, 224, 320, 369, 92, 0, 0, 205, 644, 173, 2, 0, 0, 0, 0
0, 9, 53, 246, 606, 105, 5, 0, 0, 15, 81, 321, 547, 58, 2, 0, 141, 628, 251, 4, 0, 0, 0, 0
9, 37, 178, 572, 211, 17, 0, 0, 10, 41, 136, 596, 232, 9, 0, 0, 144, 654, 224, 2, 0, 0, 0, 0
0, 0, 53, 431, 120, 4, 0, 0, 0, 0, 16, 416, 171, 5, 0, 0, 42, 467, 99, 0, 0, 0, 0, 0
0, 62, 168, 131, 281, 299, 83, 0, 0, 83, 171, 133, 283, 302, 52, 0, 214, 584, 196, 30, 0, 0, 0, 0
0, 0, 42, 184, 391, 374, 33, 0, 0, 0, 40, 171, 422, 357, 34, 0, 157, 591, 272, 4, 0, 0, 0, 0
0, 2, 90, 332, 389, 195, 16, 0, 0, 1, 55, 302, 426, 224, 16, 0, 170, 623, 221, 10, 0, 0, 0, 0
0, 1, 62, 280, 625, 56, 0, 0, 0, 0, 31, 221, 687, 85, 0, 0, 162, 767, 95, 0, 0, 0, 0, 0
0, 0, 179, 436, 357, 52, 0, 0, 0, 0, 41, 370, 544, 69, 0, 0, 179, 739, 106, 0, 0, 0, 0, 0
0, 191, 649, 136, 48, 0, 0, 0, 0, 4, 506, 448, 66, 0, 0, 0, 324, 640, 60, 0, 0, 0, 0, 0
0, 62, 508, 368, 75, 11, 0, 0, 0, 0, 221, 610, 161, 32, 0, 0, 200, 772, 52, 0, 0, 0, 0, 0
0, 3, 256, 638, 126, 1, 0, 0, 0, 0, 35, 557, 419, 13, 0, 0, 205, 757, 62, 0, 0, 0, 0, 0
0, 0, 52, 816, 156, 0, 0, 0, 0, 0, 4, 512, 499, 9, 0, 0, 212, 799, 13, 0, 0, 0, 0, 0
0, 0, 0, 550, 463, 11, 0, 0, 0, 0, 0, 276, 678, 70, 0, 0, 233, 733, 58, 0, 0, 0, 0, 0
0, 0, 81, 404, 506, 33, 0, 0, 0, 0, 3, 204, 660, 156, 1, 0, 160, 786, 78, 0, 0, 0, 0, 0
0, 5, 123, 475, 331, 90, 0, 0, 0, 0, 31, 397, 457, 136, 3, 0, 299, 655, 70, 0, 0, 0, 0, 0
32, 76, 141, 417, 295, 63, 0, 0, 22, 82, 136, 388, 321, 72, 3, 0, 320, 577, 127, 0, 0, 0, 0, 0
10, 78, 163, 176, 244, 266, 86, 1, 10, 100, 173, 171, 261, 250, 58, 1, 316, 417, 262, 29, 0, 0, 0, 0
2, 14, 75, 208, 340, 295, 87, 3, 2, 21, 93, 223, 359, 276, 49, 1, 276, 498, 240, 10, 0, 0, 0, 0
0, 8, 24, 116, 386, 418, 72, 0, 0, 10, 24, 110, 381, 455, 44, 0, 169, 615, 235, 5, 0, 0, 0, 0
0, 0, 45, 197, 545, 233, 4, 0, 0, 5, 58, 243, 535, 182, 1, 0, 196, 644, 183, 1, 0, 0, 0, 0
0, 0, 18, 310, 561, 133, 2, 0, 0, 0, 46, 406, 483, 88, 1, 0, 181, 656, 184, 3, 0, 0, 0, 0
0, 8, 175, 505, 315, 21, 0, 0, 0, 24, 269, 518, 206, 7, 0, 0, 230, 553, 235, 6, 0, 0, 0, 0
46, 170, 374, 301, 117, 16, 0, 0, 51, 163, 412, 299, 88, 11, 0, 0, 220, 596, 196, 12, 0, 0, 0, 0
75, 144, 313, 341, 148, 3, 0, 0, 73, 162, 282, 362, 144, 1, 0, 0, 341, 482, 196, 5, 0, 0, 0, 0
8, 38, 190, 337, 35, 0, 0, 0, 9, 32, 136, 344, 87, 0, 0, 0, 103, 406, 96, 3, 0, 0, 0, 0
1, 120, 159, 140, 263, 283, 58, 0, 0, 124, 165, 164, 275, 271, 25, 0, 222, 541, 238, 23, 0, 0, 0, 0
0, 24, 40, 215, 563, 176, 6, 0, 0, 22, 44, 167, 540, 242, 9, 0, 149, 664, 198, 13, 0, 0, 0, 0
0, 27, 169, 235, 353, 207, 33, 0, 1, 50, 159, 197, 376, 212, 29, 0, 197, 656, 166, 5, 0, 0, 0, 0
0, 33, 103, 309, 526, 53, 0, 0, 0, 35, 93, 234, 570, 92, 0, 0, 214, 670, 133, 7, 0, 0, 0, 0
0, 31, 128, 296, 475, 92, 2, 0, 0, 12, 126, 268, 510, 108, 0, 0, 250, 629, 143, 2, 0, 0, 0, 0
0, 53, 479, 311, 159, 22, 0, 0, 0, 7, 231, 556, 197, 27, 6, 0, 288, 628, 100, 8, 0, 0, 0, 0
0, 9, 482, 502, 31, 0, 0, 0, 0, 0, 117, 696, 211, 0, 0, 0, 172, 802, 50, 0, 0, 0, 0, 0
0, 3, 356, 638, 27, 0, 0, 0, 0, 0, 37, 746, 241, 0, 0, 0, 119, 851, 54, 0, 0, 0, 0, 0
0, 8, 353, 616, 47, 0, 0, 0, 0, 0, 50, 657, 314, 3, 0, 0, 227, 736, 61, 0, 0, 0, 0, 0
0, 2, 203, 656, 157, 6, 0, 0, 0, 0, 18, 505, 453, 48, 0, 0, 232, 706, 85, 1, 0, 0, 0, 0
0, 29, 239, 537, 213, 6, 0, 0, 0, 29, 88, 527, 354, 26, 0, 0, 331, 623, 70, 0, 0, 0, 0, 0
55, 78, 169, 360, 304, 57, 1, 0, 54, 79, 82, 357, 358, 92, 2, 0, 328, 553, 138, 5, 0, 0, 0, 0
0, 5, 73, 370, 540, 36, 0, 0, 0, 2, 84, 256, 558, 124, 0, 0, 222, 685, 116, 1, 0, 0, 0, 0
0, 17, 153, 332, 404, 108, 9, 1, 0, 32, 144, 291, 399, 151, 6, 1, 303, 541, 171, 9, 0, 0, 0, 0
0, 25, 70, 169, 431, 246, 79, 4, 0, 37, 84, 156, 439, 239, 67, 2, 252, 502, 246, 24, 0, 0, 0, 0
0, 7, 62, 173, 403, 324, 55, 0, 0, 11, 60, 161, 454, 293, 45, 0, 218, 589, 209, 8, 0, 0, 0, 0
0, 4, 67, 178, 484, 282, 9, 0, 0, 7, 84, 191, 478, 255, 9, 0, 193, 596, 226, 9, 0, 0, 0, 0
0, 12, 67, 282, 407, 221, 35, 0, 0, 18, 81, 331, 387, 200, 7, 0, 204, 578, 239, 3, 0, 0, 0, 0
2, 26, 238, 544, 175, 38, 1, 0, 4, 35, 318, 493, 141, 32, 1, 0, 121, 697, 205, 1, 0, 0, 0, 0
22, 157, 446, 326, 70, 3, 0, 0, 23, 162, 456, 282, 97, 4, 0, 0, 191, 617, 209, 7, 0, 0, 0, 0
27, 62, 156, 482, 278, 19, 0, 0, 31, 57, 127, 442, 332, 35, 0, 0, 161, 593, 266, 4, 0, 0, 0, 0
0, 0, 38, 446, 118, 6, 0, 0, 0, 0, 16, 400, 185, 7, 0, 0, 31, 476, 97, 4, 0, 0, 0, 0
0, 109, 247, 228, 153, 184, 96, 7, 0, 140, 295, 189, 161, 166, 70, 3, 268, 483, 233, 36, 4, 0, 0, 0
0, 87, 208, 365, 221, 117, 26, 0, 0, 71, 229, 281, 291, 132, 20, 0, 232, 556, 202, 34, 0, 0, 0, 0
0, 6, 201, 616, 181, 20, 0, 0, 0, 10, 115, 503, 374, 22, 0, 0, 185, 719, 120, 0, 0, 0, 0, 0
0, 9, 56, 678, 267, 14, 0, 0, 0, 7, 26, 447, 517, 27, 0, 0, 110, 819, 95, 0, 0, 0, 0, 0
0, 3, 70, 354, 550, 47, 0, 0, 0, 2, 49, 254, 661, 58, 0, 0, 198, 705, 120, 1, 0, 0, 0, 0
0, 6, 427, 521, 65, 5, 0, 0, 0, 0, 135, 683, 194, 12, 0, 0, 322, 595, 104, 3, 0, 0, 0, 0
0, 2, 444, 457, 121, 0, 0, 0, 0, 0, 98, 623, 287, 16, 0, 0, 226, 714, 84, 0, 0, 0, 0, 0
0, 34, 331, 435, 209, 15, 0, 0, 0, 2, 140, 481, 337, 62, 2, 0, 241, 651, 128, 4, 0, 0, 0, 0
0, 10, 159, 497, 250, 100, 8, 0, 0, 4, 52, 359, 449, 146, 14, 0, 207, 660, 155, 2, 0, 0, 0, 0
0, 3, 174, 592, 208, 47, 0, 0, 0, 4, 62, 437, 436, 84, 1, 0, 300, 634, 90, 0, 0, 0, 0, 0
0, 26, 258, 513, 213, 14, 0, 0, 0, 18, 193, 517, 260, 36, 0, 0, 440, 556, 28, 0, 0, 0, 0, 0
2, 32, 125, 172, 323, 338, 32, 0, 1, 39, 135, 163, 311, 345, 30, 0, 256, 529, 229, 10, 0, 0, 0, 0
0, 1, 26, 85, 288, 380, 236, 8, 0, 2, 42, 86, 312, 419, 160, 3, 229, 578, 203, 14, 0, 0, 0, 0
0, 27, 112, 260, 330, 254, 41, 0, 2, 55, 132, 265, 318, 230, 22, 0, 310, 494, 210, 10, 0, 0, 0, 0
0, 29, 91, 101, 216, 388, 197, 2, 0, 54, 82, 111, 243, 411, 123, 0, 210, 476, 316, 22, 0, 0, 0, 0
0, 14, 52, 108, 244, 501, 104, 1, 0, 28, 74, 113, 268, 465, 75, 1, 192, 579, 241, 12, 0, 0, 0, 0
0, 0, 17, 154, 445, 386, 22, 0, 0, 0, 37, 209, 446, 320, 12, 0, 153, 686, 180, 5, 0, 0, 0, 0
12, 114, 286, 403, 186, 23, 0, 0, 19, 119, 324, 403, 139, 20, 0, 0, 379, 519, 116, 10, 0, 0, 0, 0
81, 149, 378, 298, 100, 18, 0, 0, 69, 154, 406, 282, 94, 19, 0, 0, 287, 565, 163, 9, 0, 0, 0, 0
110, 111, 159, 209, 311, 121, 3, 0, 94, 112, 169, 235, 307, 106, 1, 0, 278, 501, 233, 12, 0, 0, 0, 0
0, 19, 201, 539, 238, 27, 0, 0, 0, 23, 190, 510, 262, 38, 1, 0, 224, 665, 130, 5, 0, 0, 0, 0
28, 97, 195, 249, 38, 1, 0, 0, 30, 100, 220, 227, 30, 1, 0, 0, 206, 323, 74, 5, 0, 0, 0, 0
0, 0, 17, 74, 288, 419, 226, 0, 0, 0, 20, 112, 305, 496, 91, 0, 130, 556, 326, 12, 0, 0, 0, 0
0, 19, 287, 455, 213, 45, 5, 0, 0, 13, 169, 439, 311, 87, 5, 0, 207, 647, 148, 22, 0, 0, 0, 0
0, 6, 421, 536, 59, 2, 0, 0, 0, 0, 63, 795, 161, 5, 0, 0, 165, 823, 35, 1, 0, 0, 0, 0
0, 7, 173, 551, 265, 28, 0, 0, 0, 1, 87, 496, 385, 52, 3, 0, 268, 667, 85, 4, 0, 0, 0, 0
0, 52, 236, 239, 424, 73, 0, 0, 0, 11, 172, 274, 452, 114, 1, 0, 223, 638, 160, 3, 0, 0, 0, 0
0, 31, 526, 372, 87, 8, 0, 0, 0, 0, 202, 622, 177, 23, 0, 0, 212, 707, 105, 0, 0, 0, 0, 0
0, 1, 436, 550, 37, 0, 0, 0, 0, 0, 64, 686, 272, 2, 0, 0, 171, 796, 57, 0, 0, 0, 0, 0
0, 11, 344, 546, 122, 1, 0, 0, 0, 0, 106, 566, 338, 14, 0, 0, 201, 756, 67, 0, 0, 0, 0, 0
0, 0, 41, 502, 444, 37, 0, 0, 0, 0, 10, 242, 665, 104, 3, 0, 173, 747, 103, 1, 0, 0, 0, 0
0, 0, 36, 357, 550, 79, 2, 0, 0, 0, 17, 202, 643, 159, 3, 0, 186, 732, 106, 0, 0, 0, 0, 0
0, 0, 46, 441, 496, 41, 0, 0, 0, 0, 13, 261, 632, 118, 0, 0, 214, 712, 98, 0, 0, 0, 0, 0
0, 1, 54, 297, 618, 54, 0, 0, 0, 1, 56, 176, 706, 85, 0, 0, 253, 719, 52, 0, 0, 0, 0, 0
0, 9, 111, 310, 356, 193, 45, 0, 0, 11, 136, 281, 375, 198, 23, 0, 319, 569, 130, 6, 0, 0, 0, 0
37, 332, 357, 193, 84, 21, 0, 0, 40, 396, 329, 169, 75, 15, 0, 0, 510, 443, 69, 2, 0, 0, 0, 0
6, 116, 117, 116, 299, 312, 56, 2, 18, 121, 129, 105, 309, 293, 49, 0, 313, 440, 256, 13, 2, 0, 0, 0
0, 12, 76, 199, 373, 328, 36, 0, 0, 22, 97, 209, 407, 263, 26, 0, 280, 480, 252, 12, 0, 0, 0, 0
0, 115, 169, 216, 280, 233, 11, 0, 6, 148, 172, 223, 282, 188, 5, 0, 304, 478, 227, 14, 1, 0, 0, 0
2, 80, 265, 481, 191, 5, 0, 0, 12, 89, 283, 461, 179, 0, 0, 0, 255, 588, 175, 6, 0, 0, 0, 0
2, 55, 309, 544, 114, 0, 0, 0, 1, 58, 297, 505, 163, 0, 0, 0, 163, 653, 206, 2, 0, 0, 0, 0
0, 0, 29, 436, 506, 53, 0, 0, 0, 0, 34, 441, 504, 45, 0, 0, 76, 713, 234, 1, 0, 0, 0, 0
0, 0, 97, 538, 366, 23, 0, 0, 0, 0, 86, 579, 332, 27, 0, 0, 116, 734, 174, 0, 0, 0, 0, 0
0, 12, 145, 423, 27, 1, 0, 0, 0, 11, 124, 444, 28, 1, 0, 0, 66, 465, 75, 2, 0, 0, 0, 0
0, 6, 99, 181, 277, 376, 84, 1, 0, 10, 104, 203, 290, 357, 59, 1, 202, 529, 266, 27, 0, 0, 0, 0
0, 9, 71, 180, 369, 347, 48, 0, 0, 11, 82, 188, 413, 298, 32, 0, 197, 584, 235, 8, 0, 0, 0, 0
0, 16, 163, 449, 321, 72, 3, 0, 0, 15, 138, 392, 403, 74, 2, 0, 283, 610, 126, 5, 0, 0, 0, 0
0, 22, 148, 541, 299, 14, 0, 0, 0, 13, 96, 476, 411, 28, 0, 0, 228, 705, 91, 0, 0, 0, 0, 0
0, 57, 261, 484, 216, 6, 0, 0, 0, 5, 177, 437, 370, 35, 0, 0, 288, 676, 60, 0, 0, 0, 0, 0
0, 85, 499, 419, 21, 0, 0, 0, 0, 6, 313, 585, 118, 2, 0, 0, 428, 568, 28, 0, 0, 0, 0, 0
0, 6, 143, 607, 247, 18, 3, 0, 0, 0, 61, 434, 480, 38, 11, 0, 241, 657, 121, 5, 0, 0, 0, 0
0, 4, 294, 666, 58, 2, 0, 0, 0, 0, 46, 617, 350, 11, 0, 0, 203, 758, 63, 0, 0, 0, 0, 0
0, 4, 391, 515, 114, 0, 0, 0, 0, 0, 82, 677, 254, 11, 0, 0, 224, 751, 49, 0, 0, 0, 0, 0
0, 2, 195, 767, 60, 0, 0, 0, 0, 0, 35, 586, 399, 4, 0, 0, 250, 740, 34, 0, 0, 0, 0, 0
0, 8, 170, 748, 98, 0, 0, 0, 0, 0, 40, 539, 440, 5, 0, 0, 240, 754, 30, 0, 0, 0, 0, 0
0, 3, 46, 469, 461, 45, 0, 0, 0, 2, 23, 307, 585, 107, 0, 0, 270, 659, 95, 0, 0, 0, 0, 0
0, 1, 47, 260, 555, 116, 39, 6, 0, 5, 56, 265, 542, 124, 31, 1, 276, 610, 137, 1, 0, 0, 0, 0
3, 72, 124, 134, 151, 262, 252, 26, 7, 99, 115, 157, 161, 320, 162, 3, 301, 360, 302, 60, 1, 0, 0, 0
0, 47, 116, 149, 231, 290, 164, 27, 0, 63, 122, 151, 248, 289, 147, 4, 266, 419, 313, 26, 0, 0, 0, 0
0, 0, 52, 340, 540, 91, 1, 0, 0, 0, 40, 317, 563, 104, 0, 0, 181, 687, 150, 6, 0, 0, 0, 0
0, 46, 188, 363, 322, 97, 8, 0, 0, 69, 209, 374, 292, 75, 5, 0, 267, 546, 197, 14, 0, 0, 0, 0
14, 78, 305, 212, 296, 110, 9, 0, 20, 116, 296, 230, 269, 89, 4, 0, 294, 526, 188, 16, 0, 0, 0, 0
0, 9, 111, 595, 280, 29, 0, 0, 0, 11, 91, 589, 317, 16, 0, 0, 107, 712, 205, 0, 0, 0, 0, 0
0, 0, 115, 667, 236, 6, 0, 0, 0, 0, 114, 635, 264, 11, 0, 0, 91, 799, 132, 2, 0, 0, 0, 0
0, 0, 101, 702, 221, 0, 0, 0, 0, 0, 9, 682, 332, 1, 0, 0, 159, 791, 74, 0, 0, 0, 0, 0
0, 22, 386, 200, 0, 0, 0, 0, 0, 14, 294, 300, 0, 0, 0, 0, 247, 361, 0, 0, 0, 0, 0, 0
0, 35, 198, 217, 204, 294, 75, 1, 0, 43, 219, 224, 222, 268, 48, 0, 233, 483, 272, 33, 3, 0, 0, 0
0, 56, 188, 198, 296, 250, 36, 0, 0, 52, 209, 184, 324, 237, 18, 0, 233, 467, 300, 24, 0, 0, 0, 0
0, 35, 198, 438, 286, 65, 2, 0, 0, 35, 137, 375, 379, 92, 6, 0, 234, 593, 186, 11, 0, 0, 0, 0
0, 0, 101, 424, 382, 114, 3, 0, 0, 1, 26, 402, 468, 122, 5, 0, 180, 728, 111, 5, 0, 0, 0, 0
0, 7, 76, 325, 395, 219, 2, 0, 0, 4, 52, 269, 474, 223, 2, 0, 207, 720, 97, 0, 0, 0, 0, 0
0, 22, 396, 553, 53, 0, 0, 0, 0, 1, 125, 665, 231, 2, 0, 0, 176, 764, 84, 0, 0, 0, 0, 0
0, 3, 314, 664, 43, 0, 0, 0, 0, 0, 38, 698, 287, 1, 0, 0, 179, 789, 56, 0, 0, 0, 0, 0
0, 3, 323, 629, 69, 0, 0, 0, 0, 0, 65, 564, 393, 2, 0, 0, 193, 759, 72, 0, 0, 0, 0, 0
0, 46, 560, 374, 44, 0, 0, 0, 0, 0, 282, 504, 228, 10, 0, 0, 357, 577, 90, 0, 0, 0, 0, 0
0, 1, 186, 445, 362, 30, 0, 0, 0, 0, 75, 302, 532, 115, 0, 0, 246, 681, 97, 0, 0, 0, 0, 0
0, 0, 25, 412, 488, 98, 1, 0, 0, 0, 0, 215, 604, 204, 1, 0, 223, 688, 113, 0, 0, 0, 0, 0
0, 0, 23, 342, 473, 177, 9, 0, 0, 0, 8, 237, 549, 219, 11, 0, 279, 648, 97, 0, 0, 0, 0, 0
0, 2, 59, 142, 344, 370, 106, 1, 0, 13, 69, 159, 315, 384, 83, 1, 201, 591, 224, 8, 0, 0, 0, 0
0, 11, 61, 80, 215, 394, 241, 22, 0, 20, 65, 92, 255, 411, 177, 4, 234, 479, 265, 44, 2, 0, 0, 0
0, 1, 41, 167, 321, 370, 115, 9, 0, 6, 66, 190, 353, 325, 82, 2, 188, 551, 253, 30, 2, 0, 0, 0
0, 1, 47, 377, 552, 47, 0, 0, 0, 0, 44, 280, 628, 72, 0, 0, 81, 689, 248, 6, 0, 0, 0, 0
0, 19, 223, 547, 233, 2, 0, 0, 0, 19, 215, 515, 274, 1, 0, 0, 147, 684, 192, 1, 0, 0, 0, 0
3, 57, 354, 438, 166, 6, 0, 0, 6, 63, 363, 399, 186, 7, 0, 0, 167, 629, 221, 7, 0, 0, 0, 0
14, 81, 339, 509, 75, 3, 3, 0, 18, 97, 342, 495, 68, 2, 2, 0, 227, 571, 220, 6, 0, 0, 0, 0
0, 10, 145, 371, 170, 179, 143, 6, 0, 14, 184, 347, 201, 225, 53, 0, 177, 567, 254, 26, 0, 0, 0, 0
0, 0, 12, 200, 152, 319, 313, 28, 0, 0, 6, 235, 256, 419, 108, 0, 134, 557, 321, 12, 0, 0, 0, 0
0, 0, 67, 114, 206, 192, 29, 0, 0, 0, 72, 172, 245, 116, 3, 0, 147, 343, 116, 2, 0, 0, 0, 0
0, 36, 112, 187, 317, 314, 58, 0, 9, 52, 115, 205, 304, 298, 41, 0, 240, 483, 254, 47, 0, 0, 0, 0
5, 65, 232, 405, 199, 104, 14, 0, 3, 83, 171, 399, 280, 82, 6, 0, 249, 588, 181, 6, 0, 0, 0, 0
0, 2, 183, 571, 229, 38, 1, 0, 0, 1, 52, 447, 457, 65, 2, 0, 188, 717, 114, 5, 0, 0, 0, 0
0, 0, 164, 533, 299, 28, 0, 0, 0, 0, 45, 421, 483, 72, 3, 0, 210, 722, 91, 1, 0, 0, 0, 0
0, 28, 601, 220, 163, 12, 0, 0, 0, 0, 352, 423, 222, 27, 0, 0, 383, 551, 90, 0, 0, 0, 0, 0
0, 18, 651, 312, 37, 6, 0, 0, 0, 4, 211, 717, 72, 20, 0, 0, 327, 666, 31, 0, 0, 0, 0, 0
0, 0, 145, 757, 122, 0, 0, 0, 0, 0, 37, 541, 428, 18, 0, 0, 101, 857, 66, 0, 0, 0, 0, 0
0, 12, 402, 533, 77, 0, 0, 0, 0, 0, 88, 620, 303, 13, 0, 0, 224, 727, 73, 0, 0, 0, 0, 0
0, 3, 245, 614, 158, 4, 0, 0, 0, 0, 51, 537, 377, 59, 0, 0, 231, 748, 45, 0, 0, 0, 0, 0
0, 0, 97, 730, 197, 0, 0, 0, 0, 0, 36, 478, 502, 8, 0, 0, 248, 741, 35, 0, 0, 0, 0, 0
0, 1, 54, 425, 473, 71, 0, 0, 0, 0, 18, 275, 569, 156, 6, 0, 278, 669, 77, 0, 0, 0, 0, 0
0, 34, 95, 236, 372, 252, 35, 0, 0, 43, 103, 224, 351, 273, 30, 0, 317, 497, 206, 4, 0, 0, 0, 0
0, 32, 108, 124, 256, 323, 168, 13, 1, 36, 123, 152, 268, 316, 125, 3, 282, 473, 256, 13, 0, 0, 0, 0
0, 27, 88, 152, 174, 296, 277, 10, 4, 48, 101, 168, 168, 346, 185, 4, 257, 480, 253, 33, 1, 0, 0, 0
55, 160, 309, 233, 173, 67, 22, 5, 50, 198, 310, 228, 170, 51, 16, 1, 372, 463, 165, 24, 0, 0, 0, 0
25, 130, 299, 402, 161, 7, 0, 0, 31, 152, 276, 379, 173, 13, 0, 0, 287, 529, 203, 5, 0, 0, 0, 0
0, 0, 116, 595, 310, 3, 0, 0, 0, 3, 128, 589, 302, 2, 0, 0, 98, 697, 229, 0, 0, 0, 0, 0
0, 1, 227, 589, 203, 4, 0, 0, 0, 1, 225, 578, 214, 6, 0, 0, 107, 740, 173, 4, 0, 0, 0, 0
0, 11, 204, 554, 151, 63, 40, 1, 0, 11, 234, 537, 177, 56, 9, 0, 149, 663, 205, 7, 0, 0, 0, 0
0, 0, 2, 7, 37, 368, 587, 23, 0, 0, 6, 14, 253, 649, 102, 0, 70, 707, 244, 3, 0, 0, 0, 0
0, 0, 0, 10, 152, 663, 198, 1, 0, 0, 0, 69, 506, 420, 29, 0, 85, 735, 204, 0, 0, 0, 0, 0
0, 0, 5, 100, 322, 163, 18, 0, 0, 0, 25, 211, 311, 61, 0, 0, 98, 406, 104, 0, 0, 0, 0, 0
0, 10, 70, 152, 324, 404, 64, 0, 0, 12, 89, 171, 294, 403, 55, 0, 201, 456, 337, 30, 0, 0, 0, 0
0, 18, 152, 277, 307, 192, 78, 0, 0, 8, 134, 305, 320, 216, 41, 0, 185, 577, 240, 19, 3, 0, 0, 0
0, 25, 117, 603, 279, 0, 0, 0, 0, 17, 84, 538, 375, 10, 0, 0, 168, 708, 147, 1, 0, 0, 0, 0
3, 30, 115, 368, 410, 98, 0, 0, 0, 23, 87, 324, 406, 182, 2, 0, 160, 622, 241, 1, 0, 0, 0, 0
0, 9, 220, 256, 436, 103, 0, 0, 0, 0, 86, 274, 470, 194, 0, 0, 148, 765, 111, 0, 0, 0, 0, 0
0, 31, 695, 273, 21, 4, 0, 0, 0, 2, 296, 639, 79, 8, 0, 0, 205, 760, 57, 2, 0, 0, 0, 0
0, 29, 253, 564, 178, 0, 0, 0, 0, 4, 115, 373, 490, 42, 0, 0, 153, 735, 136, 0, 0, 0, 0, 0
0, 0, 10, 361, 607, 46, 0, 0, 0, 0, 0, 117, 684, 221, 2, 0, 107, 759, 157, 1, 0, 0, 0, 0
0, 0, 11, 193, 564, 247, 9, 0, 0, 0, 6, 93, 506, 395, 24, 0, 170, 657, 194, 3, 0, 0, 0, 0
0, 0, 20, 342, 501, 161, 0, 0, 0, 0, 1, 177, 592, 247, 7, 0, 107, 705, 211, 1, 0, 0, 0, 0
0, 0, 16, 348, 551, 109, 0, 0, 0, 0, 9, 198, 650, 167, 0, 0, 171, 773, 80, 0, 0, 0, 0, 0
0, 0, 8, 107, 362, 430, 116, 1, 0, 0, 8, 104, 348, 447, 117, 0, 151, 598, 272, 3, 0, 0, 0, 0
0, 0, 18, 110, 314, 419, 158, 5, 0, 0, 34, 151, 382, 372, 84, 1, 218, 488, 295, 23, 0, 0, 0, 0
31, 72, 114, 136, 217, 272, 179, 3, 32, 90, 128, 150, 221, 301, 101, 1, 294, 462, 251, 16, 1, 0, 0, 0
81, 203, 200, 129, 156, 168, 78, 9, 86, 237, 198, 130, 166, 161, 44, 2, 421, 376, 174, 52, 1, 0, 0, 0
92, 260, 354, 186, 77, 39, 16, 0, 94, 304, 338, 172, 70, 36, 10, 0, 467, 371, 143, 41, 2, 0, 0, 0
21, 59, 273, 453, 205, 13, 0, 0, 28, 68, 296, 408, 213, 11, 0, 0, 204, 565, 242, 13, 0, 0, 0, 0
0, 0, 112, 708, 204, 0, 0, 0, 0, 0, 65, 591, 367, 1, 0, 0, 58, 879, 86, 1, 0, 0, 0, 0
0, 9, 404, 502, 88, 12, 7, 2, 0, 3, 272, 563, 171, 8, 7, 0, 112, 776, 130, 6, 0, 0, 0, 0
0, 0, 15, 78, 138, 217, 423, 153, 0, 0, 19, 95, 211, 427, 269, 3, 67, 491, 448, 18, 0, 0, 0, 0
0, 0, 18, 36, 200, 533, 236, 1, 0, 2, 25, 73, 474, 420, 30, 0, 93, 700, 231, 0, 0, 0, 0, 0
3, 30, 92, 228, 218, 37, 0, 0, 8, 41, 107, 258, 178, 16, 0, 0, 140, 340, 117, 11, 0, 0, 0, 0
0, 6, 41, 156, 334, 338, 135, 14, 0, 6, 57, 158, 377, 340, 85, 1, 159, 499, 356, 10, 0, 0, 0, 0
0, 2, 35, 429, 430, 106, 22, 0, 0, 2, 12, 309, 510, 170, 21, 0, 116, 731, 177, 0, 0, 0, 0, 0
0, 33, 258, 464, 261, 8, 0, 0, 0, 26, 195, 493, 287, 23, 0, 0, 250, 631, 143, 0, 0, 0, 0, 0
0, 5, 179, 478, 313, 49, 0, 0, 0, 0, 49, 401, 460, 110, 4, 0, 126, 768, 127, 3, 0, 0, 0, 0
0, 3, 337, 348, 327, 9, 0, 0, 0, 0, 77, 510, 422, 15, 0, 0, 167, 808, 49, 0, 0, 0, 0, 0
0, 36, 291, 576, 117, 4, 0, 0, 0, 1, 172, 545, 284, 22, 0, 0, 205, 699, 120, 0, 0, 0, 0, 0
0, 0, 58, 636, 313, 17, 0, 0, 0, 0, 4, 300, 600, 120, 0, 0, 166, 734, 124, 0, 0, 0, 0, 0
0, 0, 19, 441, 521, 43, 0, 0, 0, 0, 5, 186, 692, 139, 2, 0, 151, 732, 140, 1, 0, 0, 0, 0
0, 0, 4, 152, 577, 283, 8, 0, 0, 0, 1, 105, 474, 415, 29, 0, 136, 672, 211, 5, 0, 0, 0, 0
0, 4, 41, 215, 655, 108, 1, 0, 0, 2, 36, 118, 601, 256, 11, 0, 142, 693, 186, 3, 0, 0, 0, 0
0, 0, 8, 181, 713, 122, 0, 0, 0, 0, 2, 53, 618, 348, 3, 0, 133, 738, 153, 0, 0, 0, 0, 0
0, 0, 15, 157, 538, 275, 39, 0, 0, 0, 22, 169, 480, 314, 39, 0, 183, 668, 165, 8, 0, 0, 0, 0
0, 65, 222, 172, 257, 246, 62, 0, 0, 63, 240, 178, 258, 241, 44, 0, 294, 420, 265, 44, 1, 0, 0, 0
0, 1, 20, 81, 237, 504, 181, 0, 0, 1, 39, 108, 270, 530, 76, 0, 175, 517, 310, 22, 0, 0, 0, 0
1, 72, 185, 191, 262, 232, 81, 0, 6, 113, 183, 206, 269, 212, 35, 0, 266, 448, 277, 31, 2, 0, 0, 0
76, 109, 263, 314, 192, 61, 9, 0, 74, 136, 273, 286, 183, 67, 5, 0, 325, 440, 241, 18, 0, 0, 0, 0
34, 27, 63, 471, 407, 22, 0, 0, 38, 25, 47, 391, 485, 38, 0, 0, 129, 670, 221, 4, 0, 0, 0, 0
0, 0, 86, 756, 181, 1, 0, 0, 0, 0, 35, 623, 357, 9, 0, 0, 48, 899, 77, 0, 0, 0, 0, 0
0, 18, 320, 444, 156, 48, 38, 0, 0, 19, 270, 506, 162, 52, 15, 0, 209, 650, 154, 11, 0, 0, 0, 0
0, 7, 166, 153, 112, 230, 293, 63, 0, 13, 184, 172, 181, 364, 109, 1, 136, 586, 291, 11, 0, 0, 0, 0
0, 0, 12, 124, 327, 396, 164, 1, 0, 0, 48, 221, 443, 290, 22, 0, 147, 667, 200, 10, 0, 0, 0, 0
0, 8, 58, 238, 281, 23, 0, 0, 0, 19, 129, 308, 149, 3, 0, 0, 135, 372, 101, 0, 0, 0, 0, 0
0, 107, 277, 264, 263, 89, 24, 0, 2, 121, 237, 292, 258, 96, 18, 0, 296, 536, 184, 8, 0, 0, 0, 0
0, 6, 404, 550, 63, 1, 0, 0, 0, 2, 149, 724, 147, 2, 0, 0, 240, 717, 67, 0, 0, 0, 0, 0
0, 43, 280, 584, 116, 1, 0, 0, 0, 47, 212, 526, 235, 4, 0, 0, 235, 709, 80, 0, 0, 0, 0, 0
0, 13, 215, 668, 125, 3, 0, 0, 0, 0, 78, 527, 406, 13, 0, 0, 209, 700, 115, 0, 0, 0, 0, 0
1, 141, 562, 239, 59, 22, 0, 0, 0, 10, 423, 461, 96, 34, 0, 0, 382, 600, 42, 0, 0, 0, 0, 0
0, 0, 248, 603, 171, 2, 0, 0, 0, 0, 37, 547, 422, 18, 0, 0, 129, 786, 109, 0, 0, 0, 0, 0
0, 0, 59, 642, 321, 2, 0, 0, 0, 0, 2, 279, 698, 45, 0, 0, 117, 802, 105, 0, 0, 0, 0, 0
0, 1, 184, 510, 275, 54, 0, 0, 0, 0, 39, 396, 472, 113, 4, 0, 135, 747, 139, 3, 0, 0, 0, 0
0, 0, 329, 431, 231, 33, 0, 0, 0, 0, 21, 584, 350, 68, 1, 0, 231, 726, 66, 1, 0, 0, 0, 0
0, 11, 94, 407, 466, 46, 0, 0, 0, 6, 76, 321, 516, 104, 1, 0, 196, 701, 126, 1, 0, 0, 0, 0
0, 1, 16, 138, 492, 336, 38, 3, 0, 1, 12, 67, 465, 429, 50, 0, 143, 654, 227, 0, 0, 0, 0, 0
0, 28, 44, 159, 477, 282, 32, 2, 0, 32, 52, 158, 424, 333, 25, 0, 208, 647, 167, 2, 0, 0, 0, 0
11, 206, 283, 184, 158, 173, 9, 0, 19, 250, 255, 185, 160, 153, 2, 0, 352, 474, 187, 11, 0, 0, 0, 0
0, 9, 28, 140, 404, 372, 65, 6, 0, 13, 38, 131, 420, 369, 53, 0, 154, 512, 323, 30, 5, 0, 0, 0
0, 0, 8, 96, 424, 481, 15, 0, 0, 0, 17, 104, 464, 435, 4, 0, 133, 722, 167, 2, 0, 0, 0, 0
0, 12, 88, 235, 455, 214, 20, 0, 0, 25, 112, 279, 434, 162, 12, 0, 213, 534, 264, 13, 0, 0, 0, 0
0, 0, 37, 319, 645, 23, 0, 0, 0, 1, 35, 272, 678, 38, 0, 0, 100, 696, 228, 0, 0, 0, 0, 0
0, 7, 93, 569, 355, 0, 0, 0, 0, 7, 82, 512, 423, 0, 0, 0, 144, 787, 93, 0, 0, 0, 0, 0
0, 44, 473, 487, 18, 2, 0, 0, 0, 51, 464, 489, 19, 1, 0, 0, 368, 635, 21, 0, 0, 0, 0, 0
6, 97, 190, 145, 104, 176, 259, 47, 15, 111, 205, 165, 165, 264, 98, 1, 194, 449, 333, 48, 0, 0, 0, 0
0, 15, 134, 189, 304, 287, 93, 2, 3, 33, 171, 263, 343, 195, 16, 0, 190, 533, 288, 13, 0, 0, 0, 0
0, 28, 182, 261, 118, 19, 0, 0, 1, 64, 227, 239, 73, 4, 0, 0, 126, 361, 115, 6, 0, 0, 0, 0
5, 95, 195, 213, 228, 233, 55, 0, 13, 113, 178, 198, 256, 224, 42, 0, 254, 528, 210, 30, 2, 0, 0, 0
0, 13, 254, 486, 238, 33, 0, 0, 0, 32, 148, 444, 328, 72, 0, 0, 224, 634, 165, 1, 0, 0, 0, 0
0, 2, 320, 586, 116, 0, 0, 0, 0, 0, 94, 727, 203, 0, 0, 0, 261, 730, 33, 0, 0, 0, 0, 0
0, 20, 193, 645, 157, 9, 0, 0, 0, 14, 88, 559, 333, 30, 0, 0, 210, 739, 75, 0, 0, 0, 0, 0
0, 0, 175, 604, 223, 22, 0, 0, 0, 0, 12, 493, 479, 40, 0, 0, 188, 764, 65, 7, 0, 0, 0, 0
0, 0, 227, 757, 40, 0, 0, 0, 0, 0, 24, 684, 314, 2, 0, 0, 205, 777, 42, 0, 0, 0, 0, 0
0, 1, 129, 569, 307, 18, 0, 0, 0, 0, 26, 308, 582, 107, 1, 0, 170, 736, 118, 0, 0, 0, 0, 0
0, 11, 379, 422, 191, 21, 0, 0, 0, 0, 144, 575, 262, 43, 0, 0, 321, 608, 95, 0, 0, 0, 0, 0
0, 21, 467, 361, 135, 40, 0, 0, 0, 10, 156, 621, 166, 69, 2, 0, 369, 549, 103, 3, 0, 0, 0, 0
0, 2, 37, 216, 515, 251, 3, 0, 0, 2, 34, 198, 520, 269, 1, 0, 240, 628, 155, 1, 0, 0, 0, 0
0, 4, 42, 174, 420, 342, 42, 0, 0, 6, 48, 164, 390, 348, 66, 2, 205, 590, 210, 19, 0, 0, 0, 0
0, 0, 8, 113, 559, 329, 15, 0, 0, 0, 5, 62, 504, 421, 32, 0, 135, 751, 136, 2, 0, 0, 0, 0
0, 0, 12, 75, 532, 398, 7, 0, 0, 1, 10, 50, 435, 512, 16, 0, 114, 719, 191, 0, 0, 0, 0, 0
0, 3, 26, 90, 291, 474, 140, 0, 0, 6, 29, 109, 299, 461, 120, 0, 164, 534, 317, 9, 0, 0, 0, 0
0, 3, 16, 77, 267, 479, 179, 3, 0, 8, 25, 108, 323, 469, 88, 3, 186, 569, 267, 2, 0, 0, 0, 0
0, 1, 30, 159, 518, 303, 13, 0, 0, 5, 40, 244, 529, 204, 2, 0, 147, 682, 192, 3, 0, 0, 0, 0
0, 0, 36, 336, 533, 119, 0, 0, 0, 0, 39, 343, 551, 91, 0, 0, 122, 746, 156, 0, 0, 0, 0, 0
12, 68, 299, 494, 151, 0, 0, 0, 18, 70, 299, 481, 156, 0, 0, 0, 216, 665, 143, 0, 0, 0, 0, 0
22, 183, 541, 229, 31, 13, 5, 0, 20, 210, 554, 199, 30, 11, 0, 0, 222, 577, 220, 5, 0, 0, 0, 0
0, 0, 91, 179, 118, 233, 333, 70, 0, 4, 154, 175, 217, 403, 70, 1, 83, 604, 308, 29, 0, 0, 0, 0
0, 0, 63, 246, 389, 291, 35, 0, 0, 6, 130, 350, 423, 115, 0, 0, 143, 550, 320, 11, 0, 0, 0, 0
1, 79, 185, 212, 120, 11, 0, 0, 7, 116, 214, 178, 92, 1, 0, 0, 164, 298, 142, 4, 0, 0, 0, 0
0, 12, 101, 302, 400, 207, 2, 0, 0, 17, 131, 309, 416, 151, 0, 0, 209, 598, 213, 4, 0, 0, 0, 0
0, 9, 87, 261, 501, 159, 7, 0, 0, 13, 99, 256, 456, 196, 4, 0, 222, 584, 206, 12, 0, 0, 0, 0
0, 4, 37, 274, 482, 220, 7, 0, 0, 2, 36, 261, 511, 207, 7, 0, 198, 695, 131, 0, 0, 0, 0, 0
0, 10, 120, 333, 402, 149, 10, 0, 0, 9, 106, 301, 418, 178, 12, 0, 223, 637, 162, 2, 0, 0, 0, 0
0, 48, 350, 351, 182, 79, 14, 0, 0, 6, 250, 441, 227, 84, 16, 0, 273, 610, 139, 2, 0, 0, 0, 0
0, 17, 217, 669, 121, 0, 0, 0, 0, 9, 66, 630, 307, 12, 0, 0, 211, 736, 77, 0, 0, 0, 0, 0
0, 45, 375, 391, 199, 14, 0, 0, 0, 0, 278, 349, 318, 79, 0, 0, 301, 612, 107, 4, 0, 0, 0, 0
0, 0, 85, 529, 389, 20, 1, 0, 0, 0, 44, 361, 537, 81, 1, 0, 222, 684, 115, 3, 0, 0, 0, 0
0, 0, 3, 168, 717, 136, 0, 0, 0, 0, 1, 76, 716, 231, 0, 0, 186, 750, 88, 0, 0, 0, 0, 0
0, 2, 32, 214, 563, 209, 4, 0, 0, 1, 29, 127, 579, 283, 5, 0, 200, 669, 153, 2, 0, 0, 0, 0
0, 2, 47, 165, 343, 388, 76, 3, 0, 3, 53, 160, 331, 403, 71, 3, 225, 575, 209, 15, 0, 0, 0, 0
0, 2, 21, 252, 414, 224, 108, 3, 0, 1, 24, 184, 504, 230, 81, 0, 192, 627, 197, 8, 0, 0, 0, 0
0, 2, 22, 265, 582, 151, 2, 0, 0, 1, 16, 165, 573, 260, 9, 0, 213, 691, 120, 0, 0, 0, 0, 0
0, 1, 46, 106, 468, 384, 19, 0, 0, 1, 46, 98, 457, 393, 29, 0, 209, 639, 176, 0, 0, 0, 0, 0
2, 10, 30, 118, 374, 458, 32, 0, 3, 11, 50, 156, 430, 369, 5, 0, 241, 639, 142, 2, 0, 0, 0, 0
1, 42, 113, 446, 292, 109, 21, 0, 2, 44, 109, 423, 350, 96, 0, 0, 196, 698, 128, 2, 0, 0, 0, 0
0, 23, 162, 409, 311, 114, 5, 0, 1, 38, 171, 412, 298, 102, 2, 0, 256, 587, 173, 8, 0, 0, 0, 0
9, 150, 384, 359, 106, 16, 0, 0, 12, 190, 411, 319, 81, 11, 0, 0, 265, 555, 199, 5, 0, 0, 0, 0
9, 132, 478, 237, 133, 26, 9, 0, 13, 170, 472, 236, 115, 18, 0, 0, 115, 558, 323, 28, 0, 0, 0, 0
0, 0, 9, 46, 99, 470, 380, 20, 0, 0, 27, 68, 367, 496, 66, 0, 51, 507, 421, 44, 1, 0, 0, 0
0, 0, 66, 157, 361, 378, 62, 0, 0, 15, 99, 279, 441, 187, 3, 0, 93, 517, 381, 33, 0, 0, 0, 0
0, 1, 110, 236, 194, 64, 3, 0, 0, 16, 167, 249, 147, 29, 0, 0, 107, 340, 151, 10, 0, 0, 0, 0
0, 47, 253, 429, 275, 20, 0, 0, 0, 55, 254, 356, 314, 45, 0, 0, 308, 576, 133, 7, 0, 0, 0, 0
0, 45, 163, 450, 345, 21, 0, 0, 0, 44, 150, 408, 377, 45, 0, 0, 287, 612, 116, 9, 0, 0, 0, 0
0, 0, 61, 455, 486, 22, 0, 0, 0, 2, 53, 322, 613, 34, 0, 0, 194, 755, 75, 0, 0, 0, 0, 0
0, 0, 25, 361, 566, 72, 0, 0, 0, 0, 9, 167, 690, 158, 0, 0, 159, 803, 62, 0, 0, 0, 0, 0
0, 26, 319, 215, 231, 186, 46, 1, 0, 5, 179, 365, 257, 181, 36, 1, 283, 546, 187, 8, 0, 0, 0, 0
0, 22, 386, 587, 29, 0, 0, 0, 0, 0, 137, 697, 186, 4, 0, 0, 154, 794, 74, 2, 0, 0, 0, 0
0, 0, 131, 611, 273, 9, 0, 0, 0, 0, 23, 359, 588, 54, 0, 0, 132, 761, 131, 0, 0, 0, 0, 0
0, 0, 2, 397, 574, 50, 1, 0, 0, 0, 0, 216, 655, 151, 2, 0, 178, 722, 122, 2, 0, 0, 0, 0
0, 0, 88, 435, 474, 27, 0, 0, 0, 0, 8, 281, 630, 100, 5, 0, 192, 729, 103, 0, 0, 0, 0, 0
0, 0, 52, 354, 536, 82, 0, 0, 0, 0, 31, 275, 557, 155, 6, 0, 232, 687, 105, 0, 0, 0, 0, 0
0, 4, 35, 58, 345, 448, 134, 0, 0, 4, 35, 38, 293, 538, 116, 0, 140, 697, 187, 0, 0, 0, 0, 0
0, 19, 105, 180, 385, 300, 33, 2, 0, 27, 122, 161, 389, 300, 23, 2, 295, 543, 176, 10, 0, 0, 0, 0
0, 33, 119, 191, 377, 282, 22, 0, 1, 49, 135, 146, 401, 279, 13, 0, 274, 524, 207, 19, 0, 0, 0, 0
7, 99, 61, 145, 422, 229, 59, 2, 7, 108, 72, 145, 463, 211, 18, 0, 316, 527, 155, 25, 1, 0, 0, 0
0, 37, 181, 405, 330, 68, 3, 0, 0, 47, 199, 407, 333, 38, 0, 0, 276, 613, 131, 4, 0, 0, 0, 0
0, 0, 5, 185, 519, 311, 4, 0, 0, 0, 5, 188, 588, 243, 0, 0, 80, 709, 233, 2, 0, 0, 0, 0
0, 0, 8, 268, 614, 134, 0, 0, 0, 0, 13, 295, 634, 82, 0, 0, 92, 773, 159, 0, 0, 0, 0, 0
0, 28, 197, 477, 300, 22, 0, 0, 1, 48, 241, 474, 253, 7, 0, 0, 228, 601, 192, 3, 0, 0, 0, 0
0, 5, 79, 753, 187, 0, 0, 0, 0, 6, 110, 743, 165, 0, 0, 0, 16, 513, 490, 5, 0, 0, 0, 0
0, 18, 497, 420, 32, 34, 22, 1, 0, 31, 617, 298, 38, 36, 4, 0, 73, 527, 420, 4, 0, 0, 0, 0
3, 103, 512, 247, 90, 64, 5, 0, 8, 155, 517, 217, 91, 36, 0, 0, 143, 561, 315, 5, 0, 0, 0, 0
0, 24, 272, 202, 99, 11, 0, 0, 0, 53, 314, 174, 62, 5, 0, 0, 80, 350, 164, 14, 0, 0, 0, 0
0, 57, 261, 501, 161, 44, 0, 0, 0, 49, 143, 484, 272, 76, 0, 0, 223, 692, 109, 0, 0, 0, 0, 0
0, 27, 217, 669, 111, 0, 0, 0, 0, 19, 104, 608, 293, 0, 0, 0, 250, 726, 48, 0, 0, 0, 0, 0
0, 0, 63, 543, 404, 14, 0, 0, 0, 0, 31, 445, 533, 15, 0, 0, 204, 758, 62, 0, 0, 0, 0, 0
0, 5, 42, 318, 518, 137, 4, 0, 0, 3, 27, 287, 551, 154, 2, 0, 157, 718, 149, 0, 0, 0, 0, 0
0, 65, 390, 313, 215, 41, 0, 0, 0, 21, 269, 466, 222, 46, 0, 0, 305, 603, 116, 0, 0, 0, 0, 0
3, 24, 429, 509, 59, 0, 0, 0, 1, 11, 146, 647, 207, 12, 0, 0, 180, 785, 59, 0, 0, 0, 0, 0
0, 40, 476, 434, 74, 0, 0, 0, 0, 0, 202, 538, 269, 15, 0, 0, 271, 689, 64, 0, 0, 0, 0, 0
0, 8, 115, 647, 245, 9, 0, 0, 0, 0, 45, 308, 603, 68, 0, 0, 144, 768, 112, 0, 0, 0, 0, 0
0, 0, 17, 466, 494, 47, 0, 0, 0, 0, 9, 263, 648, 102, 2, 0, 205, 763, 56, 0, 0, 0, 0, 0
0, 0, 29, 252, 427, 289, 24, 3, 0, 0, 31, 224, 494, 258, 15, 2, 197, 686, 135, 4, 2, 0, 0, 0
0, 0, 36, 298, 560, 127, 3, 0, 0, 1, 32, 179, 547, 258, 7, 0, 169, 688, 167, 0, 0, 0, 0, 0
0, 0, 12, 184, 645, 180, 3, 0, 0, 0, 2, 98, 618, 294, 12, 0, 133, 711, 177, 3, 0, 0, 0, 0
0, 4, 56, 113, 507, 296, 47, 1, 0, 7, 59, 116, 471, 332, 39, 0, 195, 573, 252, 4, 0, 0, 0, 0
0, 64, 149, 169, 249, 269, 119, 5, 0, 92, 154, 200, 266, 256, 56, 0, 239, 450, 303, 32, 0, 0, 0, 0
0, 21, 184, 502, 280, 36, 1, 0, 0, 24, 139, 506, 324, 30, 1, 0, 235, 607, 175, 7, 0, 0, 0, 0
0, 22, 258, 506, 235, 3, 0, 0, 0, 28, 254, 463, 273, 6, 0, 0, 249, 632, 143, 0, 0, 0, 0, 0
0, 51, 271, 267, 297, 137, 1, 0, 0, 79, 286, 268, 285, 106, 0, 0, 156, 620, 240, 8, 0, 0, 0, 0
11, 292, 366, 221, 130, 4, 0, 0, 8, 223, 461, 250, 81, 1, 0, 0, 124, 664, 232, 4, 0, 0, 0, 0
67, 389, 449, 118, 1, 0, 0, 0, 32, 352, 523, 116, 1, 0, 0, 0, 180, 661, 180, 3, 0, 0, 0, 0
181, 343, 424, 76, 0, 0, 0, 0, 156, 355, 437, 76, 0, 0, 0, 0, 246, 626, 152, 0, 0, 0, 0, 0
44, 265, 616, 99, 0, 0, 0, 0, 52, 279, 610, 83, 0, 0, 0, 0, 186, 636, 202, 0, 0, 0, 0, 0
20, 180, 312, 53, 43, 0, 0, 0, 21, 187, 306, 56, 38, 0, 0, 0, 118, 367, 119, 4, 0, 0, 0, 0
0, 19, 67, 499, 379, 60, 0, 0, 0, 22, 55, 362, 487, 95, 3, 0, 179, 715, 130, 0, 0, 0, 0, 0
0, 31, 339, 529, 122, 3, 0, 0, 0, 25, 119, 643, 231, 6, 0, 0, 239, 718, 67, 0, 0, 0, 0, 0
0, 3, 119, 754, 148, 0, 0, 0, 0, 0, 34, 660, 329, 1, 0, 0, 214, 785, 25, 0, 0, 0, 0, 0
0, 48, 132, 504, 334, 6, 0, 0, 0, 38, 97, 388, 476, 25, 0, 0, 298, 650, 76, 0, 0, 0, 0, 0
0, 9, 352, 513, 150, 0, 0, 0, 0, 0, 86, 643, 291, 4, 0, 0, 184, 789, 51, 0, 0, 0, 0, 0
0, 28, 237, 618, 141, 0, 0, 0, 0, 4, 105, 540, 371, 4, 0, 0, 162, 801, 61, 0, 0, 0, 0, 0
0, 9, 190, 266, 470, 89, 0, 0, 0, 2, 102, 213, 524, 175, 8, 0, 244, 633, 145, 2, 0, 0, 0, 0
0, 5, 292, 568, 131, 28, 0, 0, 0, 1, 82, 597, 305, 38, 1, 0, 321, 624, 78, 1, 0, 0, 0, 0
0, 0, 49, 768, 207, 0, 0, 0, 0, 0, 13, 506, 505, 0, 0, 0, 260, 751, 13, 0, 0, 0, 0, 0
0, 4, 163, 693, 160, 4, 0, 0, 0, 2, 51, 562, 390, 19, 0, 0, 175, 768, 77, 4, 0, 0, 0, 0
0, 0, 11, 263, 669, 81, 0, 0, 0, 0, 2, 141, 609, 271, 1, 0, 153, 785, 86, 0, 0, 0, 0, 0
0, 0, 3, 102, 468, 417, 34, 0, 0, 0, 2, 70, 423, 502, 27, 0, 127, 730, 165, 2, 0, 0, 0, 0
0, 30, 120, 265, 422, 170, 17, 0, 0, 37, 126, 236, 424, 185, 16, 0, 261, 563, 194, 6, 0, 0, 0, 0
0, 12, 121, 298, 493, 100, 0, 0, 0, 20, 131, 283, 499, 91, 0, 0, 285, 561, 178, 0, 0, 0, 0, 0
0, 21, 65, 177, 477, 274, 10, 0, 0, 21, 73, 220, 486, 218, 6, 0, 200, 689, 133, 2, 0, 0, 0, 0
0, 23, 87, 409, 441, 64, 0, 0, 2, 22, 90, 386, 433, 91, 0, 0, 170, 710, 144, 0, 0, 0, 0, 0
0, 0, 43, 268, 554, 159, 0, 0, 0, 1, 84, 325, 487, 127, 0, 0, 112, 621, 289, 2, 0, 0, 0, 0
8, 113, 548, 220, 129, 6, 0, 0, 9, 168, 538, 186, 119, 4, 0, 0, 86, 735, 198, 5, 0, 0, 0, 0
84, 305, 490, 145, 0, 0, 0, 0, 101, 321, 476, 126, 0, 0, 0, 0, 270, 568, 182, 4, 0, 0, 0, 0
13, 381, 559, 71, 0, 0, 0, 0, 20, 430, 511, 63, 0, 0, 0, 0, 115, 671, 232, 6, 0, 0, 0, 0
98, 475, 405, 46, 0, 0, 0, 0, 94, 500, 379, 51, 0, 0, 0, 0, 211, 585, 228, 0, 0, 0, 0, 0
200, 205, 192, 11, 0, 0, 0, 0, 190, 216, 191, 11, 0, 0, 0, 0, 228, 219, 161, 0, 0, 0, 0, 0
0, 0, 50, 599, 373, 2, 0, 0, 0, 0, 27, 467, 523, 7, 0, 0, 158, 811, 55, 0, 0, 0, 0, 0
0, 2, 226, 689, 99, 8, 0, 0, 0, 2, 105, 749, 158, 10, 0, 0, 256, 728, 40, 0, 0, 0, 0, 0
0, 20, 347, 554, 103, 0, 0, 0, 0, 9, 182, 626, 206, 1, 0, 0, 251, 688, 85, 0, 0, 0, 0, 0
0, 16, 184, 619, 192, 13, 0, 0, 0, 3, 98, 425, 466, 32, 0, 0, 223, 702, 99, 0, 0, 0, 0, 0
0, 27, 485, 375, 133, 4, 0, 0, 0, 18, 260, 539, 194, 13, 0, 0, 341, 635, 48, 0, 0, 0, 0, 0
0, 20, 321, 576, 105, 2, 0, 0, 0, 7, 135, 624, 256, 2, 0, 0, 319, 647, 58, 0, 0, 0, 0, 0
0, 0, 29, 571, 412, 12, 0, 0, 0, 0, 8, 239, 718, 59, 0, 0, 166, 826, 32, 0, 0, 0, 0, 0
0, 0, 44, 370, 489, 120, 1, 0, 0, 0, 8, 207, 590, 217, 2, 0, 181, 700, 142, 1, 0, 0, 0, 0
0, 1, 32, 430, 524, 37, 0, 0, 0, 0, 9, 280, 621, 113, 1, 0, 196, 736, 92, 0, 0, 0, 0, 0
0, 2, 24, 244, 704, 50, 0, 0, 0, 0, 7, 92, 736, 189, 0, 0, 108, 785, 131, 0, 0, 0, 0, 0
0, 0, 44, 196, 472, 300, 12, 0, 0, 0, 47, 164, 488, 315, 10, 0, 235, 646, 138, 5, 0, 0, 0, 0
0, 17, 95, 429, 359, 124, 0, 0, 0, 14, 70, 300, 480, 159, 1, 0, 259, 558, 198, 8, 1, 0, 0, 0
0, 5, 56, 467, 384, 112, 0, 0, 0, 4, 40, 340, 481, 156, 3, 0, 164, 715, 144, 1, 0, 0, 0, 0
0, 3, 56, 407, 495, 55, 8, 0, 0, 3, 42, 322, 595, 62, 0, 0, 176, 740, 107, 1, 0, 0, 0, 0
0, 0, 76, 497, 429, 22, 0, 0, 0, 1, 70, 478, 465, 10, 0, 0, 159, 748, 116, 1, 0, 0, 0, 0
0, 0, 55, 382, 547, 40, 0, 0, 0, 0, 60, 338, 567, 59, 0, 0, 139, 711, 174, 0, 0, 0, 0, 0
0, 68, 309, 342, 284, 21, 0, 0, 0, 92, 307, 321, 278, 26, 0, 0, 217, 600, 204, 3, 0, 0, 0, 0
3, 159, 430, 303, 123, 6, 0, 0, 1, 179, 427, 311, 102, 4, 0, 0, 156, 644, 206, 16, 2, 0, 0, 0
52, 323, 594, 55, 0, 0, 0, 0, 65, 376, 548, 35, 0, 0, 0, 0, 190, 694, 140, 0, 0, 0, 0, 0
17, 299, 581, 127, 0, 0, 0, 0, 20, 339, 572, 93, 0, 0, 0, 0, 189, 636, 199, 0, 0, 0, 0, 0
47, 380, 440, 152, 5, 0, 0, 0, 55, 408, 419, 133, 9, 0, 0, 0, 209, 540, 263, 12, 0, 0, 0, 0
142, 107, 167, 189, 3, 0, 0, 0, 138, 109, 155, 197, 9, 0, 0, 0, 219, 282, 102, 5, 0, 0, 0, 0
0, 17, 163, 399, 420, 25, 0, 0, 0, 16, 140, 373, 424, 71, 0, 0, 243, 639, 142, 0, 0, 0, 0, 0
0, 29, 333, 529, 113, 20, 0, 0, 0, 18, 172, 581, 231, 22, 0, 0, 188, 733, 102, 1, 0, 0, 0, 0
0, 0, 39, 649, 335, 1, 0, 0, 0, 0, 17, 414, 583, 10, 0, 0, 129, 821, 74, 0, 0, 0, 0, 0
0, 122, 246, 499, 149, 8, 0, 0, 0, 35, 242, 455, 265, 27, 0, 0, 224, 703, 97, 0, 0, 0, 0, 0
7, 298, 595, 101, 20, 3, 0, 0, 0, 57, 585, 334, 41, 7, 0, 0, 337, 658, 29, 0, 0, 0, 0, 0
0, 20, 362, 556, 86, 0, 0, 0, 0, 1, 134, 634, 247, 8, 0, 0, 235, 746, 43, 0, 0, 0, 0, 0
0, 0, 195, 683, 133, 13, 0, 0, 0, 0, 25, 529, 435, 34, 1, 0, 94, 822, 108, 0, 0, 0, 0, 0
0, 0, 67, 636, 297, 24, 0, 0, 0, 0, 0, 390, 539, 95, 0, 0, 203, 762, 59, 0, 0, 0, 0, 0
0, 0, 16, 289, 568, 143, 8, 0, 0, 0, 3, 172, 662, 174, 13, 0, 188, 728, 108, 0, 0, 0, 0, 0
0, 0, 23, 240, 501, 232, 28, 0, 0, 0, 20, 203, 512, 274, 15, 0, 180, 663, 180, 1, 0, 0, 0, 0
0, 0, 29, 251, 656, 84, 4, 0, 0, 0, 19, 103, 678, 220, 4, 0, 135, 717, 169, 3, 0, 0, 0, 0
0, 0, 14, 547, 418, 45, 0, 0, 0, 0, 0, 247, 633, 143, 1, 0, 189, 727, 108, 0, 0, 0, 0, 0
0, 0, 25, 476, 440, 83, 0, 0, 0, 0, 25, 347, 545, 106, 1, 0, 193, 724, 107, 0, 0, 0, 0, 0
0, 0, 12, 66, 346, 530, 70, 0, 0, 0, 13, 93, 409, 478, 31, 0, 148, 587, 288, 1, 0, 0, 0, 0
0, 8, 134, 397, 366, 118, 1, 0, 0, 9, 159, 402, 371, 83, 0, 0, 203, 610, 204, 7, 0, 0, 0, 0
0, 15, 142, 429, 318, 75, 44, 1, 0, 17, 151, 410, 348, 80, 18, 0, 205, 604, 193, 22, 0, 0, 0, 0
0, 11, 192, 476, 288, 55, 2, 0, 0, 28, 238, 462, 263, 33, 0, 0, 129, 567, 317, 11, 0, 0, 0, 0
1, 89, 398, 404, 113, 19, 0, 0, 1, 120, 436, 381, 82, 4, 0, 0, 116, 625, 257, 26, 0, 0, 0, 0
0, 159, 533, 310, 22, 0, 0, 0, 0, 193, 520, 287, 24, 0, 0, 0, 100, 613, 302, 9, 0, 0, 0, 0
8, 99, 729, 188, 0, 0, 0, 0, 8, 141, 716, 159, 0, 0, 0, 0, 37, 574, 410, 3, 0, 0, 0, 0
7, 102, 555, 353, 7, 0, 0, 0, 11, 112, 503, 377, 21, 0, 0, 0, 76, 597, 350, 1, 0, 0, 0, 0
0, 7, 144, 443, 14, 0, 0, 0, 0, 9, 109, 456, 34, 0, 0, 0, 37, 478, 93, 0, 0, 0, 0, 0
0, 59, 141, 319, 426, 79, 0, 0, 0, 60, 139, 243, 483, 99, 0, 0, 273, 578, 172, 1, 0, 0, 0, 0
0, 62, 160, 596, 170, 36, 0, 0, 0, 44, 124, 435, 391, 30, 0, 0, 205, 703, 113, 3, 0, 0, 0, 0
0, 33, 201, 488, 298, 4, 0, 0, 0, 25, 147, 435, 407, 10, 0, 0, 164, 770, 90, 0, 0, 0, 0, 0
5, 60, 215, 433, 296, 15, 0, 0, 5, 36, 187, 405, 369, 22, 0, 0, 257, 645, 117, 5, 0, 0, 0, 0
0, 198, 674, 142, 10, 0, 0, 0, 0, 54, 493, 436, 41, 0, 0, 0, 284, 680, 59, 1, 0, 0, 0, 0
0, 3, 306, 654, 61, 0, 0, 0, 0, 0, 93, 625, 304, 2, 0, 0, 154, 812, 58, 0, 0, 0, 0, 0
0, 0, 166, 587, 237, 34, 0, 0, 0, 0, 43, 424, 495, 59, 3, 0, 101, 832, 91, 0, 0, 0, 0, 0
0, 0, 148, 563, 289, 24, 0, 0, 0, 0, 32, 495, 430, 65, 2, 0, 239, 698, 87, 0, 0, 0, 0, 0
0, 17, 94, 526, 347, 40, 0, 0, 0, 10, 74, 423, 436, 80, 1, 0, 309, 579, 135, 1, 0, 0, 0, 0
1, 7, 61, 282, 452, 215, 6, 0, 1, 8, 46, 154, 548, 262, 5, 0, 125, 714, 181, 4, 0, 0, 0, 0
0, 0, 26, 347, 489, 138, 24, 0, 0, 0, 13, 170, 586, 228, 27, 0, 149, 673, 202, 0, 0, 0, 0, 0
0, 0, 6, 351, 538, 129, 0, 0, 0, 0, 1, 193, 615, 205, 10, 0, 155, 739, 130, 0, 0, 0, 0, 0
2, 76, 243, 377, 310, 16, 0, 0, 5, 85, 258, 342, 313, 21, 0, 0, 364, 595, 64, 1, 0, 0, 0, 0
7, 210, 313, 215, 104, 126, 49, 0, 23, 218, 302, 214, 114, 132, 21, 0, 387, 452, 174, 11, 0, 0, 0, 0
0, 32, 63, 52, 127, 466, 248, 36, 3, 57, 47, 57, 161, 474, 217, 8, 133, 551, 298, 35, 6, 1, 0, 0
0, 7, 50, 121, 260, 420, 164, 2, 0, 16, 73, 139, 359, 373, 64, 0, 217, 562, 213, 32, 0, 0, 0, 0
2, 44, 156, 189, 248, 286, 94, 5, 6, 53, 189, 210, 299, 213, 52, 2, 184, 546, 274, 20, 0, 0, 0, 0
36, 289, 368, 202, 100, 29, 0, 0, 48, 316, 370, 182, 90, 18, 0, 0, 240, 547, 219, 18, 0, 0, 0, 0
70, 401, 485, 65, 3, 0, 0, 0, 60, 427, 483, 52, 2, 0, 0, 0, 110, 672, 242, 0, 0, 0, 0, 0
159, 381, 434, 50, 0, 0, 0, 0, 124, 421, 429, 50, 0, 0, 0, 0, 227, 585, 212, 0, 0, 0, 0, 0
2, 119, 355, 337, 202, 9, 0, 0, 2, 137, 372, 342, 167, 4, 0, 0, 131, 548, 308, 37, 0, 0, 0, 0
0, 19, 147, 308, 134, 0, 0, 0, 0, 25, 152, 261, 170, 0, 0, 0, 81, 381, 143, 3, 0, 0, 0, 0
0, 13, 284, 547, 171, 9, 0, 0, 0, 5, 107, 610, 268, 34, 0, 0, 153, 767, 103, 1, 0, 0, 0, 0
0, 20, 244, 649, 111, 0, 0, 0, 0, 15, 109, 614, 279, 7, 0, 0, 171, 759, 94, 0, 0, 0, 0, 0
1, 121, 217, 342, 298, 45, 0, 0, 0, 112, 180, 316, 316, 95, 5, 0, 273, 575, 172, 4, 0, 0, 0, 0
2, 24, 183, 251, 422, 141, 1, 0, 1, 9, 129, 297, 461, 120, 7, 0, 141, 678, 204, 1, 0, 0, 0, 0
0, 88, 634, 274, 28, 0, 0, 0, 0, 7, 330, 620, 66, 1, 0, 0, 142, 821, 61, 0, 0, 0, 0, 0
0, 4, 220, 491, 277, 32, 0, 0, 0, 0, 57, 463, 416, 88, 0, 0, 147, 768, 109, 0, 0, 0, 0, 0
0, 0, 8, 233, 577, 201, 5, 0, 0, 0, 1, 81, 618, 314, 10, 0, 64, 778, 182, 0, 0, 0, 0, 0
0, 2, 85, 669, 255, 13, 0, 0, 0, 0, 16, 383, 564, 61, 0, 0, 120, 802, 102, 0, 0, 0, 0, 0
0, 0, 14, 307, 561, 142, 0, 0, 0, 0, 15, 195, 634, 180, 0, 0, 141, 811, 72, 0, 0, 0, 0, 0
0, 0, 166, 294, 419, 142, 3, 0, 0, 0, 40, 355, 410, 202, 17, 0, 101, 692, 231, 0, 0, 0, 0, 0
0, 1, 155, 406, 404, 55, 3, 0, 0, 0, 39, 374, 512, 95, 4, 0, 164, 662, 197, 1, 0, 0, 0, 0
0, 1, 13, 108, 548, 334, 20, 0, 0, 0, 14, 69, 493, 421, 27, 0, 111, 726, 187, 0, 0, 0, 0, 0
0, 75, 279, 216, 307, 143, 4, 0, 0, 101, 264, 244, 326, 86, 3, 0, 256, 584, 178, 6, 0, 0, 0, 0
0, 43, 138, 200, 281, 264, 96, 2, 1, 77, 140, 192, 291, 252, 70, 1, 235, 483, 268, 33, 5, 0, 0, 0
0, 2, 7, 123, 472, 396, 24, 0, 0, 3, 7, 80, 483, 419, 32, 0, 133, 746, 145, 0, 0, 0, 0, 0
0, 0, 3, 444, 461, 115, 1, 0, 0, 0, 12, 502, 436, 74, 0, 0, 57, 756, 210, 1, 0, 0, 0, 0
0, 15, 150, 433, 326, 89, 11, 0, 2, 23, 194, 446, 295, 61, 3, 0, 80, 453, 435, 56, 0, 0, 0, 0
0, 138, 765, 117, 4, 0, 0, 0, 0, 162, 772, 88, 2, 0, 0, 0, 45, 707, 264, 8, 0, 0, 0, 0
37, 358, 587, 42, 0, 0, 0, 0, 43, 415, 550, 16, 0, 0, 0, 0, 85, 683, 256, 0, 0, 0, 0, 0
77, 436, 473, 38, 0, 0, 0, 0, 89, 467, 436, 32, 0, 0, 0, 0, 191, 621, 207, 5, 0, 0, 0, 0
1, 234, 378, 252, 147, 12, 0, 0, 5, 260, 381, 255, 121, 2, 0, 0, 137, 546, 314, 27, 0, 0, 0, 0
0, 4, 100, 299, 199, 6, 0, 0, 0, 19, 114, 285, 190, 0, 0, 0, 52, 320, 227, 9, 0, 0, 0, 0
0, 1, 124, 547, 306, 43, 3, 0, 0, 0, 61, 450, 440, 69, 4, 0, 114, 751, 153, 6, 0, 0, 0, 0
0, 11, 391, 522, 100, 0, 0, 0, 0, 0, 160, 596, 264, 4, 0, 0, 143, 767, 114, 0, 0, 0, 0, 0
0, 0, 211, 783, 30, 0, 0, 0, 0, 0, 31, 647, 346, 0, 0, 0, 114, 870, 40, 0, 0, 0, 0, 0
0, 42, 206, 669, 107, 0, 0, 0, 0, 32, 121, 639, 232, 0, 0, 0, 186, 750, 88, 0, 0, 0, 0, 0
0, 49, 574, 388, 13, 0, 0, 0, 0, 7, 263, 674, 80, 0, 0, 0, 156, 770, 98, 0, 0, 0, 0, 0
0, 0, 217, 696, 98, 13, 0, 0, 0, 0, 6, 646, 353, 19, 0, 0, 89, 852, 82, 1, 0, 0, 0, 0
0, 0, 6, 313, 653, 52, 0, 0, 0, 0, 0, 137, 696, 191, 0, 0, 105, 744, 174, 1, 0, 0, 0, 0
0, 0, 27, 286, 376, 285, 50, 0, 0, 0, 12, 163, 490, 331, 28, 0, 134, 714, 176, 0, 0, 0, 0, 0
0, 41, 145, 331, 376, 108, 23, 0, 0, 35, 125, 264, 460, 129, 11, 0, 251, 612, 161, 0, 0, 0, 0, 0
0, 9, 179, 555, 214, 66, 1, 0, 0, 10, 56, 398, 476, 83, 1, 0, 130, 708, 182, 4, 0, 0, 0, 0
0, 0, 16, 327, 438, 232, 11, 0, 0, 0, 4, 225, 475, 303, 17, 0, 144, 738, 142, 0, 0, 0, 0, 0
0, 1, 55, 158, 369, 387, 54, 0, 0, 8, 58, 160, 347, 383, 68, 0, 181, 560, 275, 8, 0, 0, 0, 0
3, 46, 101, 169, 340, 339, 24, 2, 3, 65, 124, 172, 331, 309, 19, 1, 214, 616, 186, 8, 0, 0, 0, 0
3, 35, 39, 81, 335, 369, 158, 4, 10, 37, 39, 77, 315, 422, 123, 1, 156, 558, 291, 18, 1, 0, 0, 0
0, 22, 46, 108, 474, 316, 57, 1, 1, 35, 44, 73, 421, 409, 41, 0, 140, 657, 217, 10, 0, 0, 0, 0
0, 15, 57, 472, 414, 66, 0, 0, 1, 16, 69, 503, 397, 38, 0, 0, 84, 660, 280, 0, 0, 0, 0, 0
0, 41, 292, 353, 275, 63, 0, 0, 4, 57, 321, 406, 209, 27, 0, 0, 53, 459, 476, 36, 0, 0, 0, 0
4, 88, 595, 321, 16, 0, 0, 0, 4, 117, 637, 254, 12, 0, 0, 0, 52, 581, 378, 13, 0, 0, 0, 0
16, 307, 600, 97, 4, 0, 0, 0, 16, 331, 593, 84, 0, 0, 0, 0, 56, 639, 317, 12, 0, 0, 0, 0
273, 333, 313, 105, 0, 0, 0, 0, 213, 382, 327, 102, 0, 0, 0, 0, 282, 493, 244, 5, 0, 0, 0, 0
174, 361, 374, 112, 3, 0, 0, 0, 124, 366, 385, 144, 5, 0, 0, 0, 197, 540, 279, 8, 0, 0, 0, 0
83, 205, 207, 96, 16, 1, 0, 0, 58, 188, 227, 118, 17, 0, 0, 0, 164, 312, 127, 5, 0, 0, 0, 0
0, 0, 2, 141, 356, 13, 0, 0, 0, 0, 0, 79, 406, 27, 0, 0, 54, 413, 45, 0, 0, 0, 0, 0
0, 1, 109, 241, 124, 37, 0, 0, 0, 2, 71, 275, 136, 28, 0, 0, 125, 314, 68, 5, 0, 0, 0, 0
0, 14, 115, 262, 114, 7, 0, 0, 0, 11, 89, 260, 140, 12, 0, 0, 111, 329, 72, 0, 0, 0, 0, 0
0, 0, 217, 210, 82, 3, 0, 0, 0, 0, 104, 316, 88, 4, 0, 0, 58, 407, 47, 0, 0, 0, 0, 0
0, 6, 283, 223, 0, 0, 0, 0, 0, 0, 50, 403, 59, 0, 0, 0, 59, 418, 35, 0, 0, 0, 0, 0
0, 0, 36, 405, 71, 0, 0, 0, 0, 0, 0, 209, 298, 5, 0, 0, 32, 430, 50, 0, 0, 0, 0, 0
0, 0, 2, 244, 257, 9, 0, 0, 0, 0, 0, 85, 386, 41, 0, 0, 53, 407, 52, 0, 0, 0, 0, 0
0, 0, 0, 27, 289, 189, 7, 0, 0, 0, 0, 9, 276, 213, 14, 0, 50, 361, 101, 0, 0, 0, 0, 0
0, 4, 58, 107, 215, 124, 4, 0, 0, 0, 20, 118, 195, 178, 1, 0, 77, 354, 81, 0, 0, 0, 0, 0
0, 3, 188, 183, 110, 28, 0, 0, 0, 0, 25, 289, 167, 31, 0, 0, 53, 393, 66, 0, 0, 0, 0, 0
0, 0, 36, 181, 276, 19, 0, 0, 0, 0, 7, 153, 245, 107, 0, 0, 76, 363, 73, 0, 0, 0, 0, 0
0, 0, 14, 144, 285, 68, 1, 0, 0, 0, 9, 69, 295, 134, 5, 0, 54, 360, 98, 0, 0, 0, 0, 0
0, 0, 12, 23, 178, 275, 24, 0, 0, 0, 13, 35, 169, 267, 28, 0, 61, 328, 123, 0, 0, 0, 0, 0
0, 9, 67, 122, 160, 131, 23, 0, 0, 15, 81, 127, 158, 115, 16, 0, 104, 244, 155, 9, 0, 0, 0, 0
0, 74, 79, 139, 167, 50, 3, 0, 1, 56, 98, 133, 182, 41, 1, 0, 151, 218, 132, 11, 0, 0, 0, 0
1, 41, 140, 134, 105, 87, 4, 0, 3, 58, 140, 130, 104, 76, 1, 0, 142, 220, 146, 4, 0, 0, 0, 0
0, 22, 122, 162, 97, 80, 29, 0, 1, 33, 132, 162, 95, 71, 18, 0, 52, 224, 205, 31, 0, 0, 0, 0
24, 162, 219, 89, 17, 1, 0, 0, 29, 154, 237, 81, 11, 0, 0, 0, 85, 314, 106, 7, 0, 0, 0, 0
70, 225, 202, 15, 0, 0, 0, 0, 68, 242, 188, 14, 0, 0, 0, 0, 75, 290, 137, 10, 0, 0, 0, 0
120, 142, 184, 65, 1, 0, 0, 0, 108, 132, 166, 106, 0, 0, 0, 0, 103, 315, 92, 2, 0, 0, 0, 0
22, 174, 251, 65, 0, 0, 0, 0, 16, 126, 267, 103, 0, 0, 0, 0, 78, 368, 66, 0, 0, 0, 0, 0
80, 110, 92, 22, 0, 0, 0, 0, 51, 107, 113, 33, 0, 0, 0, 0, 134, 127, 43, 0, 0, 0, 0, 0
