8, 69, 70, 69, 58, 41, 36, 673, 0, 51, 62, 80, 59, 53, 35, 684, 0, 44, 60, 70, 66, 50, 36, 698
74, 240, 136, 90, 66, 30, 27, 361, 72, 209, 144, 94, 75, 32, 31, 367, 75, 224, 137, 88, 68, 32, 31, 369
113, 157, 157, 116, 87, 64, 64, 266, 112, 142, 145, 124, 93, 67, 64, 277, 117, 153, 146, 108, 85, 69, 63, 283
60, 213, 269, 172, 69, 45, 41, 155, 82, 223, 240, 157, 75, 48, 41, 158, 145, 285, 182, 107, 71, 37, 39, 158
218, 490, 228, 70, 13, 4, 1, 0, 463, 362, 152, 38, 5, 3, 1, 0, 499, 387, 119, 13, 5, 1, 0, 0
385, 284, 185, 122, 28, 20, 0, 0, 542, 197, 172, 76, 20, 17, 0, 0, 562, 264, 120, 50, 13, 15, 0, 0
6, 62, 428, 465, 56, 6, 1, 0, 9, 133, 677, 191, 11, 2, 1, 0, 96, 713, 188, 20, 6, 1, 0, 0
6, 579, 430, 9, 0, 0, 0, 0, 134, 789, 101, 0, 0, 0, 0, 0, 874, 149, 1, 0, 0, 0, 0, 0
396, 212, 118, 93, 62, 48, 25, 70, 353, 209, 124, 100, 61, 59, 35, 83, 285, 222, 140, 96, 83, 50, 50, 98
581, 197, 98, 53, 33, 25, 17, 20, 561, 198, 98, 62, 36, 22, 22, 25, 518, 214, 108, 67, 34, 28, 22, 33
585, 195, 95, 46, 18, 25, 12, 48, 582, 188, 94, 52, 18, 25, 13, 52, 547, 211, 97, 55, 19, 28, 14, 53
262, 287, 172, 129, 77, 40, 20, 37, 292, 256, 181, 129, 64, 42, 19, 41, 354, 285, 170, 89, 34, 32, 22, 38
212, 310, 270, 152, 48, 21, 10, 1, 301, 302, 257, 113, 36, 13, 1, 1, 425, 362, 182, 43, 10, 1, 1, 0
264, 316, 250, 123, 45, 19, 7, 0, 369, 299, 231, 84, 27, 13, 1, 0, 441, 294, 234, 36, 17, 2, 0, 0
0, 5, 245, 600, 157, 16, 1, 0, 0, 40, 603, 313, 60, 8, 0, 0, 69, 672, 220, 60, 3, 0, 0, 0
9, 553, 445, 17, 0, 0, 0, 0, 194, 721, 109, 0, 0, 0, 0, 0, 885, 139, 0, 0, 0, 0, 0, 0
42, 66, 10, 12, 8, 13, 88, 785, 26, 73, 15, 10, 9, 12, 17, 862, 3, 93, 13, 12, 9, 9, 18, 867
26, 161, 59, 34, 34, 22, 24, 664, 13, 149, 65, 43, 33, 25, 23, 673, 9, 151, 68, 41, 28, 29, 24, 674
141, 150, 117, 137, 82, 52, 40, 305, 109, 137, 123, 120, 111, 60, 44, 320, 96, 153, 127, 121, 94, 63, 45, 325
235, 261, 240, 128, 66, 22, 24, 48, 245, 237, 221, 139, 72, 33, 25, 52, 320, 268, 194, 94, 42, 31, 20, 55
218, 350, 264, 141, 43, 6, 2, 0, 307, 357, 234, 103, 20, 2, 1, 0, 452, 379, 158, 31, 3, 1, 0, 0
194, 282, 307, 194, 40, 6, 1, 0, 297, 294, 327, 86, 19, 1, 0, 0, 363, 474, 156, 29, 2, 0, 0, 0
15, 47, 254, 598, 102, 7, 1, 0, 40, 59, 630, 275, 17, 3, 0, 0, 97, 743, 173, 9, 2, 0, 0, 0
6, 412, 579, 27, 0, 0, 0, 0, 144, 607, 272, 1, 0, 0, 0, 0, 604, 420, 0, 0, 0, 0, 0, 0
732, 100, 27, 18, 33, 31, 64, 19, 715, 99, 34, 18, 18, 36, 32, 72, 653, 144, 38, 27, 8, 24, 38, 92
724, 112, 31, 19, 12, 16, 16, 94, 715, 116, 30, 16, 19, 13, 13, 102, 653, 171, 33, 18, 19, 13, 11, 106
789, 99, 42, 27, 19, 14, 7, 27, 785, 91, 48, 31, 18, 14, 9, 28, 772, 100, 54, 29, 16, 13, 13, 27
872, 92, 43, 12, 5, 0, 0, 0, 891, 78, 39, 12, 4, 0, 0, 0, 844, 127, 37, 15, 1, 0, 0, 0
875, 109, 28, 8, 2, 2, 0, 0, 902, 86, 26, 8, 1, 1, 0, 0, 851, 132, 34, 5, 1, 1, 0, 0
646, 269, 79, 28, 2, 0, 0, 0, 760, 199, 54, 10, 1, 0, 0, 0, 730, 226, 52, 15, 1, 0, 0, 0
76, 176, 286, 396, 85, 5, 0, 0, 162, 194, 462, 192, 13, 1, 0, 0, 288, 626, 106, 4, 0, 0, 0, 0
17, 504, 463, 40, 0, 0, 0, 0, 183, 583, 254, 4, 0, 0, 0, 0, 643, 379, 2, 0, 0, 0, 0, 0
36, 34, 26, 23, 62, 551, 285, 7, 0, 45, 28, 23, 19, 42, 187, 680, 0, 5, 46, 30, 20, 14, 53, 856
14, 107, 65, 82, 69, 101, 362, 224, 1, 99, 49, 75, 62, 56, 77, 605, 0, 66, 72, 58, 63, 50, 67, 648
18, 229, 179, 190, 98, 87, 79, 144, 5, 192, 181, 166, 135, 69, 79, 197, 4, 161, 176, 168, 135, 78, 69, 233
191, 490, 225, 62, 26, 10, 5, 15, 367, 408, 144, 49, 24, 13, 4, 15, 328, 467, 128, 45, 23, 13, 5, 15
410, 419, 118, 35, 17, 7, 4, 14, 658, 238, 71, 24, 10, 7, 2, 14, 610, 316, 52, 19, 8, 5, 0, 14
281, 320, 288, 111, 20, 3, 1, 0, 462, 286, 220, 46, 8, 2, 0, 0, 564, 363, 71, 22, 3, 1, 0, 0
39, 274, 318, 265, 119, 8, 1, 0, 206, 272, 335, 190, 19, 2, 0, 0, 378, 455, 178, 12, 1, 0, 0, 0
2, 254, 556, 157, 49, 6, 0, 0, 33, 560, 344, 75, 12, 0, 0, 0, 494, 451, 70, 9, 0, 0, 0, 0
29, 16, 9, 6, 260, 684, 20, 0, 0, 26, 18, 9, 5, 19, 469, 478, 0, 0, 30, 13, 9, 5, 18, 949
11, 55, 107, 122, 49, 254, 406, 20, 0, 26, 84, 104, 90, 37, 47, 636, 0, 20, 73, 91, 84, 55, 33, 668
8, 51, 120, 165, 94, 78, 177, 331, 2, 30, 89, 144, 120, 71, 73, 495, 2, 28, 87, 144, 99, 73, 62, 529
390, 355, 153, 61, 29, 14, 7, 15, 469, 292, 130, 67, 27, 13, 8, 18, 510, 295, 113, 44, 20, 11, 10, 21
854, 147, 14, 6, 3, 0, 0, 0, 939, 69, 8, 6, 2, 0, 0, 0, 929, 79, 10, 6, 0, 0, 0, 0
359, 210, 330, 97, 24, 4, 0, 0, 459, 313, 194, 49, 9, 0, 0, 0, 653, 303, 63, 5, 0, 0, 0, 0
7, 178, 361, 256, 188, 33, 1, 0, 29, 350, 310, 249, 83, 3, 0, 0, 239, 524, 237, 24, 0, 0, 0, 0
0, 73, 458, 209, 233, 51, 0, 0, 7, 357, 314, 265, 80, 1, 0, 0, 224, 521, 264, 15, 0, 0, 0, 0
0, 0, 3, 36, 864, 121, 0, 0, 0, 0, 0, 1, 20, 150, 836, 17, 0, 0, 0, 0, 0, 4, 24, 996
33, 66, 83, 153, 241, 397, 48, 3, 23, 45, 61, 89, 120, 155, 305, 226, 23, 43, 43, 51, 73, 95, 124, 572
129, 204, 221, 224, 128, 65, 38, 15, 134, 192, 223, 180, 151, 63, 44, 37, 159, 196, 182, 163, 132, 81, 49, 62
522, 264, 162, 61, 13, 1, 1, 0, 588, 245, 137, 46, 5, 2, 1, 0, 627, 267, 100, 25, 3, 1, 1, 0
858, 133, 31, 2, 0, 0, 0, 0, 919, 91, 13, 1, 0, 0, 0, 0, 923, 89, 11, 1, 0, 0, 0, 0
333, 221, 291, 113, 38, 23, 5, 0, 439, 317, 180, 45, 35, 8, 0, 0, 688, 258, 62, 13, 3, 0, 0, 0
0, 52, 393, 307, 173, 89, 10, 0, 4, 173, 475, 222, 122, 26, 2, 0, 204, 592, 186, 39, 3, 0, 0, 0
0, 114, 401, 389, 115, 5, 0, 0, 19, 338, 440, 215, 12, 0, 0, 0, 238, 693, 93, 0, 0, 0, 0, 0
0, 5, 10, 146, 853, 10, 0, 0, 0, 0, 5, 8, 39, 571, 401, 0, 0, 0, 0, 4, 3, 14, 31, 972
52, 97, 93, 120, 523, 135, 4, 0, 17, 80, 86, 65, 93, 125, 516, 42, 9, 65, 68, 59, 54, 56, 82, 631
356, 238, 196, 112, 61, 37, 18, 6, 351, 216, 192, 120, 73, 34, 20, 18, 379, 225, 191, 88, 64, 35, 20, 22
589, 247, 125, 38, 10, 10, 3, 2, 645, 219, 105, 32, 10, 8, 3, 2, 688, 208, 89, 22, 7, 8, 0, 2
869, 108, 34, 11, 2, 0, 0, 0, 910, 78, 29, 7, 0, 0, 0, 0, 920, 73, 29, 2, 0, 0, 0, 0
387, 210, 255, 116, 35, 13, 8, 0, 512, 218, 207, 63, 16, 7, 1, 0, 694, 248, 71, 10, 0, 1, 0, 0
0, 128, 468, 100, 155, 118, 47, 8, 8, 401, 243, 153, 164, 47, 8, 0, 320, 421, 213, 58, 12, 0, 0, 0
0, 191, 677, 154, 2, 0, 0, 0, 27, 640, 344, 13, 0, 0, 0, 0, 548, 468, 8, 0, 0, 0, 0, 0
