71, 179, 369, 328, 76, 1, 0, 0, 36, 161, 302, 336, 155, 34, 0, 0, 27, 113, 175, 222, 156, 127, 127, 77
256, 406, 200, 107, 44, 9, 2, 0, 154, 399, 236, 138, 68, 25, 4, 0, 109, 255, 244, 148, 105, 87, 51, 25
135, 171, 230, 258, 173, 47, 9, 1, 103, 141, 168, 220, 229, 137, 20, 6, 62, 72, 88, 143, 165, 179, 149, 166
73, 120, 176, 302, 265, 74, 12, 2, 28, 90, 154, 264, 331, 135, 20, 2, 16, 36, 130, 206, 304, 205, 91, 36
0, 68, 256, 370, 265, 53, 10, 2, 0, 55, 211, 389, 293, 62, 12, 2, 11, 107, 250, 420, 175, 46, 13, 2
51, 426, 373, 136, 33, 5, 0, 0, 9, 376, 376, 170, 72, 19, 2, 0, 17, 379, 261, 198, 72, 39, 37, 21
36, 203, 338, 234, 151, 44, 13, 5, 4, 131, 299, 228, 212, 107, 33, 10, 1, 64, 149, 192, 151, 178, 158, 131
2, 28, 188, 345, 341, 112, 8, 0, 0, 21, 171, 269, 350, 186, 27, 0, 14, 70, 168, 293, 238, 74, 67, 100
12, 166, 320, 388, 114, 20, 2, 2, 14, 125, 297, 380, 164, 37, 5, 2, 32, 144, 276, 247, 209, 78, 24, 14
14, 527, 407, 70, 5, 1, 0, 0, 18, 527, 393, 80, 5, 1, 0, 0, 37, 614, 331, 34, 8, 0, 0, 0
3, 238, 548, 194, 40, 1, 0, 0, 3, 194, 569, 211, 46, 1, 0, 0, 10, 453, 423, 131, 7, 0, 0, 0
7, 275, 464, 208, 62, 8, 0, 0, 5, 256, 449, 229, 74, 11, 0, 0, 30, 452, 378, 129, 32, 3, 0, 0
0, 130, 283, 309, 222, 70, 10, 0, 0, 120, 286, 295, 238, 74, 11, 0, 5, 194, 400, 248, 147, 28, 2, 0
0, 4, 108, 248, 332, 281, 51, 0, 0, 5, 107, 231, 313, 305, 62, 1, 2, 74, 216, 346, 299, 85, 2, 0
0, 0, 3, 63, 428, 455, 75, 0, 0, 0, 4, 91, 424, 427, 78, 0, 0, 0, 51, 397, 476, 100, 0, 0
0, 0, 55, 510, 375, 78, 5, 1, 0, 0, 70, 524, 363, 62, 5, 0, 0, 52, 465, 397, 102, 8, 0, 0
1, 96, 369, 377, 149, 28, 4, 0, 1, 84, 346, 377, 181, 30, 5, 0, 13, 256, 417, 260, 61, 12, 5, 0
1, 19, 203, 371, 331, 87, 12, 0, 1, 17, 182, 393, 327, 94, 10, 0, 2, 87, 298, 335, 228, 65, 9, 0
0, 0, 1, 42, 431, 480, 69, 1, 0, 0, 3, 65, 513, 406, 36, 1, 0, 0, 10, 105, 531, 344, 30, 4
0, 0, 5, 53, 231, 384, 210, 141, 0, 2, 6, 94, 311, 326, 164, 121, 0, 4, 14, 129, 368, 288, 152, 69
0, 0, 3, 80, 200, 224, 201, 316, 0, 1, 15, 101, 221, 204, 243, 239, 0, 3, 49, 174, 231, 129, 274, 164
0, 0, 0, 0, 0, 16, 582, 426, 0, 0, 0, 0, 1, 268, 463, 292, 0, 0, 0, 0, 28, 518, 314, 164
0, 0, 0, 0, 0, 6, 58, 960, 0, 0, 0, 0, 1, 8, 94, 921, 0, 0, 0, 0, 4, 24, 234, 762
0, 0, 0, 0, 0, 15, 86, 923, 0, 0, 0, 0, 0, 19, 103, 902, 0, 0, 0, 0, 0, 32, 133, 859
26, 62, 134, 358, 364, 78, 2, 0, 8, 58, 132, 335, 382, 104, 5, 0, 6, 39, 164, 417, 291, 95, 12, 0
376, 345, 195, 71, 33, 4, 0, 0, 334, 362, 179, 100, 41, 8, 0, 0, 220, 347, 187, 125, 86, 36, 16, 7
179, 300, 240, 167, 108, 25, 4, 1, 120, 282, 258, 180, 130, 50, 3, 1, 126, 259, 244, 149, 88, 67, 51, 40
92, 344, 326, 183, 67, 12, 0, 0, 28, 319, 335, 217, 98, 27, 0, 0, 28, 276, 304, 255, 109, 43, 9, 0
1, 71, 182, 286, 364, 108, 12, 0, 0, 54, 179, 267, 389, 122, 13, 0, 4, 61, 264, 407, 236, 46, 6, 0
0, 20, 101, 247, 454, 176, 25, 1, 0, 20, 88, 224, 446, 215, 30, 1, 7, 37, 166, 424, 319, 64, 7, 0
1, 50, 155, 298, 427, 88, 4, 1, 0, 14, 145, 294, 443, 120, 7, 1, 3, 19, 148, 492, 322, 34, 5, 1
1, 18, 46, 191, 553, 195, 20, 0, 0, 2, 46, 152, 511, 282, 31, 0, 0, 1, 26, 298, 407, 190, 66, 36
2, 21, 172, 428, 302, 99, 0, 0, 0, 5, 101, 388, 339, 148, 43, 0, 0, 4, 43, 260, 292, 197, 88, 140
0, 139, 368, 277, 155, 60, 20, 5, 0, 135, 355, 270, 171, 66, 21, 6, 12, 211, 342, 238, 135, 57, 24, 5
0, 46, 454, 409, 105, 10, 0, 0, 0, 39, 432, 422, 118, 13, 0, 0, 2, 203, 542, 230, 46, 1, 0, 0
0, 58, 329, 314, 219, 94, 10, 0, 0, 45, 313, 323, 222, 110, 10, 1, 6, 137, 370, 286, 180, 44, 1, 0
0, 0, 30, 249, 435, 270, 40, 0, 0, 0, 28, 212, 440, 294, 50, 0, 3, 18, 144, 409, 363, 82, 5, 0
0, 0, 11, 165, 431, 368, 46, 3, 0, 0, 11, 136, 433, 384, 54, 6, 0, 2, 97, 308, 450, 148, 18, 1
0, 0, 2, 44, 296, 525, 146, 11, 0, 0, 2, 39, 255, 547, 171, 10, 0, 1, 30, 232, 532, 202, 26, 1
0, 0, 41, 288, 500, 178, 17, 0, 0, 0, 59, 325, 447, 177, 16, 0, 0, 43, 294, 442, 215, 29, 1, 0
3, 80, 331, 385, 223, 2, 0, 0, 2, 74, 320, 381, 240, 7, 0, 0, 5, 157, 398, 370, 94, 0, 0, 0
8, 191, 283, 272, 217, 51, 2, 0, 6, 165, 281, 280, 221, 69, 2, 0, 32, 243, 359, 231, 145, 14, 0, 0
0, 80, 254, 327, 265, 80, 18, 0, 0, 77, 251, 325, 268, 84, 19, 0, 0, 114, 275, 323, 249, 51, 12, 0
0, 11, 44, 109, 200, 278, 168, 214, 0, 9, 68, 137, 213, 253, 144, 200, 0, 13, 94, 162, 273, 193, 112, 177
0, 0, 21, 26, 89, 189, 329, 370, 0, 1, 21, 31, 101, 216, 357, 297, 3, 25, 18, 60, 161, 255, 336, 166
0, 0, 0, 0, 0, 1, 306, 717, 0, 0, 0, 0, 0, 22, 389, 613, 0, 0, 0, 0, 0, 140, 479, 405
0, 0, 0, 0, 0, 7, 142, 875, 0, 0, 0, 0, 0, 9, 172, 843, 0, 0, 0, 0, 1, 69, 235, 719
0, 0, 0, 0, 0, 0, 28, 996, 0, 0, 0, 0, 0, 0, 25, 999, 0, 0, 0, 0, 0, 0, 59, 965
28, 125, 202, 278, 269, 107, 14, 1, 19, 114, 193, 273, 271, 134, 18, 2, 29, 155, 217, 312, 234, 69, 7, 1
77, 190, 281, 304, 145, 25, 2, 0, 19, 189, 248, 282, 185, 100, 1, 0, 18, 183, 255, 224, 153, 78, 48, 65
9, 50, 178, 333, 336, 110, 8, 0, 8, 47, 160, 329, 351, 121, 8, 0, 16, 121, 293, 358, 205, 29, 2, 0
8, 318, 483, 137, 58, 18, 2, 0, 1, 277, 495, 162, 64, 22, 3, 0, 32, 393, 371, 129, 77, 19, 3, 0
12, 154, 413, 319, 116, 9, 1, 0, 0, 73, 303, 334, 229, 73, 12, 0, 1, 29, 111, 224, 236, 184, 116, 123
4, 241, 315, 279, 141, 40, 4, 0, 3, 219, 267, 273, 196, 58, 8, 0, 17, 235, 265, 207, 168, 91, 21, 20
1, 33, 160, 274, 368, 163, 25, 0, 1, 26, 129, 267, 372, 196, 33, 0, 5, 116, 258, 357, 229, 59, 0, 0
0, 0, 4, 186, 460, 315, 54, 5, 0, 0, 3, 145, 448, 355, 67, 6, 0, 3, 67, 385, 432, 110, 26, 1
1, 38, 117, 234, 404, 216, 14, 0, 0, 15, 92, 203, 351, 318, 44, 1, 0, 18, 108, 226, 262, 202, 107, 101
13, 72, 129, 201, 318, 222, 59, 10, 2, 50, 117, 172, 339, 256, 78, 10, 3, 46, 146, 233, 288, 186, 84, 38
0, 22, 131, 308, 372, 158, 25, 8, 0, 21, 118, 298, 365, 181, 31, 10, 2, 57, 240, 355, 268, 82, 16, 4
10, 217, 362, 271, 121, 32, 10, 1, 6, 183, 361, 288, 140, 34, 10, 2, 34, 297, 326, 244, 95, 22, 6, 0
0, 52, 124, 128, 262, 353, 93, 12, 0, 43, 120, 122, 233, 374, 114, 18, 7, 105, 127, 195, 364, 195, 28, 3
0, 7, 10, 109, 460, 358, 73, 7, 0, 6, 9, 87, 406, 412, 94, 10, 6, 9, 61, 356, 454, 121, 16, 1
0, 16, 28, 86, 403, 411, 75, 5, 0, 15, 26, 64, 341, 466, 103, 9, 1, 33, 64, 305, 465, 144, 12, 0
0, 13, 23, 165, 404, 347, 67, 5, 0, 15, 25, 164, 408, 340, 67, 5, 7, 25, 160, 377, 355, 89, 8, 3
11, 198, 387, 238, 134, 50, 6, 0, 8, 189, 379, 247, 142, 53, 6, 0, 37, 297, 376, 194, 100, 20, 0, 0
3, 250, 438, 250, 82, 1, 0, 0, 1, 226, 446, 266, 83, 2, 0, 0, 16, 364, 397, 185, 58, 4, 0, 0
7, 258, 359, 230, 119, 42, 9, 0, 8, 295, 334, 229, 115, 38, 5, 0, 40, 319, 350, 165, 104, 37, 9, 0
22, 148, 109, 100, 125, 190, 190, 140, 29, 152, 119, 109, 129, 172, 202, 112, 102, 109, 120, 131, 157, 196, 126, 83
0, 5, 28, 77, 127, 143, 217, 427, 0, 11, 40, 81, 122, 161, 206, 403, 5, 20, 57, 120, 139, 195, 273, 215
0, 0, 0, 0, 0, 0, 169, 855, 0, 0, 0, 0, 0, 0, 305, 719, 0, 0, 0, 0, 0, 28, 518, 478
0, 0, 0, 1, 9, 12, 116, 886, 0, 0, 0, 1, 8, 13, 163, 839, 0, 0, 0, 5, 11, 33, 268, 707
0, 0, 0, 0, 0, 0, 3, 1021, 0, 0, 0, 0, 0, 0, 2, 1022, 0, 0, 0, 0, 0, 0, 18, 1006
86, 269, 253, 218, 160, 33, 5, 0, 73, 280, 251, 211, 166, 38, 5, 0, 84, 257, 280, 283, 99, 17, 4, 0
5, 133, 153, 295, 318, 95, 21, 4, 5, 123, 151, 262, 340, 116, 22, 5, 24, 171, 208, 380, 179, 51, 10, 1
2, 76, 159, 266, 337, 160, 23, 1, 2, 74, 147, 243, 331, 196, 30, 1, 5, 130, 226, 362, 245, 49, 7, 0
0, 38, 230, 361, 296, 85, 13, 1, 0, 39, 204, 348, 315, 99, 18, 1, 1, 73, 371, 397, 148, 28, 6, 0
9, 92, 329, 396, 160, 37, 1, 0, 1, 66, 250, 449, 210, 43, 5, 0, 9, 114, 315, 308, 171, 66, 28, 13
5, 105, 338, 365, 186, 25, 0, 0, 3, 61, 305, 358, 241, 52, 4, 0, 2, 96, 287, 295, 227, 79, 24, 14
0, 57, 238, 421, 260, 46, 2, 0, 0, 42, 219, 400, 301, 57, 5, 0, 6, 167, 376, 381, 89, 5, 0, 0
0, 1, 30, 185, 513, 248, 45, 2, 0, 0, 19, 166, 503, 273, 59, 4, 0, 17, 119, 464, 350, 62, 12, 0
0, 17, 160, 386, 288, 158, 15, 0, 0, 21, 166, 368, 279, 165, 25, 0, 1, 49, 354, 341, 230, 48, 1, 0
18, 80, 141, 187, 313, 251, 34, 0, 8, 69, 134, 184, 293, 280, 54, 2, 5, 72, 106, 228, 337, 164, 63, 49
196, 323, 184, 158, 109, 37, 13, 4, 117, 368, 171, 166, 120, 55, 18, 9, 142, 367, 197, 142, 104, 51, 18, 3
107, 445, 269, 152, 51, 0, 0, 0, 74, 447, 285, 158, 60, 0, 0, 0, 176, 482, 250, 93, 22, 1, 0, 0
121, 304, 262, 203, 99, 31, 4, 0, 121, 288, 261, 217, 100, 29, 8, 0, 196, 294, 264, 188, 66, 16, 0, 0
5, 78, 213, 346, 212, 129, 38, 3, 5, 80, 214, 334, 211, 125, 52, 3, 33, 132, 298, 318, 159, 75, 9, 0
19, 241, 259, 218, 182, 77, 18, 10, 17, 232, 265, 220, 182, 76, 21, 11, 106, 268, 240, 202, 149, 45, 9, 5
13, 182, 282, 242, 176, 85, 32, 12, 6, 173, 276, 251, 173, 93, 41, 11, 133, 231, 238, 219, 151, 41, 10, 1
4, 273, 228, 177, 239, 93, 10, 0, 12, 343, 155, 166, 237, 101, 9, 1, 15, 331, 172, 176, 225, 97, 7, 1
11, 83, 263, 302, 266, 84, 13, 2, 5, 124, 222, 315, 271, 76, 10, 1, 6, 127, 251, 319, 236, 78, 6, 1
3, 93, 246, 221, 271, 161, 29, 0, 3, 151, 234, 198, 272, 144, 22, 0, 15, 162, 214, 216, 254, 139, 24, 0
1, 69, 220, 156, 247, 194, 94, 43, 1, 133, 178, 165, 272, 155, 84, 36, 31, 168, 150, 167, 286, 127, 76, 19
1, 81, 226, 197, 223, 137, 77, 82, 2, 148, 208, 221, 182, 114, 75, 74, 40, 198, 148, 210, 174, 113, 80, 61
0, 12, 52, 41, 30, 24, 239, 626, 0, 17, 54, 34, 31, 23, 368, 497, 1, 42, 44, 38, 24, 71, 659, 145
0, 0, 1, 4, 19, 25, 66, 909, 0, 0, 1, 11, 16, 27, 66, 903, 0, 0, 2, 14, 16, 30, 101, 861
0, 0, 0, 0, 0, 0, 0, 1024, 0, 0, 0, 0, 0, 0, 0, 1024, 0, 0, 0, 0, 0, 0, 0, 1024
1, 36, 183, 340, 295, 147, 22, 0, 1, 32, 166, 338, 301, 156, 30, 0, 1, 76, 288, 346, 239, 70, 4, 0
0, 0, 14, 160, 472, 324, 53, 1, 0, 0, 8, 134, 451, 368, 61, 2, 0, 2, 84, 369, 401, 143, 24, 1
0, 1, 36, 260, 480, 235, 12, 0, 0, 0, 29, 234, 456, 286, 19, 0, 0, 12, 122, 451, 388, 50, 1, 0
0, 2, 53, 290, 539, 132, 8, 0, 0, 2, 36, 256, 531, 189, 10, 0, 1, 15, 163, 532, 289, 23, 1, 0
0, 1, 86, 454, 422, 60, 1, 0, 0, 1, 63, 402, 474, 81, 3, 0, 0, 30, 302, 504, 178, 10, 0, 0
0, 5, 172, 525, 294, 27, 1, 0, 0, 9, 167, 509, 306, 32, 1, 0, 0, 45, 319, 503, 145, 12, 0, 0
0, 19, 186, 510, 245, 61, 2, 1, 0, 14, 157, 496, 274, 75, 7, 1, 2, 42, 250, 391, 222, 76, 24, 17
0, 12, 66, 234, 434, 245, 30, 3, 0, 0, 36, 175, 440, 317, 51, 5, 0, 1, 46, 281, 410, 182, 49, 55
1, 16, 91, 182, 395, 281, 53, 5, 0, 0, 56, 176, 405, 319, 60, 8, 0, 1, 71, 308, 431, 166, 29, 18
27, 203, 298, 276, 159, 45, 11, 5, 5, 134, 327, 272, 206, 58, 16, 6, 6, 169, 340, 276, 161, 51, 17, 4
7, 172, 289, 298, 204, 41, 12, 1, 3, 118, 268, 329, 229, 62, 12, 3, 4, 114, 280, 307, 219, 87, 12, 1
2, 111, 340, 241, 207, 106, 13, 4, 2, 99, 323, 246, 206, 126, 17, 5, 8, 210, 315, 224, 183, 71, 11, 2
2, 39, 261, 393, 255, 60, 13, 1, 2, 30, 248, 401, 261, 66, 14, 2, 9, 96, 340, 357, 171, 47, 4, 0
2, 42, 226, 337, 235, 120, 53, 9, 1, 37, 188, 350, 244, 123, 66, 15, 8, 123, 315, 290, 160, 90, 35, 3
0, 32, 154, 347, 347, 110, 32, 2, 0, 24, 135, 327, 368, 133, 34, 3, 7, 61, 197, 387, 258, 87, 26, 1
2, 45, 195, 306, 336, 122, 18, 0, 2, 29, 172, 305, 341, 152, 22, 1, 11, 62, 260, 325, 278, 78, 10, 0
0, 10, 93, 254, 429, 206, 31, 1, 0, 9, 77, 247, 429, 225, 36, 1, 1, 16, 114, 266, 421, 177, 28, 1
28, 105, 232, 317, 249, 75, 17, 1, 27, 101, 229, 322, 250, 77, 17, 1, 35, 125, 231, 327, 227, 62, 16, 1
52, 206, 281, 294, 138, 47, 5, 1, 57, 207, 279, 287, 139, 51, 3, 1, 81, 222, 292, 266, 116, 44, 3, 0
65, 266, 157, 153, 140, 129, 96, 18, 77, 260, 172, 161, 148, 127, 63, 16, 84, 264, 197, 188, 153, 101, 35, 2
0, 0, 5, 60, 155, 243, 253, 308, 0, 0, 11, 64, 185, 235, 249, 280, 0, 2, 17, 110, 209, 248, 244, 194
0, 56, 165, 84, 69, 62, 221, 367, 0, 99, 144, 74, 70, 54, 348, 235, 14, 114, 148, 89, 57, 106, 454, 42
0, 0, 0, 20, 25, 13, 58, 908, 0, 0, 5, 27, 19, 16, 59, 898, 0, 0, 5, 27, 21, 17, 87, 867
0, 0, 0, 0, 0, 2, 19, 1003, 0, 0, 0, 0, 0, 2, 18, 1004, 0, 0, 0, 0, 0, 5, 27, 992
0, 18, 183, 319, 392, 98, 12, 2, 0, 15, 164, 311, 394, 123, 15, 2, 4, 64, 250, 367, 292, 38, 7, 2
0, 2, 56, 293, 426, 211, 34, 2, 0, 2, 46, 281, 425, 228, 39, 3, 0, 10, 123, 363, 387, 119, 22, 0
0, 12, 109, 243, 397, 212, 51, 0, 0, 8, 97, 218, 387, 251, 61, 2, 2, 40, 163, 302, 331, 169, 17, 0
0, 0, 12, 124, 387, 352, 139, 10, 0, 0, 10, 101, 378, 367, 153, 15, 0, 7, 61, 237, 415, 243, 57, 4
0, 0, 25, 204, 548, 222, 25, 0, 0, 0, 20, 182, 521, 266, 35, 0, 0, 6, 91, 451, 400, 72, 4, 0
0, 3, 44, 243, 521, 193, 20, 0, 0, 0, 19, 205, 523, 250, 27, 0, 0, 2, 73, 298, 372, 208, 56, 15
1, 12, 116, 417, 380, 96, 2, 0, 0, 3, 37, 244, 465, 245, 30, 0, 0, 1, 10, 55, 327, 327, 154, 150
0, 16, 89, 277, 462, 169, 11, 0, 0, 0, 31, 172, 358, 377, 86, 0, 0, 0, 5, 42, 175, 276, 241, 285
0, 2, 22, 171, 587, 230, 11, 1, 0, 0, 8, 76, 565, 331, 43, 1, 0, 0, 23, 228, 446, 177, 69, 81
0, 6, 31, 149, 407, 345, 80, 6, 0, 4, 31, 142, 384, 356, 99, 8, 0, 6, 41, 198, 423, 281, 60, 15
1, 7, 42, 169, 501, 281, 23, 0, 0, 4, 20, 134, 444, 360, 58, 4, 0, 3, 27, 144, 409, 316, 64, 61
0, 0, 21, 257, 586, 159, 1, 0, 0, 0, 18, 221, 596, 188, 1, 0, 0, 2, 79, 436, 447, 60, 0, 0
0, 1, 69, 307, 473, 172, 2, 0, 0, 1, 54, 281, 463, 214, 11, 0, 0, 15, 147, 419, 390, 53, 0, 0
0, 2, 71, 335, 386, 198, 31, 1, 0, 2, 47, 315, 404, 214, 39, 3, 0, 3, 196, 404, 324, 86, 11, 0
0, 0, 13, 112, 542, 323, 28, 6, 0, 0, 12, 96, 534, 341, 35, 6, 0, 1, 26, 226, 546, 210, 12, 3
1, 31, 113, 305, 385, 165, 21, 3, 1, 26, 109, 292, 390, 175, 28, 3, 4, 48, 165, 355, 335, 105, 12, 0
6, 89, 133, 243, 379, 143, 30, 1, 3, 58, 145, 239, 379, 160, 39, 1, 10, 103, 144, 293, 340, 113, 21, 0
0, 70, 307, 325, 241, 70, 10, 1, 0, 68, 291, 325, 249, 79, 11, 1, 2, 124, 354, 294, 191, 54, 5, 0
7, 167, 195, 318, 247, 83, 7, 0, 7, 163, 195, 308, 249, 95, 7, 0, 10, 177, 207, 304, 242, 78, 6, 0
1, 18, 142, 191, 341, 234, 89, 8, 1, 15, 139, 204, 365, 239, 55, 6, 2, 38, 151, 239, 377, 188, 29, 0
2, 67, 119, 89, 163, 182, 147, 255, 2, 74, 122, 110, 156, 177, 137, 246, 3, 110, 131, 156, 187, 128, 126, 183
0, 4, 59, 103, 114, 142, 317, 285, 1, 23, 90, 108, 129, 120, 440, 113, 4, 46, 97, 129, 121, 260, 348, 19
0, 0, 3, 8, 30, 53, 79, 851, 0, 0, 4, 13, 36, 45, 79, 847, 0, 1, 7, 14, 33, 57, 72, 840
0, 0, 0, 0, 0, 0, 0, 1024, 0, 0, 0, 0, 0, 0, 0, 1024, 0, 0, 0, 0, 0, 0, 0, 1024
1, 8, 72, 294, 408, 219, 22, 0, 0, 4, 54, 244, 336, 327, 58, 1, 0, 4, 68, 179, 239, 166, 183, 185
0, 0, 6, 128, 738, 143, 8, 1, 0, 0, 4, 93, 203, 682, 38, 4, 0, 0, 16, 74, 150, 104, 78, 602
0, 0, 34, 134, 589, 198, 59, 10, 0, 0, 19, 111, 219, 566, 93, 16, 0, 1, 21, 111, 172, 164, 133, 422
0, 0, 14, 180, 467, 316, 44, 3, 0, 0, 12, 159, 409, 386, 53, 5, 0, 6, 31, 267, 414, 177, 45, 84
0, 0, 24, 202, 611, 180, 3, 4, 0, 0, 6, 156, 508, 306, 46, 2, 0, 0, 24, 250, 337, 164, 92, 157
0, 1, 29, 285, 522, 171, 12, 4, 0, 0, 19, 246, 502, 234, 18, 5, 0, 2, 29, 230, 465, 238, 53, 7
0, 0, 22, 258, 613, 123, 8, 0, 0, 0, 1, 93, 553, 348, 29, 0, 0, 0, 0, 39, 276, 358, 225, 126
0, 0, 36, 239, 570, 174, 5, 0, 0, 0, 7, 86, 437, 410, 84, 0, 0, 0, 5, 39, 196, 310, 233, 241
0, 20, 54, 216, 531, 195, 8, 0, 0, 0, 12, 116, 380, 385, 129, 2, 0, 0, 0, 23, 176, 297, 267, 261
0, 1, 25, 175, 563, 256, 4, 0, 0, 1, 9, 99, 497, 381, 37, 0, 0, 2, 18, 171, 485, 198, 102, 48
0, 9, 88, 304, 450, 160, 13, 0, 0, 2, 41, 184, 462, 286, 49, 0, 0, 1, 23, 226, 368, 276, 80, 50
0, 45, 160, 352, 348, 117, 2, 0, 0, 22, 125, 351, 387, 135, 4, 0, 4, 54, 208, 372, 316, 69, 1, 0
1, 12, 39, 181, 569, 220, 2, 0, 1, 8, 38, 153, 536, 286, 2, 0, 4, 19, 100, 414, 461, 26, 0, 0
0, 5, 49, 229, 505, 213, 20, 3, 0, 3, 42, 193, 493, 258, 26, 9, 1, 17, 112, 402, 419, 53, 17, 3
0, 29, 110, 218, 407, 215, 42, 3, 0, 19, 94, 212, 368, 272, 55, 4, 0, 41, 140, 290, 403, 125, 24, 1
0, 44, 171, 243, 374, 172, 16, 4, 0, 17, 169, 239, 373, 200, 22, 4, 1, 108, 185, 321, 333, 65, 10, 1
0, 154, 259, 204, 321, 82, 4, 0, 0, 116, 271, 206, 306, 117, 8, 0, 12, 222, 216, 288, 260, 23, 3, 0
0, 36, 240, 344, 304, 98, 2, 0, 0, 27, 227, 344, 310, 113, 3, 0, 6, 107, 277, 342, 260, 32, 0, 0
29, 130, 172, 242, 301, 113, 28, 9, 32, 126, 165, 240, 302, 119, 29, 11, 58, 150, 218, 259, 248, 70, 18, 3
55, 299, 123, 114, 139, 126, 115, 53, 50, 319, 122, 119, 149, 113, 110, 42, 92, 304, 130, 130, 151, 125, 78, 14
29, 180, 129, 172, 109, 109, 110, 186, 37, 188, 137, 180, 101, 106, 114, 161, 114, 153, 174, 161, 106, 107, 100, 109
0, 0, 13, 96, 160, 165, 305, 285, 0, 2, 39, 110, 176, 176, 396, 125, 0, 12, 78, 156, 173, 273, 302, 30
0, 0, 0, 19, 68, 48, 146, 743, 0, 0, 0, 30, 63, 43, 125, 763, 0, 0, 8, 42, 58, 53, 172, 691
0, 0, 0, 0, 0, 0, 5, 1019, 0, 0, 0, 0, 0, 0, 5, 1019, 0, 0, 0, 0, 0, 0, 5, 1019
0, 0, 0, 14, 969, 41, 0, 0, 0, 0, 0, 3, 14, 981, 26, 0, 0, 0, 0, 0, 0, 2, 14, 1008
0, 0, 0, 0, 1024, 0, 0, 0, 0, 0, 0, 0, 0, 1024, 0, 0, 0, 0, 0, 0, 0, 0, 0, 1024
0, 0, 1, 28, 878, 115, 2, 0, 0, 0, 0, 4, 40, 888, 90, 2, 0, 0, 0, 1, 6, 16, 75, 926
0, 0, 51, 182, 516, 262, 12, 1, 0, 0, 9, 106, 322, 501, 83, 3, 0, 0, 7, 27, 134, 251, 245, 360
0, 0, 9, 97, 797, 114, 7, 0, 0, 0, 5, 38, 149, 557, 275, 0, 0, 0, 0, 5, 72, 121, 92, 734
0, 0, 11, 83, 778, 151, 1, 0, 0, 0, 1, 44, 260, 470, 249, 0, 0, 0, 0, 29, 172, 134, 45, 644
0, 3, 30, 99, 725, 165, 2, 0, 0, 0, 3, 51, 128, 206, 636, 0, 0, 0, 0, 8, 55, 94, 74, 793
29, 116, 165, 275, 353, 85, 1, 0, 1, 19, 106, 221, 328, 287, 62, 0, 0, 0, 2, 62, 192, 322, 210, 236
99, 202, 231, 231, 203, 51, 7, 0, 5, 101, 212, 234, 268, 162, 37, 5, 0, 3, 50, 137, 229, 218, 206, 181
9, 12, 31, 236, 548, 182, 5, 1, 3, 15, 18, 205, 522, 248, 11, 2, 4, 5, 53, 363, 447, 116, 28, 8
34, 75, 135, 376, 325, 70, 9, 0, 5, 65, 114, 296, 386, 136, 21, 1, 2, 35, 88, 289, 368, 157, 45, 40
123, 322, 288, 192, 82, 17, 0, 0, 43, 288, 326, 225, 109, 31, 2, 0, 35, 322, 306, 232, 97, 29, 3, 0
90, 422, 330, 132, 50, 0, 0, 0, 19, 386, 388, 146, 77, 8, 0, 0, 55, 456, 348, 129, 36, 0, 0, 0
35, 383, 260, 131, 129, 85, 1, 0, 17, 326, 300, 152, 123, 105, 1, 0, 45, 381, 285, 149, 142, 22, 0, 0
30, 636, 286, 64, 8, 0, 0, 0, 0, 528, 378, 102, 16, 0, 0, 0, 15, 660, 280, 63, 6, 0, 0, 0
3, 343, 380, 181, 97, 20, 0, 0, 3, 315, 396, 181, 108, 21, 0, 0, 18, 455, 302, 177, 66, 6, 0, 0
24, 548, 330, 108, 14, 0, 0, 0, 14, 506, 368, 119, 16, 1, 0, 0, 67, 591, 276, 81, 9, 0, 0, 0
24, 504, 356, 99, 39, 2, 0, 0, 13, 501, 365, 102, 41, 2, 0, 0, 89, 572, 258, 76, 29, 0, 0, 0
30, 405, 356, 147, 49, 22, 13, 2, 37, 371, 375, 161, 44, 30, 6, 0, 73, 453, 318, 121, 30, 25, 4, 0
31, 308, 327, 168, 101, 63, 23, 3, 24, 313, 336, 168, 105, 62, 15, 1, 61, 373, 308, 133, 95, 43, 11, 0
0, 60, 243, 170, 173, 180, 97, 101, 6, 63, 244, 195, 186, 173, 81, 76, 31, 103, 283, 202, 174, 116, 81, 34
0, 37, 122, 166, 194, 107, 150, 248, 0, 55, 151, 181, 172, 93, 156, 216, 1, 70, 194, 209, 136, 108, 209, 97
0, 0, 5, 34, 68, 97, 95, 725, 0, 0, 11, 62, 76, 84, 85, 706, 0, 5, 32, 52, 89, 69, 117, 660
0, 0, 0, 2, 4, 27, 54, 937, 0, 0, 0, 2, 4, 27, 51, 940, 0, 0, 0, 2, 5, 38, 77, 902
0, 0, 0, 0, 1024, 0, 0, 0, 0, 0, 0, 0, 0, 1024, 0, 0, 0, 0, 0, 0, 0, 0, 0, 1024
0, 0, 0, 0, 1024, 0, 0, 0, 0, 0, 0, 0, 0, 1024, 0, 0, 0, 0, 0, 0, 0, 0, 0, 1024
0, 0, 4, 11, 986, 22, 1, 0, 0, 0, 0, 9, 15, 967, 33, 0, 0, 0, 0, 0, 6, 16, 17, 985
0, 0, 0, 7, 897, 109, 11, 0, 0, 0, 0, 3, 27, 935, 59, 0, 0, 0, 0, 2, 4, 18, 54, 946
0, 0, 0, 0, 1024, 0, 0, 0, 0, 0, 0, 0, 0, 1008, 16, 0, 0, 0, 0, 0, 0, 0, 0, 1024
0, 0, 0, 0, 1024, 0, 0, 0, 0, 0, 0, 0, 0, 371, 653, 0, 0, 0, 0, 0, 0, 0, 0, 1024
0, 0, 3, 6, 973, 42, 0, 0, 0, 0, 1, 2, 7, 20, 994, 0, 0, 0, 0, 0, 2, 2, 8, 1012
86, 101, 114, 100, 520, 102, 1, 0, 0, 71, 104, 97, 93, 127, 522, 10, 0, 0, 3, 36, 113, 99, 72, 701
219, 253, 176, 145, 148, 83, 0, 0, 14, 195, 234, 172, 155, 126, 122, 6, 0, 0, 52, 140, 202, 148, 125, 357
72, 165, 182, 190, 291, 112, 12, 0, 3, 72, 146, 182, 312, 197, 99, 13, 0, 0, 17, 105, 219, 194, 162, 327
97, 394, 191, 154, 127, 51, 10, 0, 3, 335, 198, 154, 154, 102, 63, 15, 2, 221, 225, 98, 123, 79, 76, 200
9, 222, 415, 240, 116, 19, 2, 1, 0, 132, 411, 289, 151, 34, 5, 2, 10, 216, 410, 229, 112, 18, 11, 18
15, 277, 374, 268, 87, 3, 0, 0, 1, 173, 426, 301, 119, 4, 0, 0, 2, 288, 388, 281, 64, 1, 0, 0
5, 220, 409, 305, 74, 11, 0, 0, 1, 130, 425, 350, 105, 12, 1, 0, 10, 292, 436, 236, 45, 5, 0, 0
2, 193, 442, 230, 137, 18, 2, 0, 2, 168, 447, 237, 140, 28, 2, 0, 10, 381, 388, 178, 64, 3, 0, 0
2, 172, 393, 269, 160, 27, 1, 0, 1, 143, 391, 270, 182, 35, 2, 0, 28, 366, 333, 225, 66, 6, 0, 0
1, 161, 543, 201, 89, 28, 1, 0, 1, 113, 548, 236, 91, 33, 2, 0, 8, 363, 459, 121, 62, 11, 0, 0
2, 388, 435, 154, 34, 11, 0, 0, 1, 343, 461, 171, 34, 13, 1, 0, 28, 565, 338, 68, 19, 6, 0, 0
1, 107, 379, 341, 171, 25, 0, 0, 0, 99, 362, 355, 181, 27, 0, 0, 11, 193, 400, 275, 136, 9, 0, 0
0, 92, 164, 328, 291, 131, 18, 0, 0, 113, 169, 327, 291, 113, 11, 0, 0, 164, 165, 348, 243, 98, 6, 0
0, 10, 143, 166, 199, 167, 192, 147, 0, 16, 187, 168, 200, 174, 170, 109, 0, 60, 239, 188, 186, 161, 137, 53
0, 16, 142, 199, 212, 167, 97, 191, 1, 28, 160, 214, 201, 148, 92, 180, 2, 49, 204, 249, 185, 119, 67, 149
0, 2, 5, 27, 46, 68, 106, 770, 0, 0, 6, 32, 63, 56, 109, 758, 0, 2, 13, 34, 54, 53, 133, 735
0, 0, 0, 0, 0, 8, 52, 964, 0, 0, 0, 0, 0, 8, 45, 971, 0, 0, 0, 0, 0, 5, 87, 932
0, 0, 0, 0, 1024, 0, 0, 0, 0, 0, 0, 0, 0, 1024, 0, 0, 0, 0, 0, 0, 0, 0, 0, 1024
0, 0, 0, 0, 1024, 0, 0, 0, 0, 0, 0, 0, 0, 1024, 0, 0, 0, 0, 0, 0, 0, 0, 0, 1024
0, 0, 0, 0, 1024, 0, 0, 0, 0, 0, 0, 0, 0, 1024, 0, 0, 0, 0, 0, 0, 0, 0, 0, 1024
0, 0, 4, 5, 1015, 0, 0, 0, 0, 0, 0, 2, 4, 986, 32, 0, 0, 0, 0, 0, 0, 2, 3, 1019
1, 12, 39, 44, 922, 6, 0, 0, 0, 0, 7, 26, 37, 813, 141, 0, 0, 0, 0, 0, 9, 14, 29, 972
0, 0, 8, 37, 965, 14, 0, 0, 0, 0, 0, 7, 38, 102, 877, 0, 0, 0, 0, 0, 2, 15, 15, 992
56, 155, 166, 162, 452, 31, 2, 0, 3, 42, 153, 184, 124, 129, 386, 3, 0, 0, 16, 69, 135, 154, 88, 562
89, 232, 280, 281, 129, 12, 1, 0, 2, 87, 251, 335, 257, 76, 14, 2, 0, 4, 62, 217, 304, 207, 131, 99
142, 302, 210, 151, 154, 64, 1, 0, 15, 224, 269, 180, 130, 73, 121, 12, 1, 66, 247, 183, 136, 105, 69, 217
1, 65, 258, 319, 308, 70, 3, 0, 0, 18, 168, 319, 181, 125, 205, 8, 0, 12, 145, 225, 162, 83, 74, 323
52, 270, 266, 286, 128, 19, 3, 0, 10, 190, 242, 304, 207, 52, 16, 3, 3, 157, 273, 238, 135, 104, 45, 69
55, 396, 306, 177, 76, 13, 1, 0, 9, 316, 327, 212, 112, 33, 7, 8, 13, 310, 351, 178, 73, 29, 27, 43
44, 435, 310, 189, 43, 3, 0, 0, 17, 327, 372, 234, 65, 9, 0, 0, 23, 403, 369, 192, 37, 0, 0, 0
120, 706, 117, 53, 22, 6, 0, 0, 17, 672, 230, 76, 19, 10, 0, 0, 83, 748, 124, 50, 19, 0, 0, 0
31, 658, 209, 95, 25, 6, 0, 0, 13, 637, 234, 101, 29, 10, 0, 0, 73, 671, 183, 78, 16, 3, 0, 0
57, 696, 183, 62, 24, 2, 0, 0, 15, 700, 214, 64, 27, 4, 0, 0, 130, 686, 141, 53, 14, 0, 0, 0
33, 437, 355, 154, 40, 5, 0, 0, 5, 363, 408, 175, 61, 12, 0, 0, 111, 493, 301, 87, 30, 2, 0, 0
11, 621, 288, 80, 19, 5, 0, 0, 7, 603, 302, 85, 22, 5, 0, 0, 84, 654, 233, 38, 13, 2, 0, 0
5, 200, 383, 264, 142, 30, 0, 0, 5, 195, 385, 264, 143, 32, 0, 0, 13, 254, 337, 270, 133, 17, 0, 0
0, 41, 135, 262, 398, 163, 25, 0, 0, 40, 135, 260, 400, 160, 29, 0, 0, 44, 140, 275, 398, 155, 12, 0
1, 25, 108, 151, 274, 257, 156, 52, 1, 38, 120, 184, 315, 221, 109, 36, 5, 72, 147, 238, 310, 173, 54, 25
0, 17, 144, 242, 229, 195, 79, 118, 0, 16, 152, 253, 239, 186, 57, 121, 0, 29, 220, 300, 223, 117, 32, 103
0, 0, 0, 0, 0, 0, 8, 1016, 0, 0, 0, 0, 0, 0, 6, 1018, 0, 0, 0, 0, 0, 0, 17, 1007
0, 0, 0, 0, 0, 0, 59, 965, 0, 0, 0, 0, 0, 0, 80, 944, 0, 0, 0, 0, 0, 12, 184, 828
0, 0, 0, 0, 1024, 0, 0, 0, 0, 0, 0, 0, 0, 1024, 0, 0, 0, 0, 0, 0, 0, 0, 0, 1024
0, 0, 0, 0, 1024, 0, 0, 0, 0, 0, 0, 0, 0, 1024, 0, 0, 0, 0, 0, 0, 0, 0, 0, 1024
0, 0, 0, 3, 1020, 1, 0, 0, 0, 0, 0, 0, 0, 975, 49, 0, 0, 0, 0, 0, 0, 4, 10, 1010
5, 65, 202, 253, 466, 33, 0, 0, 0, 18, 91, 202, 202, 406, 105, 0, 0, 0, 12, 92, 150, 167, 119, 484
108, 314, 274, 197, 112, 18, 1, 0, 13, 178, 305, 257, 143, 75, 51, 2, 0, 18, 140, 265, 215, 140, 83, 163
85, 331, 306, 155, 114, 33, 0, 0, 6, 158, 345, 218, 151, 91, 54, 1, 0, 14, 140, 312, 187, 111, 125, 135
230, 379, 234, 142, 34, 5, 0, 0, 28, 345, 347, 199, 81, 18, 6, 0, 1, 78, 396, 340, 136, 33, 19, 21
219, 510, 216, 61, 18, 0, 0, 0, 81, 493, 325, 80, 45, 0, 0, 0, 9, 297, 547, 134, 34, 3, 0, 0
233, 246, 226, 275, 44, 0, 0, 0, 96, 319, 235, 287, 86, 1, 0, 0, 36, 299, 326, 286, 69, 8, 0, 0
137, 268, 274, 237, 105, 3, 0, 0, 90, 253, 284, 247, 137, 13, 0, 0, 73, 295, 326, 261, 68, 1, 0, 0
68, 162, 270, 372, 146, 6, 0, 0, 24, 155, 216, 406, 207, 16, 0, 0, 23, 207, 370, 356, 66, 2, 0, 0
182, 537, 194, 81, 28, 2, 0, 0, 53, 560, 264, 97, 46, 4, 0, 0, 81, 574, 248, 101, 17, 3, 0, 0
156, 559, 213, 84, 12, 0, 0, 0, 50, 565, 280, 109, 20, 0, 0, 0, 88, 579, 254, 93, 10, 0, 0, 0
432, 404, 112, 50, 26, 0, 0, 0, 154, 627, 157, 59, 27, 0, 0, 0, 251, 562, 140, 51, 20, 0, 0, 0
307, 616, 71, 26, 4, 0, 0, 0, 80, 784, 121, 31, 8, 0, 0, 0, 189, 749, 58, 22, 6, 0, 0, 0
122, 667, 218, 16, 1, 0, 0, 0, 95, 673, 233, 22, 1, 0, 0, 0, 140, 718, 152, 13, 1, 0, 0, 0
131, 622, 196, 65, 10, 0, 0, 0, 125, 623, 198, 65, 13, 0, 0, 0, 152, 646, 178, 44, 4, 0, 0, 0
58, 572, 272, 96, 26, 0, 0, 0, 58, 569, 270, 100, 27, 0, 0, 0, 72, 587, 261, 84, 20, 0, 0, 0
51, 710, 241, 19, 2, 1, 0, 0, 55, 684, 259, 23, 2, 1, 0, 0, 88, 782, 144, 8, 1, 1, 0, 0
4, 458, 313, 177, 66, 6, 0, 0, 4, 456, 314, 179, 65, 6, 0, 0, 12, 557, 240, 168, 44, 3, 0, 0
1, 290, 351, 137, 114, 68, 42, 21, 6, 262, 406, 134, 120, 54, 33, 9, 9, 308, 373, 145, 110, 49, 29, 1
0, 3, 138, 256, 163, 123, 131, 210, 0, 2, 118, 279, 166, 117, 149, 193, 2, 6, 192, 309, 123, 139, 111, 142
0, 0, 0, 0, 0, 2, 12, 1010, 0, 0, 0, 0, 0, 2, 11, 1011, 0, 0, 0, 0, 0, 2, 23, 999
0, 0, 0, 0, 0, 0, 42, 982, 0, 0, 0, 0, 0, 0, 61, 963, 0, 0, 0, 0, 0, 0, 121, 903
0, 0, 0, 0, 1024, 0, 0, 0, 0, 0, 0, 0, 0, 1024, 0, 0, 0, 0, 0, 0, 0, 0, 0, 1024
0, 0, 0, 0, 1024, 0, 0, 0, 0, 0, 0, 0, 0, 1024, 0, 0, 0, 0, 0, 0, 0, 0, 0, 1024
0, 0, 7, 94, 892, 31, 0, 0, 0, 0, 0, 37, 109, 783, 95, 0, 0, 0, 0, 6, 63, 76, 56, 823
25, 67, 218, 449, 251, 14, 0, 0, 2, 48, 127, 402, 401, 43, 1, 0, 0, 3, 109, 329, 447, 115, 18, 3
19, 168, 300, 349, 186, 2, 0, 0, 1, 85, 284, 370, 269, 15, 0, 0, 0, 23, 199, 439, 310, 46, 6, 1
107, 255, 299, 241, 122, 0, 0, 0, 34, 178, 316, 280, 207, 9, 0, 0, 0, 37, 282, 387, 266, 34, 15, 3
52, 202, 273, 273, 209, 15, 0, 0, 13, 116, 248, 288, 296, 62, 1, 0, 1, 36, 167, 361, 313, 89, 40, 17
43, 216, 272, 330, 157, 6, 0, 0, 9, 137, 297, 316, 240, 25, 0, 0, 1, 64, 309, 341, 237, 53, 13, 6
14, 130, 244, 310, 287, 38, 1, 0, 5, 87, 218, 310, 336, 66, 2, 0, 7, 81, 216, 368, 298, 48, 3, 3
28, 177, 199, 342, 256, 21, 1, 0, 3, 119, 232, 315, 318, 35, 1, 1, 8, 97, 281, 408, 198, 24, 6, 2
28, 168, 351, 387, 90, 0, 0, 0, 1, 111, 297, 426, 174, 15, 0, 0, 9, 90, 354, 442, 113, 16, 0, 0
40, 456, 306, 165, 56, 1, 0, 0, 5, 353, 364, 204, 91, 7, 0, 0, 12, 456, 323, 175, 58, 0, 0, 0
32, 536, 309, 109, 34, 3, 1, 0, 9, 412, 391, 150, 53, 8, 1, 0, 17, 494, 363, 112, 34, 3, 1, 0
120, 653, 212, 37, 2, 0, 0, 0, 29, 633, 302, 56, 4, 0, 0, 0, 47, 698, 242, 36, 1, 0, 0, 0
161, 553, 206, 71, 31, 2, 0, 0, 57, 566, 252, 103, 37, 9, 0, 0, 108, 598, 212, 79, 25, 2, 0, 0
17, 350, 400, 214, 43, 0, 0, 0, 3, 309, 406, 243, 61, 2, 0, 0, 35, 441, 395, 140, 13, 0, 0, 0
3, 155, 467, 316, 70, 13, 0, 0, 0, 123, 454, 337, 94, 16, 0, 0, 8, 295, 444, 231, 43, 3, 0, 0
13, 366, 483, 129, 33, 0, 0, 0, 11, 344, 489, 140, 40, 0, 0, 0, 39, 511, 367, 97, 10, 0, 0, 0
4, 343, 476, 176, 24, 1, 0, 0, 4, 321, 486, 185, 27, 1, 0, 0, 40, 461, 392, 121, 10, 0, 0, 0
0, 135, 498, 254, 76, 39, 20, 2, 0, 106, 505, 266, 81, 50, 14, 2, 9, 336, 466, 119, 54, 31, 9, 0
0, 16, 44, 62, 157, 133, 293, 319, 0, 18, 45, 89, 151, 156, 369, 196, 1, 37, 70, 131, 144, 204, 359, 78
0, 1, 93, 205, 141, 187, 190, 207, 0, 1, 93, 217, 142, 200, 179, 192, 0, 6, 164, 220, 172, 171, 160, 131
0, 0, 0, 0, 0, 0, 27, 997, 0, 0, 0, 0, 0, 0, 25, 999, 0, 0, 0, 0, 0, 0, 54, 970
0, 0, 0, 0, 0, 0, 48, 976, 0, 0, 0, 0, 0, 0, 57, 967, 0, 0, 0, 0, 0, 4, 147, 873
0, 0, 0, 0, 1024, 0, 0, 0, 0, 0, 0, 0, 0, 1024, 0, 0, 0, 0, 0, 0, 0, 0, 0, 1024
0, 0, 0, 0, 1024, 0, 0, 0, 0, 0, 0, 0, 0, 1024, 0, 0, 0, 0, 0, 0, 0, 0, 0, 1024
0, 0, 0, 0, 1024, 0, 0, 0, 0, 0, 0, 0, 0, 974, 50, 0, 0, 0, 0, 0, 0, 0, 7, 1017
0, 1, 22, 140, 769, 92, 0, 0, 0, 0, 6, 79, 207, 579, 153, 0, 0, 0, 7, 52, 89, 132, 81, 663
0, 5, 95, 396, 413, 113, 2, 0, 0, 0, 35, 255, 444, 225, 65, 0, 0, 5, 28, 150, 306, 209, 153, 173
0, 9, 93, 310, 473, 139, 0, 0, 0, 1, 39, 236, 404, 255, 88, 1, 0, 3, 25, 224, 310, 149, 103, 210
0, 22, 168, 313, 382, 138, 1, 0, 0, 0, 60, 259, 325, 163, 216, 1, 0, 0, 10, 141, 280, 178, 117, 298
0, 4, 41, 191, 560, 228, 0, 0, 0, 0, 4, 83, 284, 242, 411, 0, 0, 0, 2, 31, 150, 161, 156, 524
0, 42, 164, 283, 369, 160, 6, 0, 0, 21, 124, 208, 353, 233, 82, 3, 0, 21, 141, 186, 211, 183, 96, 186
3, 78, 220, 339, 358, 26, 0, 0, 1, 44, 162, 281, 425, 109, 2, 0, 0, 16, 183, 297, 390, 128, 10, 0
5, 170, 265, 375, 200, 9, 0, 0, 2, 93, 247, 361, 279, 42, 0, 0, 2, 136, 294, 403, 175, 14, 0, 0
2, 331, 503, 169, 19, 0, 0, 0, 0, 144, 593, 240, 43, 4, 0, 0, 2, 303, 521, 179, 19, 0, 0, 0
35, 363, 420, 137, 55, 14, 0, 0, 11, 250, 475, 192, 75, 21, 0, 0, 37, 397, 391, 137, 49, 13, 0, 0
55, 449, 324, 138, 53, 5, 0, 0, 6, 406, 366, 167, 66, 13, 0, 0, 58, 474, 325, 126, 40, 1, 0, 0
42, 351, 308, 207, 110, 6, 0, 0, 6, 274, 346, 221, 149, 27, 1, 0, 50, 376, 313, 202, 82, 1, 0, 0
19, 414, 416, 143, 29, 3, 0, 0, 4, 305, 480, 186, 44, 5, 0, 0, 22, 470, 377, 126, 26, 3, 0, 0
40, 466, 361, 141, 16, 0, 0, 0, 13, 365, 439, 181, 24, 2, 0, 0, 83, 555, 313, 61, 12, 0, 0, 0
3, 124, 436, 345, 110, 6, 0, 0, 0, 89, 401, 355, 169, 10, 0, 0, 14, 271, 424, 275, 38, 2, 0, 0
46, 466, 282, 129, 92, 9, 0, 0, 41, 453, 289, 132, 95, 14, 0, 0, 94, 519, 234, 130, 45, 2, 0, 0
5, 441, 502, 58, 14, 3, 1, 0, 5, 427, 509, 64, 14, 4, 1, 0, 16, 652, 319, 26, 10, 1, 0, 0
5, 155, 120, 107, 139, 209, 193, 96, 8, 127, 162, 110, 161, 207, 178, 71, 51, 199, 112, 132, 193, 179, 128, 30
0, 0, 4, 59, 213, 280, 178, 290, 0, 0, 6, 72, 205, 303, 173, 265, 0, 0, 30, 134, 322, 199, 169, 170
0, 0, 0, 0, 0, 2, 48, 974, 0, 0, 0, 0, 0, 1, 44, 979, 0, 0, 0, 0, 0, 8, 114, 902
0, 0, 0, 0, 0, 0, 77, 947, 0, 0, 0, 0, 0, 0, 85, 939, 0, 0, 0, 0, 0, 0, 161, 863
0, 0, 0, 0, 1024, 0, 0, 0, 0, 0, 0, 0, 0, 1024, 0, 0, 0, 0, 0, 0, 0, 0, 0, 1024
0, 0, 0, 0, 1024, 0, 0, 0, 0, 0, 0, 0, 0, 1024, 0, 0, 0, 0, 0, 0, 0, 0, 0, 1024
0, 0, 0, 0, 1024, 0, 0, 0, 0, 0, 0, 0, 0, 1016, 8, 0, 0, 0, 0, 0, 0, 0, 0, 1024
0, 0, 0, 0, 1024, 0, 0, 0, 0, 0, 0, 0, 0, 566, 458, 0, 0, 0, 0, 0, 0, 0, 0, 1024
0, 0, 0, 9, 986, 29, 0, 0, 0, 0, 0, 0, 9, 67, 948, 0, 0, 0, 0, 0, 0, 2, 7, 1015
0, 0, 0, 0, 1024, 0, 0, 0, 0, 0, 0, 0, 0, 0, 1024, 0, 0, 0, 0, 0, 0, 0, 0, 1024
0, 2, 45, 113, 771, 93, 0, 0, 0, 0, 4, 40, 114, 121, 745, 0, 0, 0, 2, 11, 25, 78, 72, 836
11, 96, 270, 238, 337, 71, 1, 0, 0, 5, 99, 250, 247, 118, 294, 11, 0, 0, 1, 34, 148, 207, 174, 460
39, 166, 302, 283, 171, 58, 5, 0, 0, 57, 198, 325, 249, 142, 46, 7, 0, 12, 76, 187, 270, 200, 116, 163
63, 395, 380, 130, 50, 5, 1, 0, 6, 268, 435, 222, 74, 16, 2, 1, 1, 180, 426, 240, 115, 40, 11, 11
35, 346, 395, 185, 45, 18, 0, 0, 2, 134, 433, 295, 114, 32, 14, 0, 6, 100, 374, 281, 153, 76, 20, 14
39, 591, 286, 96, 11, 0, 1, 0, 8, 473, 373, 151, 15, 3, 1, 0, 8, 528, 351, 98, 29, 9, 1, 0
25, 475, 383, 120, 17, 3, 1, 0, 5, 297, 491, 196, 28, 5, 2, 0, 25, 481, 378, 119, 17, 3, 1, 0
9, 378, 505, 105, 27, 0, 0, 0, 4, 280, 556, 129, 53, 2, 0, 0, 13, 501, 381, 100, 29, 0, 0, 0
7, 456, 443, 102, 16, 0, 0, 0, 2, 343, 518, 133, 26, 2, 0, 0, 13, 589, 325, 85, 12, 0, 0, 0
6, 424, 505, 73, 13, 3, 0, 0, 5, 378, 550, 74, 14, 3, 0, 0, 46, 658, 259, 51, 7, 3, 0, 0
4, 384, 466, 158, 12, 0, 0, 0, 0, 303, 496, 197, 28, 0, 0, 0, 8, 471, 377, 159, 9, 0, 0, 0
0, 235, 401, 248, 122, 18, 0, 0, 0, 195, 413, 247, 140, 28, 1, 0, 10, 433, 257, 234, 80, 10, 0, 0
2, 201, 467, 200, 125, 29, 0, 0, 2, 189, 466, 210, 127, 30, 0, 0, 6, 335, 389, 196, 80, 18, 0, 0
2, 116, 407, 307, 164, 26, 2, 0, 2, 99, 411, 317, 165, 29, 1, 0, 5, 221, 410, 272, 106, 10, 0, 0
0, 20, 85, 123, 152, 266, 261, 117, 0, 39, 69, 137, 173, 341, 205, 60, 14, 52, 93, 158, 244, 290, 157, 16
0, 0, 4, 39, 181, 275, 230, 295, 0, 1, 5, 63, 199, 238, 229, 289, 0, 2, 17, 152, 223, 223, 190, 217
0, 0, 0, 0, 0, 0, 28, 996, 0, 0, 0, 0, 0, 0, 26, 998, 0, 0, 0, 0, 0, 0, 78, 946
0, 0, 0, 0, 0, 1, 61, 962, 0, 0, 0, 0, 0, 1, 52, 971, 0, 0, 0, 0, 0, 5, 132, 887
0, 0, 0, 0, 1024, 0, 0, 0, 0, 0, 0, 0, 0, 1024, 0, 0, 0, 0, 0, 0, 0, 0, 0, 1024
0, 0, 0, 0, 1024, 0, 0, 0, 0, 0, 0, 0, 0, 1024, 0, 0, 0, 0, 0, 0, 0, 0, 0, 1024
0, 0, 0, 0, 1024, 0, 0, 0, 0, 0, 0, 0, 0, 888, 136, 0, 0, 0, 0, 0, 0, 0, 0, 1024
0, 0, 0, 0, 1024, 0, 0, 0, 0, 0, 0, 0, 0, 121, 903, 0, 0, 0, 0, 0, 0, 0, 0, 1024
4, 11, 14, 19, 966, 10, 0, 0, 0, 3, 7, 15, 15, 35, 949, 0, 0, 0, 0, 0, 4, 6, 13, 1001
26, 45, 51, 133, 711, 58, 0, 0, 1, 41, 42, 76, 166, 117, 581, 0, 0, 1, 17, 53, 93, 160, 46, 654
1, 27, 162, 462, 310, 59, 3, 0, 1, 16, 70, 295, 448, 154, 38, 2, 0, 7, 48, 169, 338, 267, 107, 88
8, 289, 352, 279, 84, 12, 0, 0, 0, 136, 389, 280, 182, 34, 3, 0, 0, 71, 348, 304, 190, 66, 26, 19
6, 328, 450, 187, 50, 3, 0, 0, 0, 214, 414, 286, 99, 11, 0, 0, 1, 211, 332, 273, 155, 35, 14, 3
36, 500, 323, 140, 22, 3, 0, 0, 3, 340, 422, 181, 68, 7, 3, 0, 4, 307, 428, 187, 61, 26, 5, 6
18, 335, 354, 254, 55, 8, 0, 0, 2, 217, 353, 302, 129, 18, 3, 0, 0, 263, 352, 261, 90, 44, 12, 2
86, 632, 261, 41, 4, 0, 0, 0, 16, 562, 371, 69, 4, 2, 0, 0, 17, 612, 322, 66, 5, 2, 0, 0
44, 270, 512, 187, 11, 0, 0, 0, 17, 191, 510, 269, 37, 0, 0, 0, 27, 282, 561, 143, 11, 0, 0, 0
9, 414, 537, 62, 2, 0, 0, 0, 5, 356, 589, 72, 2, 0, 0, 0, 19, 611, 362, 32, 0, 0, 0, 0
15, 354, 359, 219, 69, 6, 2, 0, 3, 256, 440, 232, 82, 9, 2, 0, 10, 442, 394, 146, 28, 4, 0, 0
8, 146, 420, 309, 121, 20, 0, 0, 8, 119, 406, 340, 130, 21, 0, 0, 12, 218, 402, 284, 94, 14, 0, 0
3, 97, 235, 357, 206, 107, 18, 1, 2, 86, 196, 361, 228, 122, 28, 1, 14, 116, 322, 313, 162, 83, 13, 1
2, 39, 332, 470, 141, 38, 2, 0, 2, 32, 321, 482, 145, 40, 2, 0, 3, 80, 434, 386, 101, 20, 0, 0
0, 7, 102, 314, 465, 133, 3, 0, 0, 6, 94, 301, 472, 148, 3, 0, 0, 13, 141, 386, 412, 71, 1, 0
1, 73, 246, 374, 261, 63, 6, 0, 0, 68, 244, 373, 268, 65, 6, 0, 3, 106, 280, 378, 203, 51, 3, 0
0, 16, 171, 138, 150, 309, 212, 28, 0, 32, 185, 133, 178, 312, 169, 15, 0, 123, 147, 137, 240, 262, 111, 4
0, 0, 10, 102, 247, 231, 199, 235, 0, 0, 11, 128, 272, 217, 183, 213, 0, 2, 43, 223, 256, 202, 133, 165
0, 0, 0, 0, 0, 0, 28, 996, 0, 0, 0, 0, 0, 0, 21, 1003, 0, 0, 0, 0, 0, 0, 97, 927
0, 0, 0, 0, 0, 5, 110, 909, 0, 0, 0, 0, 0, 6, 126, 892, 0, 0, 0, 0, 1, 21, 282, 720
0, 0, 0, 0, 1024, 0, 0, 0, 0, 0, 0, 0, 0, 1024, 0, 0, 0, 0, 0, 0, 0, 0, 0, 1024
0, 0, 0, 0, 1024, 0, 0, 0, 0, 0, 0, 0, 0, 1016, 8, 0, 0, 0, 0, 0, 0, 0, 0, 1024
18, 132, 70, 63, 734, 7, 0, 0, 0, 19, 149, 51, 64, 586, 155, 0, 0, 9, 42, 82, 58, 34, 44, 755
61, 169, 174, 158, 438, 24, 0, 0, 2, 80, 137, 142, 138, 212, 313, 0, 0, 0, 12, 90, 92, 92, 115, 623
165, 400, 209, 104, 128, 18, 0, 0, 7, 282, 308, 158, 99, 68, 97, 5, 0, 17, 130, 268, 169, 135, 93, 212
89, 297, 214, 171, 206, 44, 3, 0, 3, 165, 248, 171, 168, 124, 141, 4, 0, 14, 119, 197, 130, 124, 106, 334
63, 352, 259, 213, 120, 16, 1, 0, 2, 166, 374, 242, 189, 39, 10, 2, 0, 45, 255, 304, 236, 91, 53, 40
9, 164, 378, 341, 109, 21, 2, 0, 1, 93, 353, 334, 188, 47, 8, 0, 0, 42, 264, 322, 223, 123, 38, 12
16, 461, 392, 120, 34, 1, 0, 0, 3, 354, 446, 162, 53, 6, 0, 0, 10, 320, 472, 154, 56, 12, 0, 0
25, 332, 314, 237, 99, 16, 1, 0, 5, 252, 331, 256, 117, 45, 17, 1, 15, 307, 313, 253, 73, 19, 13, 31
12, 207, 399, 293, 103, 7, 3, 0, 0, 142, 400, 303, 158, 16, 5, 0, 10, 244, 455, 258, 51, 4, 2, 0
1, 190, 454, 238, 135, 6, 0, 0, 1, 153, 461, 251, 150, 8, 0, 0, 13, 340, 379, 219, 70, 3, 0, 0
0, 43, 401, 483, 95, 2, 0, 0, 0, 32, 325, 494, 169, 4, 0, 0, 1, 112, 547, 332, 32, 0, 0, 0
0, 29, 383, 458, 106, 38, 8, 2, 0, 19, 346, 482, 126, 41, 8, 2, 0, 155, 522, 247, 85, 11, 4, 0
1, 33, 351, 420, 164, 51, 3, 1, 0, 18, 333, 433, 181, 54, 4, 1, 1, 80, 441, 356, 116, 29, 1, 0
0, 2, 116, 378, 386, 136, 5, 1, 0, 0, 72, 366, 419, 158, 8, 1, 0, 14, 214, 443, 303, 49, 1, 0
0, 2, 229, 536, 202, 49, 6, 0, 0, 2, 178, 557, 229, 52, 6, 0, 0, 32, 443, 391, 126, 28, 4, 0
6, 26, 265, 435, 264, 28, 0, 0, 1, 19, 223, 433, 302, 45, 1, 0, 6, 45, 347, 408, 196, 22, 0, 0
0, 1, 76, 340, 468, 132, 6, 1, 0, 0, 60, 301, 478, 167, 16, 2, 0, 13, 167, 463, 331, 47, 3, 0
0, 7, 65, 376, 441, 130, 5, 0, 0, 7, 64, 368, 441, 139, 5, 0, 0, 10, 95, 400, 435, 80, 4, 0
0, 3, 29, 92, 164, 296, 319, 121, 0, 3, 43, 122, 219, 323, 281, 33, 0, 12, 64, 179, 264, 305, 186, 14
0, 11, 157, 138, 190, 238, 164, 126, 0, 11, 177, 169, 240, 214, 91, 122, 0, 48, 226, 219, 242, 137, 62, 90
0, 0, 0, 0, 0, 8, 87, 929, 0, 0, 0, 0, 0, 11, 85, 928, 0, 0, 0, 0, 0, 39, 225, 760
0, 0, 0, 0, 0, 1, 108, 915, 0, 0, 0, 0, 0, 0, 88, 936, 0, 0, 0, 0, 0, 18, 207, 799
23, 56, 112, 139, 680, 14, 0, 0, 3, 27, 73, 112, 118, 622, 69, 0, 0, 0, 9, 29, 110, 107, 64, 705
16, 177, 192, 282, 322, 35, 0, 0, 0, 65, 191, 219, 266, 216, 67, 0, 0, 14, 135, 151, 194, 125, 87, 318
164, 374, 235, 171, 69, 11, 0, 0, 14, 323, 290, 217, 102, 47, 30, 1, 0, 22, 284, 318, 175, 85, 42, 98
62, 358, 350, 189, 60, 5, 0, 0, 2, 183, 387, 286, 124, 38, 4, 0, 0, 43, 227, 307, 224, 103, 58, 62
78, 332, 364, 182, 65, 3, 0, 0, 16, 168, 406, 278, 105, 35, 16, 0, 10, 110, 286, 241, 151, 98, 62, 66
65, 328, 336, 201, 81, 13, 0, 0, 9, 218, 414, 240, 119, 21, 3, 0, 1, 151, 438, 256, 108, 26, 25, 19
140, 515, 285, 64, 19, 1, 0, 0, 35, 485, 379, 100, 19, 6, 0, 0, 23, 457, 401, 115, 21, 7, 0, 0
11, 178, 472, 293, 62, 8, 0, 0, 1, 112, 406, 386, 102, 17, 0, 0, 5, 128, 453, 347, 78, 8, 5, 0
17, 147, 307, 327, 210, 16, 0, 0, 5, 104, 282, 353, 257, 23, 0, 0, 9, 112, 291, 374, 219, 19, 0, 0
31, 315, 378, 191, 71, 34, 4, 0, 5, 196, 395, 261, 86, 44, 29, 8, 2, 178, 338, 265, 104, 46, 26, 65
63, 263, 291, 254, 132, 20, 1, 0, 25, 195, 282, 272, 200, 44, 6, 0, 26, 200, 280, 245, 169, 75, 22, 7
12, 206, 390, 282, 118, 16, 0, 0, 4, 170, 380, 288, 158, 23, 1, 0, 18, 255, 341, 256, 121, 30, 3, 0
3, 287, 403, 247, 77, 7, 0, 0, 2, 264, 394, 264, 88, 12, 0, 0, 19, 376, 366, 203, 58, 2, 0, 0
4, 65, 266, 372, 230, 83, 4, 0, 4, 54, 237, 384, 240, 100, 5, 0, 17, 163, 351, 322, 146, 25, 0, 0
0, 26, 139, 350, 396, 107, 5, 1, 0, 18, 137, 335, 410, 117, 6, 1, 1, 52, 208, 373, 334, 53, 2, 1
0, 2, 49, 340, 465, 157, 11, 0, 0, 1, 35, 294, 489, 190, 15, 0, 0, 8, 155, 460, 354, 45, 2, 0
0, 15, 128, 428, 345, 95, 11, 2, 0, 12, 118, 410, 364, 103, 15, 2, 2, 24, 234, 448, 252, 57, 6, 1
1, 39, 156, 330, 388, 105, 5, 0, 1, 34, 152, 314, 395, 119, 9, 0, 3, 62, 177, 339, 369, 71, 3, 0
0, 50, 172, 191, 434, 172, 5, 0, 0, 39, 162, 184, 408, 223, 8, 0, 7, 128, 169, 216, 424, 77, 3, 0
0, 76, 145, 250, 269, 186, 58, 40, 0, 102, 134, 266, 261, 175, 48, 38, 9, 137, 144, 277, 259, 125, 53, 20
0, 49, 100, 116, 234, 251, 180, 94, 3, 114, 67, 176, 265, 189, 155, 55, 21, 118, 110, 247, 212, 165, 139, 12
9, 90, 124, 130, 193, 294, 111, 73, 15, 106, 139, 158, 253, 219, 82, 52, 76, 88, 156, 230, 263, 128, 56, 27
0, 0, 0, 0, 0, 11, 122, 891, 0, 0, 0, 0, 0, 14, 147, 863, 0, 0, 0, 0, 0, 48, 286, 690
0, 0, 0, 0, 0, 11, 169, 844, 0, 0, 0, 0, 0, 16, 211, 797, 0, 0, 0, 0, 0, 61, 446, 517
15, 84, 186, 421, 298, 20, 0, 0, 0, 39, 149, 381, 333, 111, 11, 0, 0, 8, 114, 344, 296, 109, 52, 101
65, 204, 288, 304, 154, 8, 1, 0, 9, 137, 268, 368, 215, 25, 2, 0, 0, 53, 310, 365, 217, 60, 12, 7
32, 180, 330, 359, 120, 3, 0, 0, 21, 111, 280, 360, 232, 20, 0, 0, 10, 76, 266, 382, 220, 48, 9, 13
37, 190, 266, 390, 137, 4, 0, 0, 6, 108, 264, 360, 269, 17, 0, 0, 1, 66, 298, 422, 212, 25, 0, 0
215, 317, 268, 151, 67, 5, 1, 0, 55, 324, 318, 196, 109, 18, 3, 1, 20, 282, 270, 221, 123, 58, 25, 25
12, 156, 234, 310, 287, 25, 0, 0, 7, 105, 258, 306, 312, 36, 0, 0, 10, 106, 325, 376, 187, 20, 0, 0
226, 357, 214, 148, 67, 10, 2, 0, 124, 389, 238, 158, 86, 27, 2, 0, 93, 430, 255, 147, 73, 24, 2, 0
21, 130, 322, 284, 243, 24, 0, 0, 8, 96, 283, 330, 262, 41, 4, 0, 22, 123, 340, 314, 194, 26, 4, 1
112, 251, 387, 181, 78, 14, 1, 0, 65, 256, 398, 198, 86, 16, 5, 0, 54, 325, 388, 156, 61, 25, 9, 6
251, 321, 204, 134, 95, 15, 4, 0, 153, 367, 207, 133, 133, 26, 2, 3, 164, 290, 222, 163, 119, 41, 18, 7
86, 159, 173, 245, 288, 61, 12, 0, 33, 149, 148, 247, 302, 117, 27, 1, 45, 153, 207, 306, 180, 71, 38, 24
58, 468, 286, 127, 68, 15, 2, 0, 27, 442, 292, 155, 74, 29, 5, 0, 72, 473, 236, 121, 72, 31, 13, 6
87, 448, 244, 143, 71, 22, 9, 0, 55, 453, 239, 163, 69, 27, 15, 3, 84, 448, 248, 126, 64, 27, 8, 19
33, 333, 364, 208, 72, 13, 1, 0, 29, 308, 360, 212, 95, 15, 5, 0, 91, 413, 320, 155, 35, 10, 0, 0
0, 164, 352, 320, 160, 26, 2, 0, 0, 157, 337, 318, 177, 33, 2, 0, 14, 240, 384, 286, 87, 11, 2, 0
11, 382, 372, 211, 40, 8, 0, 0, 8, 354, 364, 242, 48, 8, 0, 0, 31, 481, 340, 147, 24, 1, 0, 0
1, 360, 292, 290, 81, 0, 0, 0, 0, 324, 281, 300, 116, 3, 0, 0, 26, 450, 307, 201, 40, 0, 0, 0
25, 543, 299, 125, 32, 0, 0, 0, 16, 471, 347, 138, 51, 1, 0, 0, 29, 567, 290, 110, 28, 0, 0, 0
0, 329, 589, 101, 5, 0, 0, 0, 0, 381, 514, 122, 7, 0, 0, 0, 2, 621, 354, 47, 0, 0, 0, 0
0, 25, 510, 246, 156, 79, 8, 0, 0, 208, 348, 239, 159, 66, 4, 0, 0, 289, 305, 223, 162, 43, 2, 0
4, 106, 309, 125, 166, 141, 94, 79, 11, 208, 234, 148, 155, 126, 83, 59, 37, 279, 194, 153, 153, 111, 65, 32
2, 257, 214, 155, 174, 109, 87, 26, 3, 266, 249, 172, 141, 102, 77, 14, 13, 340, 253, 175, 113, 83, 45, 2
0, 0, 0, 0, 0, 62, 321, 641, 0, 0, 0, 0, 0, 53, 379, 592, 0, 0, 0, 0, 20, 162, 477, 365
0, 0, 0, 0, 0, 3, 189, 832, 0, 0, 0, 0, 0, 6, 251, 767, 0, 0, 0, 0, 0, 53, 459, 512
0, 1, 42, 78, 867, 36, 0, 0, 0, 1, 12, 55, 69, 812, 75, 0, 0, 0, 1, 31, 75, 37, 31, 849
0, 11, 78, 155, 733, 47, 0, 0, 0, 4, 47, 122, 165, 542, 144, 0, 0, 0, 41, 97, 117, 63, 62, 644
0, 7, 139, 354, 448, 76, 0, 0, 0, 0, 51, 262, 385, 228, 98, 0, 0, 0, 27, 245, 267, 142, 98, 245
0, 1, 70, 354, 519, 80, 0, 0, 0, 0, 43, 256, 468, 182, 75, 0, 0, 3, 60, 316, 356, 101, 54, 134
2, 38, 239, 398, 320, 27, 0, 0, 0, 12, 143, 349, 385, 124, 10, 1, 0, 11, 126, 273, 315, 167, 71, 61
4, 111, 274, 371, 218, 45, 1, 0, 0, 43, 193, 354, 305, 107, 22, 0, 0, 39, 147, 292, 283, 155, 70, 38
0, 39, 203, 439, 312, 31, 0, 0, 0, 27, 173, 421, 357, 46, 0, 0, 2, 53, 280, 470, 210, 9, 0, 0
7, 139, 435, 276, 152, 15, 0, 0, 0, 78, 392, 313, 197, 35, 9, 0, 0, 93, 419, 287, 145, 50, 15, 15
37, 246, 376, 250, 90, 25, 0, 0, 26, 131, 398, 301, 134, 34, 0, 0, 12, 202, 419, 260, 107, 21, 3, 0
6, 87, 191, 384, 299, 56, 1, 0, 1, 65, 155, 326, 384, 87, 6, 0, 7, 69, 223, 408, 251, 52, 10, 4
1, 18, 192, 410, 348, 40, 14, 1, 0, 7, 134, 416, 381, 65, 18, 3, 0, 34, 259, 420, 240, 45, 21, 5
0, 48, 196, 382, 344, 52, 1, 1, 0, 38, 179, 362, 360, 83, 1, 1, 11, 115, 289, 369, 215, 24, 1, 0
2, 59, 216, 372, 294, 77, 4, 0, 1, 44, 186, 355, 332, 101, 5, 0, 6, 83, 296, 383, 229, 27, 0, 0
5, 60, 258, 429, 236, 34, 2, 0, 1, 38, 201, 415, 319, 48, 2, 0, 8, 124, 354, 394, 128, 16, 0, 0
0, 27, 391, 380, 194, 32, 0, 0, 0, 21, 353, 410, 196, 44, 0, 0, 1, 158, 475, 275, 108, 7, 0, 0
4, 64, 372, 361, 167, 56, 0, 0, 3, 50, 345, 378, 186, 61, 1, 0, 9, 188, 430, 261, 123, 13, 0, 0
1, 55, 358, 453, 140, 17, 0, 0, 0, 39, 298, 499, 164, 23, 1, 0, 4, 154, 520, 260, 84, 2, 0, 0
0, 159, 400, 297, 155, 13, 0, 0, 0, 112, 412, 312, 165, 23, 0, 0, 1, 243, 435, 267, 75, 3, 0, 0
1, 104, 411, 345, 135, 28, 0, 0, 1, 99, 391, 348, 152, 33, 0, 0, 3, 215, 453, 284, 64, 5, 0, 0
12, 170, 245, 224, 233, 113, 24, 3, 12, 174, 234, 252, 238, 91, 21, 2, 21, 207, 233, 252, 209, 90, 11, 1
0, 52, 132, 171, 174, 187, 139, 169, 4, 83, 138, 179, 199, 161, 148, 112, 21, 116, 166, 191, 194, 144, 145, 47
1, 24, 159, 125, 248, 344, 119, 4, 0, 30, 182, 185, 355, 241, 31, 0, 1, 65, 227, 310, 324, 89, 8, 0
0, 0, 0, 0, 6, 91, 270, 657, 0, 0, 0, 0, 8, 105, 287, 624, 0, 0, 0, 2, 30, 194, 318, 480
0, 0, 0, 0, 0, 6, 256, 762, 0, 0, 0, 0, 0, 15, 347, 662, 0, 0, 0, 0, 1, 96, 520, 407
0, 0, 0, 0, 1024, 0, 0, 0, 0, 0, 0, 0, 0, 1024, 0, 0, 0, 0, 0, 0, 0, 0, 0, 1024
0, 0, 0, 0, 1024, 0, 0, 0, 0, 0, 0, 0, 0, 880, 144, 0, 0, 0, 0, 0, 0, 0, 0, 1024
0, 0, 8, 15, 985, 16, 0, 0, 0, 0, 0, 8, 15, 303, 698, 0, 0, 0, 0, 1, 8, 10, 9, 996
0, 0, 23, 88, 844, 69, 0, 0, 0, 0, 2, 41, 137, 127, 717, 0, 0, 0, 1, 20, 65, 84, 50, 804
9, 67, 229, 329, 318, 71, 1, 0, 2, 28, 134, 293, 389, 135, 42, 1, 0, 4, 31, 217, 375, 219, 95, 83
2, 15, 226, 384, 336, 58, 3, 0, 2, 6, 146, 335, 405, 112, 16, 2, 2, 10, 203, 303, 308, 103, 53, 42
0, 13, 127, 403, 419, 62, 0, 0, 0, 9, 113, 362, 442, 97, 1, 0, 0, 31, 203, 509, 262, 19, 0, 0
61, 96, 247, 335, 228, 51, 6, 0, 30, 85, 204, 326, 300, 69, 8, 2, 12, 97, 192, 343, 298, 56, 22, 4
6, 44, 216, 406, 267, 85, 0, 0, 2, 28, 178, 396, 304, 116, 0, 0, 2, 40, 226, 406, 294, 51, 3, 2
0, 17, 157, 409, 363, 78, 0, 0, 0, 9, 134, 395, 384, 102, 0, 0, 2, 56, 273, 467, 208, 18, 0, 0
28, 64, 118, 327, 360, 125, 2, 0, 23, 60, 113, 306, 359, 161, 2, 0, 29, 79, 216, 369, 308, 20, 3, 0
0, 1, 20, 218, 564, 216, 5, 0, 0, 0, 16, 178, 561, 262, 7, 0, 0, 2, 103, 461, 416, 42, 0, 0
32, 77, 132, 269, 393, 118, 3, 0, 21, 81, 112, 242, 400, 164, 4, 0, 39, 93, 195, 336, 328, 33, 0, 0
72, 184, 205, 190, 259, 109, 5, 0, 32, 196, 202, 196, 253, 138, 7, 0, 88, 216, 242, 260, 192, 25, 1, 0
5, 145, 233, 349, 260, 31, 1, 0, 4, 103, 224, 340, 295, 55, 3, 0, 13, 221, 272, 371, 143, 4, 0, 0
42, 257, 248, 277, 174, 24, 2, 0, 39, 251, 231, 261, 185, 54, 3, 0, 127, 218, 326, 237, 107, 9, 0, 0
38, 166, 181, 267, 313, 59, 0, 0, 29, 150, 169, 267, 317, 92, 0, 0, 73, 162, 238, 338, 208, 5, 0, 0
129, 474, 248, 123, 43, 6, 1, 0, 115, 467, 258, 129, 43, 11, 1, 0, 171, 461, 245, 106, 37, 4, 0, 0
87, 370, 206, 176, 135, 43, 6, 1, 94, 362, 201, 181, 135, 45, 5, 1, 178, 333, 184, 198, 98, 29, 3, 1
135, 656, 124, 66, 36, 7, 0, 0, 162, 632, 124, 63, 36, 7, 0, 0, 211, 609, 107, 54, 36, 7, 0, 0
123, 370, 92, 89, 93, 119, 78, 60, 139, 370, 85, 101, 139, 94, 47, 49, 253, 296, 109, 120, 127, 55, 42, 22
0, 12, 169, 227, 227, 201, 162, 26, 0, 35, 216, 234, 242, 226, 62, 9, 6, 134, 211, 272, 224, 153, 24, 0
0, 0, 0, 0, 1, 19, 164, 840, 0, 0, 0, 0, 1, 18, 169, 836, 0, 0, 0, 0, 6, 33, 250, 735
0, 0, 0, 0, 0, 12, 210, 802, 0, 0, 0, 0, 0, 15, 284, 725, 0, 0, 0, 0, 3, 50, 423, 548
0, 0, 0, 0, 1024, 0, 0, 0, 0, 0, 0, 0, 0, 1024, 0, 0, 0, 0, 0, 0, 0, 0, 0, 1024
0, 0, 0, 0, 1024, 0, 0, 0, 0, 0, 0, 0, 0, 888, 136, 0, 0, 0, 0, 0, 0, 0, 0, 1024
0, 0, 0, 0, 1024, 0, 0, 0, 0, 0, 0, 0, 0, 0, 1024, 0, 0, 0, 0, 0, 0, 0, 0, 1024
0, 0, 17, 98, 875, 34, 0, 0, 0, 0, 0, 38, 134, 100, 751, 1, 0, 0, 0, 31, 114, 52, 36, 791
0, 44, 178, 450, 312, 39, 1, 0, 0, 2, 94, 326, 449, 112, 41, 0, 0, 1, 20, 213, 396, 197, 88, 109
6, 65, 185, 449, 289, 28, 2, 0, 0, 16, 137, 359, 412, 91, 9, 0, 0, 8, 75, 369, 355, 114, 71, 32
38, 176, 307, 293, 173, 36, 1, 0, 7, 82, 211, 326, 306, 82, 9, 1, 3, 17, 101, 261, 296, 217, 79, 50
42, 170, 319, 287, 148, 50, 7, 1, 3, 57, 203, 364, 224, 122, 39, 12, 0, 5, 39, 154, 270, 244, 134, 178
3, 28, 154, 334, 391, 108, 6, 0, 0, 6, 83, 270, 462, 162, 34, 7, 0, 11, 91, 235, 358, 159, 92, 78
0, 29, 149, 322, 401, 106, 16, 1, 0, 3, 75, 257, 469, 185, 31, 4, 0, 1, 61, 259, 407, 181, 59, 56
32, 152, 237, 277, 263, 56, 7, 0, 8, 87, 211, 248, 333, 95, 29, 13, 16, 88, 217, 274, 242, 87, 28, 72
0, 4, 55, 292, 506, 155, 11, 1, 0, 0, 32, 222, 540, 200, 22, 8, 0, 3, 80, 381, 427, 80, 25, 28
0, 4, 69, 333, 522, 93, 3, 0, 0, 1, 50, 289, 542, 139, 3, 0, 1, 16, 168, 476, 353, 9, 1, 0
0, 4, 67, 342, 517, 94, 0, 0, 0, 3, 48, 311, 541, 121, 0, 0, 1, 24, 181, 508, 305, 5, 0, 0
22, 148, 305, 337, 199, 13, 0, 0, 4, 116, 294, 353, 227, 29, 1, 0, 25, 199, 330, 318, 147, 5, 0, 0
1, 58, 272, 412, 246, 33, 2, 0, 1, 47, 231, 392, 303, 48, 2, 0, 8, 117, 363, 399, 124, 13, 0, 0
49, 366, 365, 200, 43, 1, 0, 0, 8, 286, 368, 281, 75, 6, 0, 0, 52, 372, 369, 191, 39, 1, 0, 0
123, 497, 254, 119, 29, 2, 0, 0, 52, 511, 281, 142, 36, 2, 0, 0, 156, 498, 240, 111, 18, 1, 0, 0
102, 456, 257, 133, 57, 19, 0, 0, 59, 438, 300, 147, 61, 19, 0, 0, 163, 483, 234, 98, 38, 8, 0, 0
126, 573, 215, 85, 22, 3, 0, 0, 58, 645, 220, 78, 21, 2, 0, 0, 109, 630, 195, 72, 18, 0, 0, 0
89, 272, 125, 116, 161, 131, 86, 44, 63, 291, 155, 145, 180, 96, 64, 30, 104, 331, 149, 179, 135, 70, 40, 16
0, 7, 133, 220, 205, 242, 146, 71, 0, 14, 179, 212, 243, 221, 96, 59, 1, 72, 262, 205, 275, 122, 57, 30
0, 0, 0, 0, 0, 15, 121, 888, 0, 0, 0, 0, 0, 17, 129, 878, 0, 0, 0, 0, 0, 32, 187, 805
0, 0, 0, 0, 0, 5, 253, 766, 0, 0, 0, 0, 0, 26, 379, 619, 0, 0, 0, 0, 2, 111, 482, 429
0, 0, 0, 0, 1024, 0, 0, 0, 0, 0, 0, 0, 0, 1024, 0, 0, 0, 0, 0, 0, 0, 0, 0, 1024
0, 0, 0, 0, 1024, 0, 0, 0, 0, 0, 0, 0, 0, 576, 448, 0, 0, 0, 0, 0, 0, 0, 0, 1024
0, 0, 0, 0, 1024, 0, 0, 0, 0, 0, 0, 0, 0, 0, 1024, 0, 0, 0, 0, 0, 0, 0, 0, 1024
0, 0, 0, 0, 1024, 0, 0, 0, 0, 0, 0, 0, 0, 0, 1024, 0, 0, 0, 0, 0, 0, 0, 0, 1024
0, 0, 5, 65, 907, 46, 1, 0, 0, 0, 0, 20, 101, 60, 842, 1, 0, 0, 0, 11, 78, 50, 23, 862
0, 2, 42, 128, 744, 107, 1, 0, 0, 0, 9, 74, 229, 123, 589, 0, 0, 0, 0, 52, 125, 119, 93, 635
0, 0, 10, 78, 758, 173, 5, 0, 0, 0, 1, 16, 138, 131, 735, 3, 0, 0, 0, 7, 62, 72, 86, 797
0, 4, 43, 182, 455, 336, 4, 0, 0, 0, 12, 73, 232, 192, 503, 12, 0, 0, 0, 33, 170, 162, 91, 568
0, 9, 35, 122, 383, 470, 5, 0, 0, 2, 13, 43, 138, 175, 604, 49, 0, 0, 0, 8, 73, 101, 83, 759
0, 30, 116, 266, 340, 246, 26, 0, 0, 3, 49, 149, 311, 229, 237, 46, 0, 0, 13, 61, 189, 201, 150, 410
1, 14, 62, 138, 300, 472, 36, 1, 0, 1, 17, 69, 168, 198, 390, 181, 0, 0, 4, 20, 59, 135, 113, 693
13, 137, 232, 247, 240, 120, 33, 2, 0, 65, 156, 199, 223, 210, 125, 46, 0, 58, 101, 97, 139, 152, 153, 324
8, 181, 285, 262, 246, 42, 0, 0, 2, 101, 292, 262, 276, 87, 4, 0, 1, 118, 287, 284, 249, 72, 11, 2
4, 146, 302, 264, 263, 44, 0, 1, 0, 72, 295, 276, 310, 67, 3, 1, 4, 125, 292, 341, 221, 35, 2, 4
49, 360, 370, 178, 65, 2, 0, 0, 13, 259, 410, 234, 101, 7, 0, 0, 51, 369, 375, 165, 62, 2, 0, 0
128, 441, 205, 153, 85, 12, 0, 0, 47, 442, 258, 162, 97, 18, 0, 0, 100, 488, 218, 149, 63, 6, 0, 0
241, 448, 178, 93, 54, 10, 0, 0, 111, 466, 245, 112, 73, 14, 3, 0, 166, 509, 192, 97, 51, 8, 1, 0
159, 394, 269, 125, 59, 17, 1, 0, 90, 380, 298, 162, 72, 19, 2, 1, 142, 425, 270, 115, 55, 16, 1, 0
158, 537, 190, 96, 32, 6, 5, 0, 96, 547, 229, 107, 34, 8, 3, 0, 186, 534, 188, 84, 22, 8, 2, 0
290, 646, 65, 13, 8, 2, 0, 0, 253, 680, 68, 13, 8, 2, 0, 0, 284, 653, 65, 12, 8, 2, 0, 0
103, 223, 216, 157, 163, 95, 47, 20, 95, 231, 232, 179, 152, 70, 46, 19, 119, 255, 216, 203, 119, 56, 38, 18
0, 9, 54, 153, 307, 307, 160, 34, 2, 22, 107, 187, 305, 248, 127, 26, 7, 52, 189, 285, 279, 156, 52, 4
0, 0, 0, 0, 2, 2, 45, 975, 0, 0, 0, 0, 1, 3, 43, 977, 0, 0, 0, 0, 2, 4, 57, 961
0, 0, 0, 0, 0, 1, 202, 821, 0, 0, 0, 0, 0, 7, 289, 728, 0, 0, 0, 0, 0, 69, 456, 499
0, 0, 0, 0, 1024, 0, 0, 0, 0, 0, 0, 0, 0, 1024, 0, 0, 0, 0, 0, 0, 0, 0, 0, 1024
0, 0, 0, 0, 1024, 0, 0, 0, 0, 0, 0, 0, 0, 0, 1024, 0, 0, 0, 0, 0, 0, 0, 0, 1024
0, 0, 0, 0, 1024, 0, 0, 0, 0, 0, 0, 0, 0, 0, 1024, 0, 0, 0, 0, 0, 0, 0, 0, 1024
0, 0, 0, 0, 1024, 0, 0, 0, 0, 0, 0, 0, 0, 0, 1024, 0, 0, 0, 0, 0, 0, 0, 0, 1024
0, 0, 0, 0, 1024, 0, 0, 0, 0, 0, 0, 0, 0, 0, 1024, 0, 0, 0, 0, 0, 0, 0, 0, 1024
0, 0, 0, 0, 1024, 0, 0, 0, 0, 0, 0, 0, 0, 0, 1024, 0, 0, 0, 0, 0, 0, 0, 0, 1024
0, 1, 3, 30, 883, 107, 0, 0, 0, 0, 1, 9, 52, 75, 887, 0, 0, 0, 0, 11, 18, 26, 17, 952
0, 43, 135, 222, 488, 131, 5, 0, 0, 6, 62, 194, 157, 128, 472, 5, 0, 0, 0, 30, 107, 167, 109, 611
3, 51, 190, 357, 269, 151, 3, 0, 0, 3, 79, 232, 341, 156, 173, 40, 0, 0, 2, 86, 180, 168, 133, 455
9, 239, 447, 225, 89, 13, 2, 0, 0, 76, 371, 328, 156, 77, 14, 2, 3, 91, 191, 228, 191, 119, 88, 113
27, 463, 295, 162, 47, 25, 5, 0, 3, 276, 389, 189, 91, 41, 24, 11, 8, 325, 255, 150, 75, 46, 51, 114
104, 554, 298, 57, 11, 0, 0, 0, 18, 452, 419, 108, 20, 7, 0, 0, 52, 450, 350, 134, 27, 5, 6, 0
84, 632, 283, 25, 0, 0, 0, 0, 14, 553, 418, 37, 2, 0, 0, 0, 120, 684, 206, 14, 0, 0, 0, 0
18, 481, 377, 122, 26, 0, 0, 0, 11, 380, 438, 156, 39, 0, 0, 0, 94, 564, 277, 78, 11, 0, 0, 0
25, 598, 345, 51, 4, 1, 0, 0, 9, 530, 396, 78, 10, 1, 0, 0, 180, 589, 215, 37, 3, 0, 0, 0
200, 638, 129, 41, 10, 5, 1, 0, 66, 626, 254, 56, 13, 6, 3, 0, 141, 670, 151, 47, 9, 5, 1, 0
342, 551, 84, 33, 10, 3, 1, 0, 128, 674, 159, 43, 11, 6, 3, 0, 214, 640, 119, 35, 11, 4, 1, 0
262, 714, 42, 5, 1, 0, 0, 0, 108, 861, 48, 6, 1, 0, 0, 0, 302, 680, 37, 4, 1, 0, 0, 0
207, 726, 85, 6, 0, 0, 0, 0, 144, 767, 106, 7, 0, 0, 0, 0, 172, 755, 91, 6, 0, 0, 0, 0
232, 547, 150, 64, 19, 9, 3, 0, 224, 552, 153, 69, 16, 8, 2, 0, 271, 536, 147, 48, 17, 4, 1, 0
150, 404, 310, 121, 33, 6, 0, 0, 148, 479, 268, 90, 33, 6, 0, 0, 187, 465, 259, 84, 24, 5, 0, 0
2, 26, 107, 287, 330, 196, 64, 12, 4, 53, 142, 311, 290, 160, 53, 11, 8, 101, 310, 303, 210, 74, 15, 3
0, 0, 0, 0, 18, 69, 190, 747, 0, 0, 0, 0, 17, 69, 208, 730, 0, 0, 0, 1, 30, 82, 202, 709
0, 0, 0, 0, 0, 3, 283, 738, 0, 0, 0, 0, 0, 27, 405, 592, 0, 0, 0, 0, 1, 185, 469, 369
0, 0, 0, 0, 1024, 0, 0, 0, 0, 0, 0, 0, 0, 832, 192, 0, 0, 0, 0, 0, 0, 0, 0, 1024
0, 0, 0, 0, 1024, 0, 0, 0, 0, 0, 0, 0, 0, 0, 1024, 0, 0, 0, 0, 0, 0, 0, 0, 1024
0, 0, 0, 0, 1024, 0, 0, 0, 0, 0, 0, 0, 0, 0, 1024, 0, 0, 0, 0, 0, 0, 0, 0, 1024
0, 0, 0, 0, 1024, 0, 0, 0, 0, 0, 0, 0, 0, 0, 1024, 0, 0, 0, 0, 0, 0, 0, 0, 1024
0, 0, 0, 0, 1024, 0, 0, 0, 0, 0, 0, 0, 0, 0, 1024, 0, 0, 0, 0, 0, 0, 0, 0, 1024
0, 0, 2, 79, 857, 86, 0, 0, 0, 0, 0, 14, 185, 85, 739, 1, 0, 0, 0, 4, 111, 78, 39, 792
0, 12, 115, 554, 305, 37, 1, 0, 0, 0, 23, 321, 537, 89, 54, 0, 0, 0, 2, 127, 437, 271, 91, 96
4, 24, 284, 508, 199, 5, 0, 0, 1, 8, 113, 426, 404, 72, 0, 0, 1, 4, 71, 264, 376, 208, 79, 21
38, 203, 438, 244, 96, 5, 0, 0, 14, 121, 380, 323, 160, 19, 7, 0, 0, 84, 324, 337, 179, 57, 23, 20
27, 361, 413, 183, 40, 0, 0, 0, 8, 260, 482, 218, 55, 1, 0, 0, 10, 272, 482, 222, 38, 0, 0, 0
23, 238, 282, 334, 141, 6, 0, 0, 7, 174, 284, 375, 173, 11, 0, 0, 45, 289, 375, 269, 46, 0, 0, 0
135, 571, 299, 19, 0, 0, 0, 0, 43, 475, 460, 45, 1, 0, 0, 0, 118, 579, 305, 22, 0, 0, 0, 0
339, 557, 107, 19, 2, 0, 0, 0, 107, 704, 172, 35, 6, 0, 0, 0, 222, 658, 113, 27, 4, 0, 0, 0
72, 551, 313, 87, 1, 0, 0, 0, 43, 512, 351, 115, 3, 0, 0, 0, 183, 588, 233, 19, 1, 0, 0, 0
25, 658, 324, 17, 0, 0, 0, 0, 16, 637, 348, 23, 0, 0, 0, 0, 148, 698, 171, 7, 0, 0, 0, 0
13, 734, 272, 3, 2, 0, 0, 0, 9, 712, 297, 3, 3, 0, 0, 0, 47, 854, 119, 2, 2, 0, 0, 0
280, 616, 123, 5, 0, 0, 0, 0, 75, 691, 244, 14, 0, 0, 0, 0, 153, 722, 143, 6, 0, 0, 0, 0
143, 665, 183, 31, 2, 0, 0, 0, 58, 702, 211, 48, 5, 0, 0, 0, 333, 559, 115, 17, 0, 0, 0, 0
98, 676, 239, 11, 0, 0, 0, 0, 80, 635, 292, 17, 0, 0, 0, 0, 94, 692, 222, 16, 0, 0, 0, 0
105, 677, 196, 40, 6, 0, 0, 0, 104, 677, 197, 39, 7, 0, 0, 0, 112, 684, 183, 39, 6, 0, 0, 0
65, 383, 274, 141, 86, 53, 17, 5, 69, 411, 260, 140, 88, 42, 12, 2, 110, 437, 265, 117, 66, 26, 2, 1
0, 4, 53, 197, 393, 304, 67, 6, 0, 11, 118, 298, 404, 165, 27, 1, 3, 69, 212, 407, 272, 59, 2, 0
0, 0, 0, 1, 24, 126, 292, 581, 0, 0, 0, 2, 39, 156, 327, 500, 0, 0, 1, 20, 83, 213, 321, 386
0, 0, 0, 0, 0, 32, 259, 733, 0, 0, 0, 0, 4, 99, 267, 654, 0, 0, 0, 0, 20, 198, 320, 486
0, 0, 0, 0, 1024, 0, 0, 0, 0, 0, 0, 0, 0, 448, 576, 0, 0, 0, 0, 0, 0, 0, 0, 1024
0, 0, 0, 0, 1024, 0, 0, 0, 0, 0, 0, 0, 0, 0, 1024, 0, 0, 0, 0, 0, 0, 0, 0, 1024
0, 0, 0, 0, 1024, 0, 0, 0, 0, 0, 0, 0, 0, 0, 1024, 0, 0, 0, 0, 0, 0, 0, 0, 1024
0, 0, 0, 0, 1024, 0, 0, 0, 0, 0, 0, 0, 0, 0, 1024, 0, 0, 0, 0, 0, 0, 0, 0, 1024
0, 0, 0, 0, 1024, 0, 0, 0, 0, 0, 0, 0, 0, 0, 1024, 0, 0, 0, 0, 0, 0, 0, 0, 1024
0, 0, 0, 8, 923, 93, 0, 0, 0, 0, 0, 2, 20, 46, 956, 0, 0, 0, 0, 0, 0, 13, 20, 991
0, 3, 70, 447, 403, 98, 3, 0, 0, 1, 30, 272, 477, 159, 82, 3, 0, 0, 18, 226, 390, 200, 70, 120
0, 33, 337, 502, 146, 6, 0, 0, 0, 9, 212, 530, 256, 17, 0, 0, 0, 13, 249, 506, 221, 28, 5, 2
36, 253, 520, 165, 48, 2, 0, 0, 1, 135, 511, 259, 100, 17, 1, 0, 3, 175, 423, 230, 145, 41, 6, 1
94, 497, 346, 79, 8, 0, 0, 0, 50, 383, 401, 168, 21, 1, 0, 0, 64, 418, 357, 155, 24, 6, 0, 0
74, 356, 329, 236, 26, 3, 0, 0, 37, 307, 328, 291, 57, 4, 0, 0, 61, 415, 384, 151, 13, 0, 0, 0
150, 457, 348, 60, 8, 1, 0, 0, 95, 418, 387, 108, 15, 1, 0, 0, 159, 524, 285, 48, 8, 0, 0, 0
23, 310, 527, 157, 7, 0, 0, 0, 2, 229, 553, 228, 12, 0, 0, 0, 58, 519, 383, 63, 1, 0, 0, 0
13, 354, 557, 96, 4, 0, 0, 0, 11, 306, 575, 125, 7, 0, 0, 0, 100, 585, 316, 22, 1, 0, 0, 0
78, 617, 312, 13, 2, 1, 1, 0, 69, 599, 337, 15, 2, 1, 1, 0, 171, 680, 165, 5, 1, 2, 0, 0
37, 349, 388, 172, 59, 13, 6, 0, 31, 309, 404, 200, 61, 13, 6, 0, 68, 424, 340, 128, 47, 14, 3, 0
92, 375, 346, 179, 27, 5, 0, 0, 42, 323, 379, 223, 48, 9, 0, 0, 99, 374, 368, 161, 19, 3, 0, 0
6, 252, 489, 234, 42, 1, 0, 0, 4, 196, 500, 256, 66, 2, 0, 0, 10, 307, 500, 185, 22, 0, 0, 0
65, 259, 441, 202, 56, 1, 0, 0, 50, 223, 432, 210, 103, 6, 0, 0, 75, 336, 388, 186, 38, 1, 0, 0
1, 249, 595, 169, 10, 0, 0, 0, 0, 231, 602, 180, 11, 0, 0, 0, 6, 376, 515, 119, 8, 0, 0, 0
103, 452, 240, 117, 76, 26, 9, 1, 115, 462, 240, 107, 73, 21, 6, 0, 144, 489, 232, 99, 40, 17, 3, 0
0, 4, 105, 250, 278, 200, 122, 65, 0, 15, 165, 268, 254, 165, 112, 45, 3, 110, 244, 263, 191, 115, 76, 22
0, 0, 0, 0, 0, 38, 264, 722, 0, 0, 0, 0, 0, 60, 313, 651, 0, 0, 0, 0, 9, 107, 349, 559
0, 0, 0, 0, 0, 16, 173, 835, 0, 0, 0, 0, 0, 40, 177, 807, 0, 0, 0, 0, 4, 111, 208, 701
0, 0, 0, 0, 1024, 0, 0, 0, 0, 0, 0, 0, 0, 256, 768, 0, 0, 0, 0, 0, 0, 0, 0, 1024
0, 0, 0, 0, 1024, 0, 0, 0, 0, 0, 0, 0, 0, 0, 1024, 0, 0, 0, 0, 0, 0, 0, 0, 1024
0, 0, 0, 0, 1024, 0, 0, 0, 0, 0, 0, 0, 0, 0, 1024, 0, 0, 0, 0, 0, 0, 0, 0, 1024
0, 0, 0, 0, 1024, 0, 0, 0, 0, 0, 0, 0, 0, 0, 1024, 0, 0, 0, 0, 0, 0, 0, 0, 1024
0, 0, 0, 0, 1024, 0, 0, 0, 0, 0, 0, 0, 0, 0, 1024, 0, 0, 0, 0, 0, 0, 0, 0, 1024
0, 0, 9, 65, 796, 153, 1, 0, 0, 0, 1, 33, 113, 89, 788, 0, 0, 0, 3, 26, 76, 64, 37, 818
6, 26, 126, 439, 395, 31, 1, 0, 0, 9, 73, 310, 430, 165, 37, 0, 0, 0, 22, 264, 368, 203, 94, 73
5, 134, 301, 406, 165, 13, 0, 0, 1, 83, 226, 419, 267, 27, 1, 0, 2, 86, 272, 437, 191, 35, 1, 0
35, 333, 457, 179, 20, 0, 0, 0, 2, 239, 460, 265, 57, 1, 0, 0, 9, 285, 513, 195, 22, 0, 0, 0
32, 294, 356, 261, 80, 1, 0, 0, 9, 194, 390, 310, 120, 1, 0, 0, 29, 311, 447, 223, 14, 0, 0, 0
66, 286, 438, 219, 14, 1, 0, 0, 28, 211, 421, 314, 48, 2, 0, 0, 58, 318, 462, 179, 7, 0, 0, 0
91, 557, 345, 30, 1, 0, 0, 0, 38, 514, 417, 53, 2, 0, 0, 0, 134, 692, 172, 26, 0, 0, 0, 0
39, 422, 506, 51, 6, 0, 0, 0, 11, 349, 585, 72, 7, 0, 0, 0, 64, 676, 258, 26, 0, 0, 0, 0
23, 224, 495, 220, 59, 3, 0, 0, 21, 182, 488, 252, 76, 5, 0, 0, 55, 399, 422, 130, 18, 0, 0, 0
4, 249, 319, 320, 101, 27, 4, 0, 1, 232, 309, 311, 129, 35, 7, 0, 18, 319, 307, 270, 81, 25, 4, 0
2, 210, 316, 385, 98, 12, 1, 0, 0, 193, 311, 385, 121, 12, 2, 0, 37, 263, 358, 313, 46, 7, 0, 0
52, 153, 239, 339, 176, 55, 8, 2, 35, 153, 210, 321, 218, 75, 9, 3, 91, 158, 268, 322, 143, 36, 4, 2
13, 182, 258, 359, 178, 29, 5, 0, 11, 168, 254, 340, 200, 44, 6, 1, 64, 199, 324, 294, 123, 16, 4, 0
33, 297, 440, 184, 62, 6, 2, 0, 28, 282, 445, 195, 66, 6, 2, 0, 78, 368, 393, 147, 33, 4, 1, 0
8, 393, 575, 47, 1, 0, 0, 0, 7, 384, 582, 49, 2, 0, 0, 0, 13, 497, 484, 30, 0, 0, 0, 0
31, 396, 304, 132, 72, 67, 22, 0, 63, 370, 303, 141, 77, 63, 7, 0, 102, 354, 312, 138, 80, 35, 3, 0
14, 99, 77, 183, 166, 115, 147, 223, 34, 91, 103, 197, 143, 96, 153, 207, 68, 87, 170, 189, 106, 117, 157, 130
0, 0, 0, 0, 0, 41, 457, 526, 0, 0, 0, 0, 0, 97, 545, 382, 0, 0, 0, 0, 9, 268, 500, 247
0, 0, 0, 0, 0, 34, 80, 910, 0, 0, 0, 0, 0, 30, 81, 913, 0, 0, 0, 0, 0, 47, 100, 877
0, 0, 0, 0, 1024, 0, 0, 0, 0, 0, 0, 0, 0, 0, 1024, 0, 0, 0, 0, 0, 0, 0, 0, 1024
0, 0, 0, 0, 1024, 0, 0, 0, 0, 0, 0, 0, 0, 0, 1024, 0, 0, 0, 0, 0, 0, 0, 0, 1024
0, 0, 0, 0, 1024, 0, 0, 0, 0, 0, 0, 0, 0, 0, 1024, 0, 0, 0, 0, 0, 0, 0, 0, 1024
0, 0, 0, 0, 1016, 8, 0, 0, 0, 0, 0, 0, 0, 0, 1024, 0, 0, 0, 0, 0, 0, 0, 0, 1024
2, 45, 89, 173, 523, 184, 8, 0, 2, 30, 61, 101, 165, 163, 490, 12, 0, 1, 36, 56, 90, 120, 108, 613
31, 120, 147, 172, 419, 134, 1, 0, 10, 92, 99, 136, 178, 126, 374, 9, 0, 0, 16, 80, 109, 110, 140, 569
3, 82, 265, 379, 220, 71, 4, 0, 0, 38, 198, 360, 288, 90, 47, 3, 0, 42, 167, 276, 312, 111, 39, 77
12, 131, 138, 250, 345, 135, 13, 0, 6, 125, 136, 240, 344, 154, 19, 0, 12, 122, 215, 348, 263, 62, 2, 0
0, 45, 300, 446, 232, 1, 0, 0, 0, 38, 263, 459, 262, 2, 0, 0, 1, 90, 437, 416, 80, 0, 0, 0
0, 14, 90, 456, 445, 19, 0, 0, 0, 7, 50, 377, 548, 41, 1, 0, 1, 39, 207, 617, 158, 2, 0, 0
0, 17, 224, 498, 277, 7, 1, 0, 0, 5, 92, 530, 383, 13, 1, 0, 1, 34, 430, 484, 73, 2, 0, 0
13, 301, 443, 238, 24, 5, 0, 0, 3, 237, 420, 292, 62, 10, 0, 0, 32, 438, 363, 171, 19, 1, 0, 0
0, 63, 472, 401, 79, 9, 0, 0, 0, 24, 337, 490, 149, 24, 0, 0, 4, 151, 481, 324, 59, 5, 0, 0
12, 235, 429, 261, 73, 13, 1, 0, 7, 197, 410, 293, 101, 12, 4, 0, 70, 393, 340, 179, 34, 8, 0, 0
0, 68, 179, 350, 350, 75, 2, 0, 0, 46, 174, 294, 387, 119, 4, 0, 22, 122, 194, 391, 259, 36, 0, 0
1, 79, 324, 388, 198, 31, 3, 0, 0, 60, 306, 395, 229, 31, 3, 0, 19, 210, 342, 327, 120, 5, 1, 0
0, 12, 139, 449, 347, 71, 6, 0, 0, 6, 117, 404, 397, 94, 6, 0, 2, 43, 240, 510, 201, 28, 0, 0
1, 20, 126, 434, 344, 98, 1, 0, 0, 19, 91, 394, 368, 149, 3, 0, 8, 44, 268, 433, 223, 48, 0, 0
16, 111, 434, 324, 126, 13, 0, 0, 15, 99, 441, 326, 130, 13, 0, 0, 23, 178, 443, 273, 99, 8, 0, 0
2, 59, 334, 363, 211, 52, 3, 0, 2, 53, 325, 363, 213, 62, 6, 0, 3, 74, 352, 364, 180, 48, 3, 0
13, 78, 172, 263, 302, 139, 45, 12, 13, 85, 183, 333, 262, 111, 35, 2, 21, 103, 233, 353, 215, 88, 11, 0
0, 7, 50, 187, 161, 182, 221, 216, 0, 11, 77, 216, 147, 216, 140, 217, 0, 38, 143, 195, 161, 190, 132, 165
0, 0, 0, 0, 6, 219, 284, 515, 0, 0, 0, 0, 50, 258, 265, 451, 0, 0, 0, 3, 137, 244, 268, 372
0, 0, 0, 0, 3, 44, 128, 849, 0, 0, 0, 0, 3, 42, 125, 854, 0, 0, 0, 0, 8, 69, 134, 813
0, 0, 0, 0, 1024, 0, 0, 0, 0, 0, 0, 0, 0, 0, 1024, 0, 0, 0, 0, 0, 0, 0, 0, 1024
0, 0, 0, 0, 1024, 0, 0, 0, 0, 0, 0, 0, 0, 0, 1024, 0, 0, 0, 0, 0, 0, 0, 0, 1024
0, 3, 13, 55, 909, 44, 0, 0, 0, 3, 4, 25, 64, 50, 878, 0, 0, 1, 3, 9, 22, 34, 32, 923
9, 64, 207, 278, 375, 91, 0, 0, 0, 12, 116, 233, 268, 144, 249, 2, 0, 0, 11, 90, 165, 189, 167, 402
28, 185, 288, 275, 186, 56, 6, 0, 1, 79, 267, 276, 234, 126, 32, 9, 1, 6, 77, 189, 257, 226, 120, 148
32, 249, 370, 219, 120, 33, 1, 0, 6, 115, 311, 309, 143, 78, 61, 1, 1, 12, 118, 225, 249, 143, 126, 150
45, 241, 294, 249, 158, 37, 0, 0, 7, 88, 252, 237, 242, 151, 44, 3, 2, 10, 75, 149, 184, 178, 189, 237
13, 147, 252, 284, 233, 91, 4, 0, 4, 118, 242, 294, 228, 127, 11, 0, 1, 112, 372, 263, 206, 61, 8, 1
1, 121, 409, 319, 152, 20, 2, 0, 1, 97, 388, 325, 179, 32, 2, 0, 8, 158, 396, 298, 145, 19, 0, 0
14, 132, 247, 369, 253, 9, 0, 0, 4, 111, 237, 282, 361, 29, 0, 0, 14, 68, 234, 376, 314, 18, 0, 0
7, 228, 329, 314, 133, 13, 0, 0, 2, 156, 328, 311, 197, 28, 2, 0, 21, 240, 366, 270, 102, 25, 0, 0
10, 351, 369, 226, 64, 4, 0, 0, 0, 268, 404, 257, 90, 5, 0, 0, 34, 401, 364, 195, 30, 0, 0, 0
4, 485, 246, 147, 134, 8, 0, 0, 1, 438, 272, 143, 134, 36, 0, 0, 60, 495, 215, 162, 90, 2, 0, 0
112, 715, 145, 33, 17, 2, 0, 0, 70, 725, 172, 35, 20, 2, 0, 0, 300, 578, 107, 34, 5, 0, 0, 0
69, 756, 166, 24, 8, 1, 0, 0, 50, 741, 196, 25, 11, 1, 0, 0, 367, 584, 55, 14, 4, 0, 0, 0
6, 314, 453, 177, 51, 23, 0, 0, 7, 254, 495, 189, 50, 29, 0, 0, 93, 563, 259, 58, 47, 4, 0, 0
14, 219, 334, 317, 125, 15, 0, 0, 10, 205, 322, 325, 147, 15, 0, 0, 36, 304, 323, 285, 65, 11, 0, 0
11, 106, 253, 331, 262, 58, 3, 0, 9, 95, 233, 314, 277, 93, 3, 0, 42, 156, 311, 291, 200, 24, 0, 0
21, 471, 393, 125, 14, 0, 0, 0, 16, 466, 397, 128, 17, 0, 0, 0, 107, 606, 241, 69, 1, 0, 0, 0
43, 392, 390, 149, 47, 3, 0, 0, 42, 393, 399, 140, 47, 3, 0, 0, 59, 455, 367, 113, 28, 2, 0, 0
18, 92, 115, 216, 247, 228, 107, 1, 18, 101, 147, 238, 261, 224, 35, 0, 44, 103, 193, 291, 263, 126, 4, 0
0, 11, 88, 158, 178, 128, 130, 331, 0, 27, 118, 181, 144, 106, 107, 341, 14, 68, 141, 188, 133, 84, 127, 269
0, 0, 0, 1, 20, 274, 489, 240, 0, 0, 0, 1, 83, 375, 403, 162, 0, 0, 0, 5, 205, 458, 264, 92
0, 0, 0, 0, 5, 34, 217, 768, 0, 0, 0, 0, 3, 38, 232, 751, 0, 0, 0, 0, 9, 73, 364, 578
0, 0, 0, 0, 1024, 0, 0, 0, 0, 0, 0, 0, 0, 0, 1024, 0, 0, 0, 0, 0, 0, 0, 0, 1024
0, 0, 0, 0, 1024, 0, 0, 0, 0, 0, 0, 0, 0, 0, 1024, 0, 0, 0, 0, 0, 0, 0, 0, 1024
0, 0, 19, 105, 808, 90, 2, 0, 0, 0, 4, 59, 117, 104, 739, 1, 0, 0, 0, 8, 107, 119, 61, 729
0, 38, 155, 274, 420, 132, 5, 0, 0, 5, 67, 251, 358, 219, 123, 1, 1, 5, 44, 156, 264, 303, 113, 138
14, 126, 291, 301, 219, 68, 4, 1, 2, 67, 216, 330, 279, 114, 14, 2, 1, 23, 161, 316, 315, 150, 47, 11
73, 229, 342, 269, 84, 26, 1, 0, 38, 149, 278, 338, 161, 42, 17, 1, 6, 81, 248, 322, 171, 107, 48, 41
113, 325, 295, 180, 88, 22, 1, 0, 47, 265, 288, 223, 114, 63, 20, 4, 13, 147, 316, 192, 136, 106, 65, 49
42, 414, 298, 157, 88, 22, 3, 0, 28, 351, 336, 175, 102, 29, 3, 0, 25, 379, 318, 164, 98, 32, 6, 2
69, 540, 222, 122, 57, 14, 0, 0, 55, 537, 220, 122, 69, 20, 1, 0, 97, 544, 223, 113, 38, 8, 1, 0
48, 506, 368, 89, 13, 0, 0, 0, 42, 486, 378, 103, 15, 0, 0, 0, 116, 495, 316, 90, 7, 0, 0, 0
111, 559, 215, 101, 36, 2, 0, 0, 43, 550, 256, 113, 59, 3, 0, 0, 73, 587, 212, 114, 36, 2, 0, 0
124, 601, 236, 56, 7, 0, 0, 0, 50, 565, 299, 95, 15, 0, 0, 0, 108, 616, 239, 54, 7, 0, 0, 0
49, 606, 287, 77, 5, 0, 0, 0, 42, 550, 304, 110, 18, 0, 0, 0, 145, 623, 212, 44, 0, 0, 0, 0
43, 494, 283, 177, 26, 1, 0, 0, 30, 476, 283, 184, 50, 1, 0, 0, 190, 480, 242, 109, 3, 0, 0, 0
39, 415, 416, 128, 24, 2, 0, 0, 34, 367, 452, 139, 30, 2, 0, 0, 118, 587, 230, 77, 12, 0, 0, 0
31, 701, 243, 48, 1, 0, 0, 0, 32, 678, 250, 63, 1, 0, 0, 0, 252, 616, 131, 24, 1, 0, 0, 0
2, 232, 404, 281, 98, 7, 0, 0, 1, 204, 410, 276, 113, 20, 0, 0, 17, 352, 342, 225, 82, 6, 0, 0
0, 86, 303, 382, 227, 23, 3, 0, 0, 77, 284, 392, 237, 31, 3, 0, 7, 159, 360, 358, 134, 5, 1, 0
2, 289, 575, 133, 23, 2, 0, 0, 2, 269, 589, 137, 25, 2, 0, 0, 44, 518, 365, 87, 9, 1, 0, 0
2, 377, 587, 53, 5, 0, 0, 0, 2, 379, 586, 52, 5, 0, 0, 0, 2, 532, 449, 36, 5, 0, 0, 0
5, 185, 262, 239, 283, 48, 2, 0, 27, 206, 279, 319, 179, 14, 0, 0, 36, 257, 331, 306, 91, 3, 0, 0
8, 47, 123, 216, 154, 68, 108, 300, 11, 49, 141, 215, 131, 66, 124, 287, 27, 88, 219, 185, 87, 50, 194, 174
0, 0, 0, 1, 37, 182, 406, 398, 0, 0, 0, 7, 62, 262, 382, 311, 0, 0, 0, 27, 129, 357, 386, 125
0, 0, 0, 1, 7, 31, 73, 912, 0, 0, 0, 1, 5, 28, 76, 914, 0, 0, 0, 3, 12, 48, 92, 869
0, 0, 0, 0, 1024, 0, 0, 0, 0, 0, 0, 0, 0, 0, 1024, 0, 0, 0, 0, 0, 0, 0, 0, 1024
0, 0, 0, 0, 1024, 0, 0, 0, 0, 0, 0, 0, 0, 0, 1024, 0, 0, 0, 0, 0, 0, 0, 0, 1024
0, 0, 1, 57, 895, 71, 0, 0, 0, 0, 0, 3, 130, 171, 720, 0, 0, 0, 0, 0, 8, 25, 104, 887
0, 4, 88, 326, 498, 102, 6, 0, 0, 0, 12, 145, 431, 290, 146, 0, 0, 0, 11, 60, 166, 270, 196, 321
0, 4, 92, 370, 435, 108, 14, 1, 0, 3, 70, 334, 449, 147, 20, 1, 0, 1, 92, 343, 401, 131, 34, 22
0, 30, 239, 368, 318, 65, 4, 0, 0, 13, 192, 347, 360, 105, 7, 0, 0, 10, 209, 441, 282, 54, 13, 15
1, 83, 312, 409, 200, 19, 0, 0, 0, 34, 283, 406, 260, 41, 0, 0, 1, 61, 334, 388, 195, 35, 8, 2
41, 255, 455, 204, 62, 7, 0, 0, 11, 188, 457, 250, 102, 14, 1, 1, 12, 245, 389, 252, 86, 23, 8, 9
1, 53, 195, 318, 360, 82, 15, 0, 1, 46, 186, 288, 385, 99, 19, 0, 3, 114, 290, 429, 157, 30, 1, 0
18, 254, 358, 315, 78, 1, 0, 0, 17, 250, 330, 330, 94, 3, 0, 0, 44, 330, 419, 202, 29, 0, 0, 0
41, 342, 422, 174, 39, 6, 0, 0, 22, 276, 470, 204, 45, 7, 0, 0, 78, 421, 395, 108, 21, 1, 0, 0
0, 59, 433, 361, 141, 29, 1, 0, 0, 43, 428, 360, 152, 39, 2, 0, 8, 310, 426, 206, 65, 9, 0, 0
78, 488, 354, 80, 24, 0, 0, 0, 52, 445, 410, 86, 31, 0, 0, 0, 211, 591, 165, 53, 4, 0, 0, 0
236, 602, 140, 44, 2, 0, 0, 0, 206, 623, 143, 49, 3, 0, 0, 0, 362, 533, 110, 19, 0, 0, 0, 0
112, 522, 298, 75, 16, 1, 0, 0, 95, 515, 310, 82, 19, 3, 0, 0, 278, 559, 147, 34, 6, 0, 0, 0
64, 680, 254, 24, 2, 0, 0, 0, 56, 664, 276, 25, 3, 0, 0, 0, 189, 702, 116, 17, 0, 0, 0, 0
54, 677, 279, 14, 0, 0, 0, 0, 42, 668, 301, 13, 0, 0, 0, 0, 94, 739, 187, 4, 0, 0, 0, 0
22, 231, 397, 310, 60, 4, 0, 0, 24, 247, 377, 308, 64, 4, 0, 0, 35, 280, 372, 284, 49, 4, 0, 0
3, 178, 540, 249, 49, 4, 1, 0, 3, 186, 531, 250, 50, 4, 0, 0, 6, 284, 460, 229, 43, 2, 0, 0
3, 280, 481, 218, 42, 0, 0, 0, 9, 349, 442, 193, 31, 0, 0, 0, 24, 418, 401, 167, 14, 0, 0, 0
6, 157, 221, 179, 217, 208, 36, 0, 18, 220, 211, 202, 238, 130, 5, 0, 24, 229, 268, 269, 210, 23, 1, 0
9, 296, 152, 62, 59, 31, 65, 350, 8, 304, 140, 74, 44, 33, 66, 355, 18, 341, 157, 63, 26, 24, 83, 312
0, 0, 0, 0, 0, 0, 79, 945, 0, 0, 0, 0, 0, 0, 75, 949, 0, 0, 0, 0, 0, 6, 161, 857
0, 0, 0, 0, 0, 8, 13, 1003, 0, 0, 0, 0, 0, 8, 13, 1003, 0, 0, 0, 0, 1, 9, 13, 1001
0, 0, 0, 0, 1024, 0, 0, 0, 0, 0, 0, 0, 0, 0, 1024, 0, 0, 0, 0, 0, 0, 0, 0, 1024
0, 0, 0, 0, 1024, 0, 0, 0, 0, 0, 0, 0, 0, 0, 1024, 0, 0, 0, 0, 0, 0, 0, 0, 1024
0, 1, 24, 316, 568, 114, 1, 0, 0, 0, 2, 67, 415, 319, 219, 2, 0, 0, 1, 4, 53, 301, 267, 398
0, 30, 159, 391, 381, 61, 2, 0, 0, 8, 84, 228, 467, 231, 6, 0, 0, 0, 19, 132, 326, 374, 149, 24
9, 117, 308, 335, 215, 38, 2, 0, 1, 31, 224, 346, 286, 123, 13, 0, 0, 3, 49, 253, 380, 233, 74, 32
7, 62, 172, 333, 319, 126, 5, 0, 3, 27, 149, 305, 376, 156, 8, 0, 4, 17, 129, 386, 349, 126, 9, 4
1, 28, 161, 341, 410, 77, 6, 0, 1, 15, 137, 327, 436, 101, 7, 0, 2, 30, 194, 452, 286, 58, 2, 0
5, 153, 300, 294, 218, 48, 6, 0, 1, 117, 285, 299, 246, 67, 9, 0, 5, 142, 329, 361, 164, 21, 2, 0
0, 21, 183, 428, 307, 78, 7, 0, 0, 16, 162, 421, 325, 91, 9, 0, 4, 75, 318, 459, 143, 25, 0, 0
1, 80, 296, 440, 197, 10, 0, 0, 1, 51, 284, 428, 231, 28, 1, 0, 12, 200, 418, 328, 64, 2, 0, 0
15, 227, 361, 278, 122, 18, 3, 0, 9, 195, 338, 298, 153, 26, 5, 0, 51, 278, 425, 226, 31, 13, 0, 0
13, 121, 206, 357, 276, 49, 2, 0, 10, 121, 181, 330, 319, 61, 2, 0, 40, 204, 349, 338, 79, 13, 1, 0
30, 198, 301, 278, 183, 34, 0, 0, 18, 150, 311, 300, 193, 51, 1, 0, 56, 284, 359, 233, 90, 2, 0, 0
70, 369, 202, 158, 179, 43, 3, 0, 58, 362, 212, 150, 170, 68, 4, 0, 176, 363, 183, 227, 72, 3, 0, 0
4, 90, 255, 419, 238, 18, 0, 0, 2, 75, 242, 413, 265, 27, 0, 0, 27, 198, 400, 333, 66, 0, 0, 0
5, 83, 280, 442, 208, 6, 0, 0, 4, 78, 257, 429, 246, 10, 0, 0, 9, 138, 351, 423, 101, 2, 0, 0
9, 234, 347, 322, 102, 10, 0, 0, 6, 223, 346, 322, 117, 10, 0, 0, 20, 361, 301, 273, 67, 2, 0, 0
3, 293, 462, 237, 28, 1, 0, 0, 2, 249, 516, 219, 38, 0, 0, 0, 43, 566, 342, 66, 7, 0, 0, 0
7, 432, 437, 124, 23, 1, 0, 0, 14, 548, 360, 91, 11, 0, 0, 0, 67, 644, 251, 55, 7, 0, 0, 0
2, 410, 356, 149, 79, 22, 6, 0, 6, 559, 230, 138, 66, 22, 3, 0, 10, 625, 198, 136, 47, 5, 3, 0
70, 552, 246, 98, 34, 17, 7, 0, 110, 572, 211, 81, 28, 15, 7, 0, 148, 544, 216, 71, 34, 8, 3, 0
11, 81, 119, 153, 126, 77, 78, 379, 7, 90, 133, 154, 111, 77, 69, 383, 24, 137, 142, 178, 71, 56, 65, 351
0, 0, 0, 0, 0, 0, 10, 1014, 0, 0, 0, 0, 0, 0, 9, 1015, 0, 0, 0, 0, 0, 2, 27, 995
0, 0, 0, 0, 0, 0, 25, 999, 0, 0, 0, 0, 0, 0, 23, 1001, 0, 0, 0, 0, 0, 1, 101, 922
0, 0, 0, 0, 1024, 0, 0, 0, 0, 0, 0, 0, 0, 0, 1024, 0, 0, 0, 0, 0, 0, 0, 0, 1024
0, 0, 0, 0, 1024, 0, 0, 0, 0, 0, 0, 0, 0, 0, 1024, 0, 0, 0, 0, 0, 0, 0, 0, 1024
0, 0, 14, 41, 898, 71, 0, 0, 0, 0, 0, 4, 33, 95, 892, 0, 0, 0, 0, 0, 4, 20, 31, 969
0, 0, 50, 219, 621, 133, 1, 0, 0, 0, 30, 91, 398, 343, 162, 0, 0, 0, 0, 14, 254, 291, 182, 283
0, 10, 133, 489, 370, 21, 1, 0, 0, 1, 38, 337, 552, 93, 3, 0, 0, 2, 12, 167, 529, 216, 63, 35
0, 7, 132, 443, 415, 25, 2, 0, 0, 2, 61, 324, 522, 109, 3, 3, 0, 1, 61, 271, 453, 153, 66, 19
2, 82, 251, 404, 224, 60, 1, 0, 1, 48, 212, 351, 296, 111, 5, 0, 0, 33, 122, 394, 302, 112, 55, 6
2, 8, 38, 256, 514, 198, 8, 0, 2, 7, 35, 236, 501, 234, 9, 0, 3, 13, 99, 402, 429, 73, 5, 0
0, 10, 67, 388, 418, 135, 6, 0, 0, 8, 51, 343, 445, 169, 8, 0, 0, 10, 173, 480, 316, 41, 4, 0
1, 39, 151, 276, 394, 154, 9, 0, 0, 33, 154, 285, 400, 141, 11, 0, 18, 124, 281, 397, 188, 16, 0, 0
14, 191, 326, 279, 194, 19, 1, 0, 3, 127, 335, 299, 220, 38, 2, 0, 29, 266, 362, 279, 82, 6, 0, 0
1, 77, 287, 420, 220, 19, 0, 0, 1, 64, 261, 420, 245, 33, 0, 0, 27, 203, 413, 325, 56, 0, 0, 0
4, 168, 401, 278, 155, 18, 0, 0, 1, 151, 379, 301, 169, 22, 1, 0, 40, 330, 382, 218, 53, 1, 0, 0
4, 62, 280, 307, 321, 50, 0, 0, 3, 53, 252, 300, 327, 88, 1, 0, 16, 179, 367, 368, 90, 4, 0, 0
2, 85, 297, 382, 233, 24, 1, 0, 2, 60, 283, 403, 236, 39, 1, 0, 7, 179, 442, 317, 78, 1, 0, 0
0, 27, 249, 508, 211, 29, 0, 0, 0, 28, 296, 482, 191, 27, 0, 0, 10, 151, 524, 297, 41, 1, 0, 0
1, 48, 252, 390, 227, 89, 15, 2, 0, 48, 236, 427, 227, 76, 10, 0, 17, 229, 425, 274, 72, 7, 0, 0
2, 62, 313, 363, 230, 48, 6, 0, 2, 70, 305, 377, 214, 51, 5, 0, 23, 223, 400, 280, 80, 18, 0, 0
11, 169, 466, 292, 83, 3, 0, 0, 15, 227, 426, 288, 66, 2, 0, 0, 18, 272, 440, 250, 42, 2, 0, 0
22, 157, 236, 218, 170, 166, 53, 2, 20, 203, 235, 228, 185, 143, 10, 0, 36, 240, 255, 215, 200, 75, 3, 0
0, 37, 222, 272, 206, 140, 126, 21, 1, 101, 266, 259, 172, 121, 98, 6, 9, 147, 325, 241, 132, 131, 35, 4
0, 0, 0, 8, 50, 222, 307, 437, 0, 0, 0, 14, 87, 273, 250, 400, 0, 0, 7, 22, 179, 298, 205, 313
0, 0, 0, 0, 0, 2, 45, 977, 0, 0, 0, 0, 0, 2, 37, 985, 0, 0, 0, 0, 0, 6, 92, 926
0, 0, 0, 0, 0, 0, 76, 948, 0, 0, 0, 0, 0, 0, 80, 944, 0, 0, 0, 0, 0, 5, 264, 755
