0, 0, 0, 1020, 4, 0, 0, 0, 0, 0, 0, 0, 0, 1024, 0, 0, 0, 0, 0, 0, 0, 0, 0, 1024
0, 0, 0, 530, 458, 36, 0, 0, 0, 0, 0, 7, 156, 860, 1, 0, 0, 0, 58, 76, 51, 37, 45, 757
1, 16, 83, 279, 476, 169, 0, 0, 0, 11, 70, 186, 337, 417, 3, 0, 10, 58, 156, 249, 146, 71, 75, 259
80, 297, 269, 183, 168, 27, 0, 0, 64, 273, 279, 187, 157, 63, 1, 0, 185, 373, 213, 108, 75, 32, 21, 17
198, 423, 227, 107, 53, 16, 0, 0, 196, 408, 232, 109, 60, 19, 0, 0, 349, 400, 191, 69, 15, 0, 0, 0
96, 387, 257, 165, 78, 40, 1, 0, 68, 376, 265, 183, 85, 45, 2, 0, 255, 402, 213, 111, 42, 1, 0, 0
320, 391, 192, 87, 32, 2, 0, 0, 309, 357, 220, 94, 39, 5, 0, 0, 539, 323, 123, 37, 2, 0, 0, 0
11, 187, 331, 251, 203, 41, 0, 0, 10, 130, 323, 298, 204, 59, 0, 0, 115, 368, 353, 177, 11, 0, 0, 0
217, 490, 246, 67, 4, 0, 0, 0, 188, 501, 240, 87, 8, 0, 0, 0, 476, 425, 113, 10, 0, 0, 0, 0
492, 299, 140, 69, 20, 4, 0, 0, 402, 337, 174, 78, 25, 8, 0, 0, 644, 239, 107, 28, 6, 0, 0, 0
482, 419, 102, 21, 0, 0, 0, 0, 411, 457, 130, 24, 2, 0, 0, 0, 674, 281, 58, 11, 0, 0, 0, 0
706, 276, 40, 2, 0, 0, 0, 0, 655, 312, 49, 8, 0, 0, 0, 0, 840, 169, 15, 0, 0, 0, 0, 0
500, 262, 173, 53, 27, 9, 0, 0, 467, 289, 165, 66, 31, 6, 0, 0, 631, 235, 103, 38, 15, 2, 0, 0
64, 229, 242, 239, 186, 64, 0, 0, 53, 245, 224, 220, 182, 97, 3, 0, 192, 260, 303, 202, 63, 4, 0, 0
77, 367, 216, 181, 161, 22, 0, 0, 52, 335, 250, 168, 145, 72, 2, 0, 298, 320, 227, 165, 14, 0, 0, 0
73, 382, 309, 184, 67, 9, 0, 0, 64, 291, 349, 190, 115, 15, 0, 0, 350, 401, 210, 57, 6, 0, 0, 0
194, 177, 193, 164, 231, 64, 1, 0, 193, 195, 173, 161, 201, 99, 2, 0, 296, 237, 240, 224, 27, 0, 0, 0
1, 64, 251, 431, 244, 33, 0, 0, 0, 29, 174, 398, 318, 102, 3, 0, 69, 305, 473, 164, 13, 0, 0, 0
127, 140, 164, 266, 257, 68, 2, 0, 103, 154, 145, 232, 273, 113, 4, 0, 232, 208, 278, 247, 56, 3, 0, 0
114, 137, 190, 343, 214, 26, 0, 0, 61, 150, 139, 253, 345, 71, 5, 0, 207, 114, 247, 363, 88, 5, 0, 0
45, 192, 386, 267, 114, 18, 2, 0, 6, 130, 335, 353, 168, 28, 4, 0, 72, 273, 401, 232, 39, 7, 0, 0
3, 60, 172, 321, 363, 96, 9, 0, 7, 67, 156, 256, 360, 163, 15, 0, 17, 127, 254, 340, 244, 40, 2, 0
0, 28, 236, 409, 292, 48, 10, 1, 0, 25, 222, 396, 282, 87, 12, 0, 8, 146, 388, 345, 117, 18, 2, 0
5, 52, 183, 398, 331, 55, 0, 0, 4, 47, 136, 335, 402, 100, 0, 0, 18, 106, 331, 427, 140, 2, 0, 0
0, 0, 0, 1024, 0, 0, 0, 0, 0, 0, 0, 0, 0, 1024, 0, 0, 0, 0, 0, 0, 0, 0, 0, 1024
0, 1, 5, 931, 87, 0, 0, 0, 0, 0, 3, 9, 27, 985, 0, 0, 0, 1, 2, 6, 9, 11, 17, 978
18, 47, 70, 734, 155, 0, 0, 0, 5, 18, 43, 47, 66, 845, 0, 0, 0, 7, 18, 20, 30, 33, 45, 871
254, 333, 182, 213, 42, 0, 0, 0, 132, 341, 233, 159, 126, 33, 0, 0, 82, 348, 254, 138, 70, 47, 39, 46
75, 164, 339, 301, 126, 19, 0, 0, 72, 139, 318, 339, 142, 14, 0, 0, 155, 304, 393, 151, 19, 2, 0, 0
32, 180, 317, 288, 180, 27, 0, 0, 23, 168, 315, 286, 196, 36, 0, 0, 106, 312, 336, 206, 63, 1, 0, 0
16, 136, 182, 267, 301, 122, 0, 0, 28, 87, 191, 221, 282, 213, 2, 0, 69, 209, 297, 293, 153, 3, 0, 0
14, 78, 189, 227, 418, 97, 1, 0, 9, 68, 179, 219, 398, 150, 1, 0, 60, 177, 235, 416, 135, 1, 0, 0
108, 411, 336, 126, 42, 1, 0, 0, 107, 384, 365, 132, 34, 2, 0, 0, 278, 462, 204, 75, 5, 0, 0, 0
53, 197, 203, 270, 237, 62, 2, 0, 46, 197, 214, 285, 228, 54, 0, 0, 133, 249, 290, 262, 88, 2, 0, 0
498, 372, 117, 35, 2, 0, 0, 0, 345, 460, 157, 56, 6, 0, 0, 0, 686, 269, 64, 5, 0, 0, 0, 0
396, 410, 169, 45, 4, 0, 0, 0, 355, 443, 174, 45, 7, 0, 0, 0, 631, 305, 76, 11, 1, 0, 0, 0
276, 340, 181, 102, 72, 45, 8, 0, 286, 294, 210, 101, 69, 58, 6, 0, 484, 271, 149, 80, 27, 12, 1, 0
20, 259, 377, 185, 122, 50, 11, 0, 10, 206, 409, 205, 147, 44, 3, 0, 122, 420, 266, 143, 59, 13, 1, 0
45, 256, 269, 122, 204, 116, 12, 0, 15, 193, 311, 143, 161, 185, 16, 0, 178, 348, 209, 229, 57, 3, 0, 0
6, 92, 211, 294, 333, 79, 9, 0, 7, 94, 194, 286, 294, 146, 3, 0, 95, 218, 385, 282, 43, 1, 0, 0
5, 51, 109, 279, 440, 139, 1, 0, 9, 56, 89, 220, 387, 255, 8, 0, 41, 110, 370, 417, 86, 0, 0, 0
29, 91, 216, 276, 306, 94, 12, 0, 36, 75, 186, 212, 325, 174, 16, 0, 94, 258, 365, 260, 45, 2, 0, 0
58, 136, 141, 199, 332, 149, 9, 0, 56, 124, 137, 140, 270, 270, 27, 0, 128, 158, 140, 256, 294, 47, 1, 0
0, 6, 71, 190, 554, 194, 9, 0, 0, 1, 33, 124, 330, 497, 39, 0, 0, 25, 118, 304, 501, 74, 2, 0
45, 138, 189, 335, 261, 52, 4, 0, 9, 118, 164, 242, 377, 111, 3, 0, 107, 150, 247, 377, 137, 6, 0, 0
28, 114, 237, 281, 243, 117, 4, 0, 21, 97, 192, 250, 240, 198, 26, 0, 92, 211, 283, 253, 163, 22, 0, 0
65, 108, 231, 283, 261, 54, 17, 5, 38, 84, 173, 284, 319, 103, 22, 1, 116, 168, 285, 294, 130, 26, 5, 0
21, 147, 411, 330, 98, 17, 0, 0, 9, 95, 341, 352, 190, 37, 0, 0, 55, 327, 411, 188, 42, 1, 0, 0
0, 8, 39, 622, 350, 5, 0, 0, 0, 4, 22, 78, 328, 592, 0, 0, 0, 2, 40, 170, 154, 76, 73, 509
72, 245, 237, 309, 150, 11, 0, 0, 20, 186, 266, 177, 175, 200, 0, 0, 28, 290, 233, 170, 74, 37, 42, 150
39, 164, 198, 313, 299, 11, 0, 0, 24, 127, 167, 154, 241, 306, 5, 0, 13, 86, 166, 153, 139, 90, 101, 276
84, 392, 319, 195, 32, 2, 0, 0, 28, 339, 362, 204, 62, 29, 0, 0, 53, 482, 282, 122, 42, 8, 10, 25
23, 147, 292, 284, 220, 58, 0, 0, 20, 110, 271, 284, 250, 89, 0, 0, 59, 267, 351, 272, 74, 1, 0, 0
2, 67, 267, 350, 275, 55, 8, 0, 0, 53, 215, 337, 303, 99, 17, 0, 23, 195, 369, 301, 113, 23, 0, 0
79, 349, 241, 200, 122, 32, 1, 0, 52, 343, 254, 181, 153, 35, 6, 0, 227, 366, 250, 148, 31, 2, 0, 0
36, 95, 79, 205, 461, 143, 5, 0, 34, 91, 65, 146, 402, 274, 12, 0, 86, 109, 204, 462, 153, 10, 0, 0
28, 138, 351, 350, 122, 35, 0, 0, 23, 148, 335, 360, 124, 33, 1, 0, 93, 371, 392, 141, 27, 0, 0, 0
117, 302, 202, 194, 157, 51, 1, 0, 81, 310, 217, 183, 169, 63, 1, 0, 286, 302, 214, 169, 52, 1, 0, 0
165, 301, 232, 148, 136, 42, 0, 0, 74, 341, 259, 151, 135, 62, 2, 0, 327, 325, 190, 145, 37, 0, 0, 0
160, 338, 303, 182, 38, 3, 0, 0, 143, 335, 302, 196, 44, 4, 0, 0, 354, 377, 229, 60, 4, 0, 0, 0
74, 298, 288, 167, 126, 65, 6, 0, 48, 268, 303, 204, 118, 74, 9, 0, 191, 374, 225, 153, 78, 3, 0, 0
250, 507, 191, 59, 14, 3, 0, 0, 162, 536, 239, 61, 20, 6, 0, 0, 538, 389, 71, 23, 3, 0, 0, 0
31, 286, 301, 208, 122, 68, 7, 1, 19, 240, 336, 213, 143, 64, 8, 1, 168, 404, 246, 138, 57, 9, 2, 0
51, 153, 267, 290, 183, 76, 4, 0, 15, 134, 231, 306, 241, 92, 5, 0, 138, 313, 331, 186, 55, 1, 0, 0
19, 223, 245, 253, 188, 91, 5, 0, 19, 104, 296, 253, 194, 146, 12, 0, 128, 308, 289, 234, 59, 6, 0, 0
0, 2, 14, 123, 574, 285, 26, 0, 0, 2, 13, 72, 402, 493, 42, 0, 0, 26, 275, 559, 154, 10, 0, 0
41, 126, 239, 234, 259, 121, 4, 0, 50, 115, 216, 231, 253, 145, 14, 0, 124, 231, 277, 272, 117, 3, 0, 0
20, 51, 110, 222, 376, 234, 11, 0, 16, 53, 89, 185, 326, 329, 26, 0, 53, 92, 198, 331, 302, 47, 1, 0
0, 8, 79, 376, 460, 101, 0, 0, 0, 1, 21, 195, 501, 294, 12, 0, 1, 32, 253, 509, 224, 5, 0, 0
31, 155, 284, 358, 182, 14, 0, 0, 5, 110, 208, 327, 305, 69, 0, 0, 117, 232, 342, 281, 52, 0, 0, 0
40, 202, 280, 311, 161, 28, 2, 0, 19, 111, 308, 306, 207, 67, 6, 0, 91, 327, 307, 234, 59, 6, 0, 0
35, 284, 400, 184, 107, 14, 0, 0, 3, 174, 401, 287, 121, 37, 1, 0, 151, 418, 289, 128, 38, 0, 0, 0
0, 4, 31, 331, 594, 64, 0, 0, 0, 1, 9, 86, 385, 542, 1, 0, 0, 2, 34, 256, 269, 126, 74, 263
81, 297, 246, 271, 109, 20, 0, 0, 42, 283, 249, 280, 145, 25, 0, 0, 30, 330, 339, 243, 79, 3, 0, 0
52, 201, 257, 230, 202, 82, 0, 0, 39, 147, 217, 226, 234, 158, 3, 0, 17, 78, 161, 238, 236, 166, 84, 44
11, 78, 222, 326, 335, 50, 2, 0, 7, 69, 227, 309, 322, 88, 2, 0, 16, 113, 268, 367, 176, 40, 37, 7
37, 85, 214, 288, 318, 80, 2, 0, 32, 51, 182, 296, 319, 137, 7, 0, 51, 152, 343, 337, 122, 13, 6, 0
39, 163, 247, 265, 208, 99, 3, 0, 6, 130, 259, 275, 225, 122, 7, 0, 99, 276, 285, 230, 124, 10, 0, 0
67, 357, 339, 182, 64, 14, 1, 0, 69, 358, 338, 188, 58, 12, 1, 0, 217, 413, 266, 100, 19, 9, 0, 0
162, 295, 211, 149, 141, 65, 1, 0, 162, 276, 214, 149, 136, 81, 6, 0, 345, 304, 174, 153, 47, 1, 0, 0
11, 184, 260, 214, 225, 126, 4, 0, 12, 177, 245, 223, 228, 133, 6, 0, 111, 298, 268, 238, 107, 2, 0, 0
28, 169, 249, 278, 248, 49, 3, 0, 31, 172, 235, 244, 257, 80, 5, 0, 125, 248, 357, 250, 43, 1, 0, 0
62, 214, 324, 273, 138, 13, 0, 0, 31, 203, 302, 278, 166, 42, 2, 0, 192, 318, 377, 128, 9, 0, 0, 0
193, 278, 278, 180, 76, 17, 2, 0, 157, 267, 303, 176, 86, 28, 7, 0, 320, 331, 249, 103, 20, 1, 0, 0
237, 369, 217, 99, 67, 35, 0, 0, 168, 377, 250, 110, 66, 51, 2, 0, 422, 376, 126, 75, 25, 0, 0, 0
202, 404, 337, 71, 10, 0, 0, 0, 170, 346, 371, 121, 16, 0, 0, 0, 367, 460, 174, 22, 1, 0, 0, 0
3, 70, 130, 251, 410, 156, 4, 0, 4, 62, 99, 186, 346, 306, 21, 0, 39, 121, 256, 388, 206, 14, 0, 0
3, 63, 229, 253, 290, 185, 1, 0, 1, 40, 188, 230, 262, 283, 20, 0, 25, 147, 298, 280, 260, 14, 0, 0
185, 309, 257, 176, 78, 17, 2, 0, 211, 303, 234, 164, 80, 31, 1, 0, 390, 289, 213, 101, 29, 1, 1, 0
31, 146, 135, 198, 335, 171, 8, 0, 22, 134, 131, 171, 297, 236, 33, 0, 120, 170, 299, 331, 103, 1, 0, 0
19, 161, 197, 197, 315, 118, 17, 0, 19, 157, 198, 176, 289, 171, 14, 0, 135, 213, 283, 308, 67, 18, 0, 0
19, 82, 217, 293, 267, 122, 24, 0, 8, 101, 234, 303, 232, 133, 13, 0, 61, 205, 304, 283, 138, 33, 0, 0
4, 31, 74, 217, 435, 239, 23, 1, 2, 26, 42, 124, 318, 443, 65, 4, 26, 47, 179, 345, 336, 83, 8, 0
0, 19, 81, 184, 388, 328, 24, 0, 0, 4, 53, 123, 304, 418, 122, 0, 2, 56, 131, 300, 398, 137, 0, 0
0, 10, 61, 186, 521, 223, 22, 1, 0, 0, 32, 120, 505, 306, 61, 0, 1, 29, 137, 521, 256, 79, 1, 0
0, 6, 39, 308, 506, 131, 31, 3, 0, 2, 21, 198, 557, 221, 25, 0, 1, 20, 205, 547, 206, 36, 9, 0
0, 1, 23, 350, 450, 196, 4, 0, 0, 1, 9, 111, 219, 637, 47, 0, 0, 3, 69, 135, 218, 137, 85, 377
0, 34, 154, 373, 379, 82, 2, 0, 1, 25, 119, 316, 425, 134, 4, 0, 0, 52, 199, 329, 338, 101, 5, 0
12, 40, 141, 327, 356, 141, 7, 0, 10, 43, 136, 294, 329, 197, 15, 0, 13, 59, 217, 396, 264, 70, 5, 0
0, 40, 196, 279, 380, 121, 8, 0, 2, 37, 220, 250, 360, 150, 5, 0, 8, 99, 303, 404, 186, 21, 3, 0
40, 118, 200, 282, 269, 101, 14, 0, 61, 108, 168, 285, 246, 140, 16, 0, 48, 184, 316, 265, 169, 38, 4, 0
5, 75, 163, 235, 379, 167, 0, 0, 2, 43, 155, 225, 392, 198, 9, 0, 13, 143, 260, 438, 164, 6, 0, 0
67, 164, 229, 225, 230, 105, 4, 0, 73, 162, 221, 245, 226, 93, 4, 0, 128, 248, 289, 260, 90, 8, 1, 0
13, 124, 312, 266, 203, 105, 1, 0, 26, 104, 316, 272, 207, 98, 1, 0, 80, 326, 329, 237, 51, 1, 0, 0
18, 89, 137, 177, 278, 295, 30, 0, 12, 90, 135, 154, 232, 294, 107, 0, 64, 143, 198, 316, 265, 38, 0, 0
4, 79, 233, 328, 276, 101, 3, 0, 4, 75, 232, 262, 299, 147, 5, 0, 31, 242, 388, 285, 75, 3, 0, 0
29, 154, 325, 238, 233, 45, 0, 0, 29, 125, 299, 249, 231, 90, 1, 0, 93, 312, 363, 225, 31, 0, 0, 0
241, 230, 209, 193, 118, 33, 0, 0, 248, 221, 213, 190, 119, 29, 4, 0, 322, 269, 217, 157, 54, 5, 0, 0
70, 192, 272, 221, 196, 73, 0, 0, 47, 184, 214, 244, 204, 128, 3, 0, 119, 287, 333, 241, 44, 0, 0, 0
118, 364, 398, 115, 25, 4, 0, 0, 122, 257, 449, 155, 32, 9, 0, 0, 200, 530, 239, 42, 11, 2, 0, 0
0, 29, 191, 221, 343, 222, 16, 2, 1, 15, 108, 262, 313, 297, 25, 3, 10, 108, 280, 357, 249, 18, 2, 0
2, 37, 171, 288, 391, 128, 7, 0, 1, 25, 108, 248, 370, 241, 31, 0, 22, 135, 289, 405, 141, 31, 1, 0
1, 39, 154, 343, 342, 136, 9, 0, 0, 14, 146, 288, 359, 198, 19, 0, 12, 127, 309, 377, 176, 23, 0, 0
0, 5, 35, 131, 444, 383, 26, 0, 0, 3, 31, 83, 301, 510, 96, 0, 4, 27, 126, 466, 379, 22, 0, 0
86, 222, 305, 189, 168, 53, 1, 0, 92, 187, 300, 200, 176, 67, 2, 0, 211, 360, 229, 176, 47, 1, 0, 0
43, 76, 178, 243, 369, 113, 2, 0, 43, 74, 164, 230, 327, 185, 1, 0, 88, 175, 307, 362, 90, 2, 0, 0
175, 227, 147, 137, 194, 101, 36, 7, 207, 222, 152, 161, 167, 99, 15, 1, 271, 226, 159, 207, 106, 40, 15, 0
36, 69, 135, 204, 414, 151, 15, 0, 51, 70, 125, 148, 317, 279, 34, 0, 82, 138, 301, 391, 86, 26, 0, 0
1, 50, 97, 239, 461, 170, 6, 0, 0, 27, 79, 183, 403, 311, 21, 0, 51, 92, 220, 393, 259, 9, 0, 0
0, 5, 35, 206, 547, 212, 19, 0, 0, 1, 27, 101, 503, 362, 30, 0, 1, 20, 120, 510, 333, 39, 1, 0
0, 0, 0, 917, 90, 17, 0, 0, 0, 0, 0, 0, 0, 1022, 2, 0, 0, 0, 0, 0, 0, 0, 3, 1021
0, 4, 20, 354, 503, 141, 2, 0, 0, 2, 15, 54, 198, 719, 36, 0, 0, 1, 9, 78, 121, 141, 118, 556
4, 53, 155, 296, 368, 142, 6, 0, 2, 33, 128, 223, 332, 291, 15, 0, 1, 18, 102, 280, 330, 150, 69, 74
4, 22, 149, 384, 361, 100, 4, 0, 0, 17, 94, 300, 430, 172, 11, 0, 6, 32, 109, 260, 389, 181, 45, 2
0, 5, 100, 328, 388, 192, 10, 1, 0, 5, 114, 291, 354, 236, 24, 0, 2, 65, 271, 377, 204, 50, 32, 23
0, 27, 160, 275, 335, 213, 14, 0, 0, 20, 145, 251, 332, 233, 43, 0, 8, 132, 284, 334, 236, 30, 0, 0
6, 37, 187, 292, 317, 168, 17, 0, 8, 40, 186, 286, 324, 165, 15, 0, 22, 156, 330, 367, 146, 3, 0, 0
6, 130, 286, 333, 229, 39, 1, 0, 13, 126, 299, 323, 234, 26, 3, 0, 87, 276, 360, 228, 68, 5, 0, 0
2, 28, 142, 346, 286, 188, 31, 1, 2, 32, 149, 327, 277, 185, 50, 2, 9, 105, 322, 317, 208, 60, 3, 0
0, 0, 19, 143, 412, 420, 30, 0, 0, 0, 18, 120, 354, 478, 54, 0, 0, 17, 167, 425, 403, 12, 0, 0
50, 198, 292, 282, 154, 48, 0, 0, 51, 193, 291, 273, 155, 59, 2, 0, 156, 310, 308, 189, 60, 1, 0, 0
9, 110, 341, 338, 216, 10, 0, 0, 11, 86, 316, 341, 239, 31, 0, 0, 78, 309, 389, 223, 25, 0, 0, 0
41, 247, 291, 231, 168, 44, 2, 0, 38, 231, 287, 242, 154, 68, 4, 0, 172, 334, 294, 176, 37, 10, 1, 0
6, 185, 426, 298, 90, 14, 5, 0, 2, 103, 396, 342, 159, 15, 7, 0, 74, 425, 357, 147, 17, 4, 0, 0
0, 76, 358, 366, 181, 43, 0, 0, 3, 70, 299, 382, 218, 52, 0, 0, 28, 251, 424, 240, 74, 7, 0, 0
0, 2, 27, 152, 396, 396, 51, 0, 0, 3, 19, 114, 381, 428, 78, 1, 4, 24, 137, 433, 379, 46, 1, 0
6, 47, 231, 302, 312, 119, 7, 0, 3, 29, 217, 319, 303, 139, 14, 0, 18, 164, 372, 333, 133, 4, 0, 0
0, 10, 77, 158, 305, 430, 44, 0, 0, 8, 64, 139, 223, 469, 121, 0, 5, 39, 181, 393, 374, 32, 0, 0
8, 70, 63, 167, 449, 261, 6, 0, 6, 43, 82, 163, 398, 310, 22, 0, 45, 84, 240, 437, 209, 9, 0, 0
11, 86, 290, 359, 229, 49, 0, 0, 12, 94, 309, 345, 217, 47, 0, 0, 54, 214, 427, 267, 56, 6, 0, 0
0, 12, 84, 177, 434, 288, 29, 0, 1, 21, 97, 183, 436, 273, 13, 0, 11, 60, 190, 446, 292, 25, 0, 0
0, 0, 13, 163, 537, 293, 18, 0, 0, 0, 14, 118, 435, 414, 43, 0, 0, 27, 277, 573, 146, 1, 0, 0
3, 47, 152, 309, 366, 130, 16, 1, 3, 44, 126, 250, 383, 192, 25, 1, 49, 190, 418, 261, 84, 18, 4, 0
0, 2, 9, 86, 509, 376, 41, 1, 0, 2, 8, 83, 339, 526, 66, 0, 2, 7, 56, 374, 515, 69, 1, 0
0, 0, 0, 1024, 0, 0, 0, 0, 0, 0, 0, 0, 0, 1024, 0, 0, 0, 0, 0, 0, 0, 0, 0, 1024
0, 1, 8, 594, 274, 142, 5, 0, 0, 0, 6, 23, 66, 863, 66, 0, 0, 0, 2, 11, 70, 77, 65, 799
3, 73, 188, 261, 395, 100, 4, 0, 1, 60, 169, 215, 287, 263, 29, 0, 1, 73, 165, 161, 187, 177, 111, 149
1, 17, 43, 69, 794, 99, 1, 0, 0, 9, 42, 46, 143, 771, 13, 0, 0, 2, 38, 39, 82, 112, 106, 645
0, 1, 33, 176, 558, 246, 10, 0, 0, 1, 21, 137, 328, 504, 33, 0, 0, 10, 83, 267, 308, 125, 45, 186
0, 8, 61, 209, 374, 357, 15, 0, 0, 8, 59, 206, 376, 352, 23, 0, 7, 29, 232, 385, 320, 48, 3, 0
0, 13, 121, 265, 361, 214, 50, 0, 0, 19, 115, 268, 347, 216, 58, 1, 6, 102, 300, 355, 202, 56, 3, 0
5, 40, 124, 329, 369, 151, 6, 0, 3, 40, 145, 335, 342, 149, 10, 0, 20, 98, 307, 419, 171, 9, 0, 0
0, 9, 69, 231, 446, 262, 7, 0, 0, 8, 61, 206, 401, 335, 13, 0, 3, 69, 239, 510, 192, 11, 0, 0
0, 9, 43, 136, 435, 386, 15, 0, 0, 5, 34, 81, 312, 526, 65, 1, 6, 36, 148, 426, 364, 43, 1, 0
0, 1, 22, 158, 426, 387, 30, 0, 0, 1, 30, 121, 345, 460, 67, 0, 0, 18, 186, 435, 345, 40, 0, 0
0, 12, 89, 203, 414, 301, 5, 0, 0, 11, 79, 199, 368, 345, 22, 0, 13, 100, 243, 435, 231, 2, 0, 0
13, 97, 276, 287, 268, 78, 5, 0, 13, 66, 270, 293, 273, 98, 11, 0, 63, 248, 337, 293, 76, 7, 0, 0
0, 80, 239, 254, 243, 198, 10, 0, 0, 32, 230, 261, 233, 214, 54, 0, 33, 219, 289, 275, 194, 14, 0, 0
0, 20, 142, 287, 345, 222, 8, 0, 1, 24, 129, 265, 310, 262, 33, 0, 9, 117, 293, 370, 224, 11, 0, 0
1, 28, 145, 309, 338, 175, 27, 1, 0, 14, 127, 273, 357, 211, 42, 0, 17, 146, 341, 353, 141, 24, 2, 0
2, 32, 65, 143, 388, 299, 85, 10, 2, 32, 63, 155, 372, 284, 109, 7, 17, 79, 159, 414, 280, 66, 9, 0
0, 0, 14, 91, 321, 360, 182, 56, 0, 3, 17, 123, 329, 378, 169, 5, 0, 11, 90, 346, 331, 173, 73, 0
0, 0, 19, 82, 282, 572, 66, 3, 0, 0, 19, 75, 258, 528, 144, 0, 1, 24, 149, 356, 476, 18, 0, 0
1, 63, 207, 310, 322, 120, 1, 0, 3, 95, 211, 265, 286, 159, 5, 0, 33, 202, 344, 357, 87, 1, 0, 0
0, 9, 74, 243, 347, 287, 62, 2, 0, 25, 163, 264, 278, 257, 37, 0, 3, 56, 239, 390, 269, 62, 5, 0
0, 0, 12, 112, 482, 399, 19, 0, 0, 0, 25, 109, 412, 444, 34, 0, 0, 20, 142, 559, 295, 8, 0, 0
0, 6, 77, 299, 450, 186, 6, 0, 0, 5, 66, 243, 450, 249, 11, 0, 3, 80, 398, 439, 102, 2, 0, 0
36, 154, 211, 222, 250, 115, 29, 7, 36, 155, 230, 247, 236, 105, 15, 0, 105, 229, 254, 260, 133, 34, 9, 0
0, 0, 0, 1024, 0, 0, 0, 0, 0, 0, 0, 0, 0, 1024, 0, 0, 0, 0, 0, 0, 0, 0, 0, 1024
0, 0, 0, 646, 378, 0, 0, 0, 0, 0, 0, 0, 0, 1018, 6, 0, 0, 0, 0, 0, 0, 0, 0, 1024
0, 0, 0, 103, 898, 23, 0, 0, 0, 0, 0, 0, 0, 1001, 23, 0, 0, 0, 0, 0, 0, 0, 0, 1024
0, 0, 0, 0, 1024, 0, 0, 0, 0, 0, 0, 0, 0, 1024, 0, 0, 0, 0, 0, 0, 0, 0, 0, 1024
0, 9, 54, 117, 817, 27, 0, 0, 0, 0, 22, 70, 188, 690, 54, 0, 0, 1, 40, 136, 91, 51, 57, 648
5, 48, 203, 400, 304, 61, 3, 0, 0, 15, 122, 319, 449, 115, 4, 0, 10, 74, 324, 406, 126, 40, 31, 13
2, 119, 310, 346, 203, 43, 1, 0, 1, 44, 226, 371, 309, 71, 2, 0, 36, 244, 445, 254, 44, 1, 0, 0
2, 33, 221, 311, 347, 103, 7, 0, 2, 23, 195, 327, 333, 134, 10, 0, 23, 176, 345, 384, 92, 4, 0, 0
6, 79, 269, 230, 255, 181, 4, 0, 2, 76, 235, 242, 243, 214, 12, 0, 45, 263, 359, 322, 35, 0, 0, 0
3, 51, 244, 244, 228, 229, 25, 0, 3, 61, 242, 215, 200, 246, 57, 0, 45, 238, 261, 241, 206, 33, 0, 0
0, 0, 12, 53, 331, 583, 45, 0, 0, 0, 5, 40, 226, 614, 139, 0, 0, 11, 53, 343, 539, 78, 0, 0
0, 3, 67, 270, 481, 196, 7, 0, 0, 4, 76, 211, 449, 270, 14, 0, 7, 58, 318, 475, 162, 4, 0, 0
6, 54, 171, 299, 289, 186, 19, 0, 8, 64, 172, 268, 274, 207, 31, 0, 37, 174, 335, 316, 155, 7, 0, 0
0, 9, 68, 217, 407, 305, 18, 0, 0, 1, 41, 160, 378, 378, 66, 0, 5, 65, 227, 408, 298, 21, 0, 0
0, 31, 164, 243, 311, 263, 12, 0, 3, 27, 157, 220, 275, 256, 85, 1, 26, 147, 257, 327, 248, 19, 0, 0
0, 0, 52, 220, 341, 360, 51, 0, 0, 0, 46, 204, 328, 321, 122, 3, 0, 47, 234, 413, 316, 14, 0, 0
0, 1, 4, 114, 545, 315, 43, 2, 0, 1, 7, 114, 555, 291, 54, 2, 0, 6, 80, 460, 411, 62, 5, 0
0, 0, 5, 55, 312, 347, 233, 72, 0, 1, 4, 63, 365, 400, 178, 13, 0, 2, 39, 209, 383, 295, 85, 11
0, 1, 19, 134, 426, 390, 45, 9, 0, 0, 14, 126, 356, 466, 57, 5, 0, 19, 145, 454, 343, 49, 14, 0
0, 1, 41, 235, 479, 253, 13, 2, 0, 0, 37, 177, 471, 311, 28, 0, 0, 39, 217, 485, 272, 11, 0, 0
0, 1, 37, 173, 320, 446, 47, 0, 0, 6, 51, 136, 312, 436, 82, 1, 1, 26, 147, 365, 454, 31, 0, 0
0, 5, 35, 97, 317, 498, 72, 0, 0, 8, 34, 88, 265, 530, 99, 0, 0, 36, 131, 449, 364, 44, 0, 0
1, 16, 39, 161, 396, 377, 34, 0, 1, 19, 38, 159, 364, 396, 47, 0, 16, 49, 200, 461, 275, 23, 0, 0
13, 88, 250, 263, 272, 133, 5, 0, 11, 87, 223, 292, 267, 140, 4, 0, 58, 212, 300, 332, 119, 3, 0, 0
0, 0, 0, 1024, 0, 0, 0, 0, 0, 0, 0, 0, 0, 1024, 0, 0, 0, 0, 0, 0, 0, 0, 0, 1024
0, 0, 0, 616, 408, 0, 0, 0, 0, 0, 0, 0, 0, 1024, 0, 0, 0, 0, 0, 0, 0, 0, 0, 1024
0, 0, 0, 53, 971, 0, 0, 0, 0, 0, 0, 0, 0, 1024, 0, 0, 0, 0, 0, 0, 0, 0, 0, 1024
0, 0, 0, 0, 1024, 0, 0, 0, 0, 0, 0, 0, 0, 1024, 0, 0, 0, 0, 0, 0, 0, 0, 0, 1024
0, 0, 5, 61, 941, 17, 0, 0, 0, 0, 0, 30, 89, 884, 21, 0, 0, 0, 0, 53, 68, 38, 27, 838
0, 2, 46, 203, 724, 49, 0, 0, 0, 2, 22, 123, 429, 380, 68, 0, 0, 18, 156, 412, 83, 36, 42, 277
0, 18, 112, 358, 474, 62, 0, 0, 0, 5, 74, 248, 533, 160, 4, 0, 2, 86, 312, 511, 107, 6, 0, 0
0, 38, 203, 393, 276, 110, 4, 0, 0, 15, 135, 381, 355, 126, 12, 0, 13, 129, 403, 342, 125, 12, 0, 0
39, 168, 287, 293, 178, 58, 1, 0, 9, 124, 261, 333, 218, 77, 2, 0, 94, 270, 371, 244, 45, 0, 0, 0
410, 318, 119, 60, 46, 65, 6, 0, 198, 467, 174, 67, 48, 65, 5, 0, 477, 333, 99, 92, 21, 2, 0, 0
73, 89, 66, 138, 319, 319, 20, 0, 43, 99, 71, 111, 268, 386, 46, 0, 97, 126, 182, 384, 227, 8, 0, 0
169, 143, 140, 159, 253, 154, 6, 0, 130, 174, 145, 150, 238, 178, 9, 0, 222, 216, 190, 279, 115, 2, 0, 0
339, 131, 82, 131, 231, 107, 3, 0, 297, 153, 79, 99, 209, 176, 11, 0, 354, 173, 158, 268, 67, 4, 0, 0
2, 97, 247, 339, 295, 44, 0, 0, 1, 78, 238, 286, 317, 103, 1, 0, 84, 243, 387, 276, 34, 0, 0, 0
31, 97, 139, 221, 275, 246, 15, 0, 28, 97, 167, 182, 237, 275, 38, 0, 100, 151, 246, 308, 209, 10, 0, 0
66, 79, 58, 178, 276, 290, 76, 1, 67, 80, 65, 153, 277, 343, 39, 0, 67, 101, 182, 311, 266, 77, 20, 0
2, 101, 143, 138, 181, 311, 128, 20, 8, 134, 150, 130, 197, 281, 116, 8, 9, 97, 179, 190, 280, 192, 66, 11
0, 0, 0, 48, 265, 415, 222, 74, 0, 0, 3, 66, 408, 354, 169, 24, 0, 0, 22, 156, 388, 326, 113, 19
0, 3, 5, 48, 301, 479, 168, 20, 0, 2, 3, 44, 349, 476, 144, 6, 1, 3, 23, 228, 458, 257, 48, 6
0, 10, 57, 181, 394, 353, 29, 0, 0, 5, 42, 133, 353, 411, 79, 1, 5, 41, 134, 360, 382, 98, 4, 0
0, 12, 111, 261, 450, 182, 8, 0, 0, 2, 73, 222, 396, 309, 22, 0, 0, 77, 267, 401, 260, 19, 0, 0
46, 131, 179, 188, 279, 159, 35, 7, 10, 135, 181, 201, 263, 201, 28, 5, 140, 193, 213, 280, 154, 38, 6, 0
41, 338, 281, 236, 109, 18, 1, 0, 24, 335, 323, 230, 98, 13, 1, 0, 289, 328, 253, 128, 24, 2, 0, 0
21, 165, 355, 272, 151, 54, 6, 0, 25, 215, 345, 249, 154, 34, 2, 0, 62, 303, 387, 169, 87, 16, 0, 0
0, 0, 0, 1024, 0, 0, 0, 0, 0, 0, 0, 0, 0, 1024, 0, 0, 0, 0, 0, 0, 0, 0, 0, 1024
0, 0, 0, 395, 629, 0, 0, 0, 0, 0, 0, 0, 0, 1024, 0, 0, 0, 0, 0, 0, 0, 0, 0, 1024
0, 0, 0, 0, 1024, 0, 0, 0, 0, 0, 0, 0, 0, 1024, 0, 0, 0, 0, 0, 0, 0, 0, 0, 1024
0, 0, 0, 0, 1024, 0, 0, 0, 0, 0, 0, 0, 0, 1024, 0, 0, 0, 0, 0, 0, 0, 0, 0, 1024
1, 22, 79, 222, 681, 19, 0, 0, 0, 5, 43, 126, 251, 527, 72, 0, 0, 3, 39, 129, 193, 96, 73, 491
3, 104, 230, 380, 290, 17, 0, 0, 0, 47, 165, 314, 313, 159, 26, 0, 1, 100, 278, 272, 142, 95, 42, 94
20, 201, 244, 288, 243, 28, 0, 0, 5, 123, 250, 268, 298, 79, 1, 0, 55, 313, 307, 299, 50, 0, 0, 0
16, 133, 319, 308, 227, 21, 0, 0, 6, 66, 280, 314, 287, 71, 0, 0, 54, 310, 365, 264, 31, 0, 0, 0
94, 160, 257, 341, 161, 11, 0, 0, 36, 133, 220, 357, 235, 43, 0, 0, 123, 249, 425, 207, 20, 0, 0, 0
433, 291, 195, 85, 20, 0, 0, 0, 301, 331, 223, 118, 46, 5, 0, 0, 472, 326, 166, 54, 6, 0, 0, 0
387, 288, 128, 56, 111, 53, 1, 0, 228, 402, 145, 66, 100, 78, 5, 0, 485, 255, 116, 130, 35, 3, 0, 0
633, 211, 54, 77, 38, 11, 0, 0, 438, 380, 60, 70, 53, 22, 1, 0, 663, 224, 92, 31, 14, 0, 0, 0
613, 218, 109, 40, 36, 8, 0, 0, 464, 300, 145, 61, 35, 19, 0, 0, 731, 167, 80, 44, 2, 0, 0, 0
291, 111, 108, 162, 239, 112, 1, 0, 287, 113, 92, 154, 200, 172, 6, 0, 315, 173, 203, 252, 81, 0, 0, 0
492, 384, 61, 47, 36, 4, 0, 0, 479, 404, 53, 41, 39, 8, 0, 0, 352, 510, 93, 62, 7, 0, 0, 0
497, 253, 98, 40, 31, 37, 63, 5, 445, 309, 97, 45, 37, 70, 21, 0, 258, 458, 140, 45, 31, 66, 26, 0
157, 249, 122, 144, 195, 138, 19, 0, 140, 268, 126, 142, 216, 119, 13, 0, 26, 337, 198, 196, 195, 65, 7, 0
7, 48, 75, 103, 227, 345, 188, 31, 15, 63, 89, 130, 297, 344, 80, 6, 14, 61, 92, 183, 334, 271, 63, 6
0, 3, 7, 21, 356, 360, 189, 88, 0, 5, 7, 31, 481, 323, 151, 26, 1, 7, 9, 192, 447, 227, 121, 20
0, 0, 0, 77, 631, 286, 29, 1, 0, 0, 1, 102, 613, 266, 42, 0, 0, 0, 22, 431, 485, 81, 5, 0
0, 0, 65, 222, 485, 233, 19, 0, 0, 0, 73, 233, 432, 264, 22, 0, 0, 71, 227, 449, 252, 25, 0, 0
8, 216, 366, 211, 155, 60, 8, 0, 2, 145, 373, 257, 153, 87, 7, 0, 111, 417, 288, 152, 45, 11, 0, 0
2, 108, 342, 333, 210, 29, 0, 0, 1, 100, 349, 301, 204, 66, 3, 0, 57, 341, 389, 210, 27, 0, 0, 0
1, 76, 360, 330, 159, 71, 24, 3, 1, 116, 369, 297, 156, 69, 16, 0, 11, 212, 429, 247, 87, 33, 5, 0
0, 0, 0, 1024, 0, 0, 0, 0, 0, 0, 0, 0, 0, 1024, 0, 0, 0, 0, 0, 0, 0, 0, 0, 1024
0, 0, 0, 256, 768, 0, 0, 0, 0, 0, 0, 0, 0, 1024, 0, 0, 0, 0, 0, 0, 0, 0, 0, 1024
0, 0, 0, 0, 1024, 0, 0, 0, 0, 0, 0, 0, 0, 1024, 0, 0, 0, 0, 0, 0, 0, 0, 0, 1024
0, 0, 0, 0, 1024, 0, 0, 0, 0, 0, 0, 0, 0, 1024, 0, 0, 0, 0, 0, 0, 0, 0, 0, 1024
0, 0, 0, 29, 961, 34, 0, 0, 0, 0, 0, 12, 44, 677, 291, 0, 0, 0, 0, 5, 33, 31, 31, 924
0, 6, 132, 290, 529, 67, 0, 0, 0, 3, 64, 225, 306, 309, 117, 0, 1, 37, 175, 295, 152, 61, 53, 250
0, 18, 143, 341, 430, 92, 0, 0, 0, 3, 71, 290, 437, 221, 2, 0, 11, 131, 347, 440, 94, 1, 0, 0
34, 161, 306, 312, 195, 16, 0, 0, 11, 89, 242, 311, 293, 75, 3, 0, 63, 297, 362, 266, 36, 0, 0, 0
211, 263, 233, 221, 93, 3, 0, 0, 100, 293, 229, 242, 142, 18, 0, 0, 256, 348, 280, 131, 9, 0, 0, 0
171, 424, 323, 89, 14, 3, 0, 0, 76, 380, 381, 149, 33, 5, 0, 0, 292, 496, 191, 40, 5, 0, 0, 0
177, 444, 249, 123, 30, 1, 0, 0, 76, 395, 324, 170, 49, 10, 0, 0, 357, 413, 195, 54, 5, 0, 0, 0
392, 315, 143, 97, 64, 13, 0, 0, 239, 404, 162, 97, 87, 34, 1, 0, 488, 307, 151, 67, 11, 0, 0, 0
531, 241, 128, 88, 35, 1, 0, 0, 409, 275, 153, 113, 62, 12, 0, 0, 670, 223, 100, 31, 0, 0, 0, 0
853, 119, 42, 10, 0, 0, 0, 0, 762, 192, 53, 17, 0, 0, 0, 0, 898, 86, 33, 7, 0, 0, 0, 0
755, 234, 28, 6, 1, 0, 0, 0, 715, 277, 28, 4, 0, 0, 0, 0, 591, 364, 65, 4, 0, 0, 0, 0
268, 313, 228, 86, 58, 47, 23, 1, 271, 379, 197, 72, 54, 43, 8, 0, 92, 436, 282, 104, 52, 47, 11, 0
45, 142, 250, 280, 174, 108, 25, 0, 66, 151, 286, 285, 172, 57, 7, 0, 45, 162, 323, 272, 160, 56, 6, 0
53, 162, 199, 144, 104, 207, 148, 7, 57, 185, 206, 136, 172, 218, 49, 1, 65, 210, 193, 130, 206, 191, 27, 2
0, 15, 148, 145, 193, 266, 186, 71, 0, 12, 168, 152, 263, 270, 132, 27, 5, 98, 174, 156, 263, 213, 95, 20
1, 115, 247, 173, 246, 186, 44, 12, 0, 98, 264, 195, 276, 154, 31, 6, 22, 230, 226, 225, 219, 83, 14, 5
5, 42, 149, 265, 311, 213, 39, 0, 3, 30, 135, 254, 362, 212, 28, 0, 26, 134, 296, 324, 202, 42, 0, 0
1, 64, 224, 351, 317, 60, 6, 1, 2, 48, 204, 323, 348, 87, 12, 0, 47, 213, 368, 325, 63, 7, 1, 0
87, 151, 274, 262, 190, 52, 8, 0, 86, 154, 252, 255, 201, 69, 7, 0, 190, 251, 306, 202, 61, 14, 0, 0
23, 143, 159, 268, 270, 103, 36, 22, 51, 149, 159, 270, 258, 99, 37, 1, 59, 166, 243, 353, 131, 42, 30, 0
0, 0, 0, 1024, 0, 0, 0, 0, 0, 0, 0, 0, 0, 1024, 0, 0, 0, 0, 0, 0, 0, 0, 0, 1024
0, 0, 0, 80, 944, 0, 0, 0, 0, 0, 0, 0, 0, 1024, 0, 0, 0, 0, 0, 0, 0, 0, 0, 1024
0, 0, 0, 0, 1024, 0, 0, 0, 0, 0, 0, 0, 0, 1024, 0, 0, 0, 0, 0, 0, 0, 0, 0, 1024
0, 0, 0, 0, 1024, 0, 0, 0, 0, 0, 0, 0, 0, 1024, 0, 0, 0, 0, 0, 0, 0, 0, 0, 1024
0, 0, 2, 11, 1008, 3, 0, 0, 0, 0, 0, 2, 10, 669, 343, 0, 0, 0, 1, 6, 6, 8, 13, 990
6, 58, 190, 247, 496, 27, 0, 0, 0, 17, 108, 211, 262, 205, 221, 0, 4, 55, 203, 221, 121, 50, 40, 330
5, 97, 282, 366, 247, 27, 0, 0, 1, 41, 210, 344, 323, 97, 8, 0, 34, 252, 434, 278, 26, 0, 0, 0
28, 163, 167, 356, 278, 32, 0, 0, 1, 112, 172, 238, 381, 115, 5, 0, 68, 231, 336, 329, 57, 3, 0, 0
0, 8, 184, 463, 333, 36, 0, 0, 0, 1, 99, 398, 416, 110, 0, 0, 4, 156, 466, 359, 39, 0, 0, 0
2, 39, 253, 367, 327, 35, 1, 0, 0, 23, 192, 326, 381, 98, 4, 0, 13, 206, 434, 330, 38, 3, 0, 0
30, 123, 303, 308, 227, 31, 2, 0, 22, 117, 277, 304, 246, 55, 3, 0, 69, 250, 371, 284, 48, 2, 0, 0
487, 280, 141, 76, 37, 3, 0, 0, 406, 324, 140, 87, 59, 8, 0, 0, 489, 317, 139, 72, 7, 0, 0, 0
964, 50, 10, 0, 0, 0, 0, 0, 844, 171, 9, 0, 0, 0, 0, 0, 896, 113, 14, 1, 0, 0, 0, 0
931, 42, 30, 15, 4, 2, 0, 0, 896, 82, 33, 7, 6, 0, 0, 0, 915, 66, 31, 7, 5, 0, 0, 0
557, 246, 151, 53, 16, 1, 0, 0, 471, 339, 160, 46, 8, 0, 0, 0, 523, 278, 140, 67, 15, 1, 0, 0
126, 345, 295, 146, 65, 25, 21, 1, 140, 341, 291, 142, 72, 21, 17, 0, 60, 324, 372, 157, 64, 28, 19, 0
102, 267, 288, 192, 95, 45, 32, 3, 147, 273, 277, 186, 83, 34, 23, 1, 102, 318, 309, 164, 69, 37, 25, 0
175, 321, 217, 151, 56, 53, 39, 12, 178, 320, 232, 138, 72, 48, 29, 7, 156, 386, 254, 101, 52, 44, 28, 3
0, 22, 120, 189, 288, 251, 132, 22, 4, 47, 106, 196, 334, 274, 58, 5, 4, 60, 211, 281, 247, 172, 44, 5
48, 239, 299, 243, 146, 28, 21, 0, 34, 229, 290, 236, 177, 46, 12, 0, 84, 326, 344, 195, 47, 25, 3, 0
21, 126, 192, 202, 233, 182, 65, 3, 13, 126, 198, 204, 237, 221, 25, 0, 99, 181, 226, 255, 167, 90, 6, 0
1, 82, 116, 177, 334, 264, 42, 8, 7, 96, 115, 191, 318, 260, 32, 5, 39, 123, 178, 343, 269, 55, 9, 8
97, 164, 213, 239, 182, 104, 20, 5, 111, 182, 248, 260, 171, 40, 12, 0, 160, 227, 254, 207, 140, 32, 4, 0
87, 178, 214, 188, 125, 101, 83, 48, 94, 200, 220, 217, 134, 81, 76, 2, 174, 223, 216, 169, 111, 78, 53, 0
0, 0, 0, 936, 88, 0, 0, 0, 0, 0, 0, 0, 0, 1024, 0, 0, 0, 0, 0, 0, 0, 0, 0, 1024
0, 0, 0, 17, 1007, 0, 0, 0, 0, 0, 0, 0, 0, 1016, 8, 0, 0, 0, 0, 0, 0, 0, 0, 1024
0, 0, 0, 0, 1024, 0, 0, 0, 0, 0, 0, 0, 0, 1024, 0, 0, 0, 0, 0, 0, 0, 0, 0, 1024
0, 0, 0, 0, 1024, 0, 0, 0, 0, 0, 0, 0, 0, 1024, 0, 0, 0, 0, 0, 0, 0, 0, 0, 1024
0, 0, 0, 1, 1019, 4, 0, 0, 0, 0, 0, 0, 1, 584, 439, 0, 0, 0, 0, 0, 1, 2, 8, 1013
0, 12, 59, 237, 641, 74, 1, 0, 0, 4, 36, 126, 241, 225, 392, 0, 2, 38, 153, 188, 97, 54, 52, 440
1, 17, 142, 374, 433, 57, 0, 0, 0, 3, 79, 237, 482, 222, 1, 0, 3, 116, 441, 431, 33, 0, 0, 0
1, 56, 249, 475, 228, 15, 0, 0, 0, 17, 174, 427, 309, 96, 1, 0, 24, 201, 515, 264, 20, 0, 0, 0
3, 89, 273, 383, 232, 44, 0, 0, 1, 33, 214, 359, 326, 91, 0, 0, 38, 248, 417, 271, 50, 0, 0, 0
64, 155, 242, 341, 211, 11, 0, 0, 37, 119, 210, 325, 282, 51, 0, 0, 98, 287, 384, 235, 20, 0, 0, 0
472, 219, 103, 133, 89, 8, 0, 0, 437, 241, 106, 103, 116, 20, 1, 0, 442, 278, 168, 116, 20, 0, 0, 0
413, 240, 191, 122, 56, 2, 0, 0, 382, 260, 171, 141, 63, 7, 0, 0, 416, 328, 174, 87, 19, 0, 0, 0
978, 43, 3, 0, 0, 0, 0, 0, 935, 82, 7, 0, 0, 0, 0, 0, 958, 62, 4, 0, 0, 0, 0, 0
974, 50, 0, 0, 0, 0, 0, 0, 939, 82, 3, 0, 0, 0, 0, 0, 663, 345, 16, 0, 0, 0, 0, 0
239, 354, 312, 93, 26, 0, 0, 0, 214, 397, 304, 91, 18, 0, 0, 0, 119, 307, 413, 152, 33, 0, 0, 0
272, 166, 177, 289, 110, 10, 0, 0, 258, 180, 172, 244, 158, 12, 0, 0, 152, 328, 357, 171, 16, 0, 0, 0
27, 268, 135, 175, 170, 148, 81, 20, 97, 251, 149, 181, 158, 145, 39, 4, 88, 280, 168, 195, 136, 117, 36, 4
69, 325, 231, 148, 104, 70, 54, 23, 51, 336, 237, 159, 110, 79, 48, 4, 93, 391, 238, 136, 72, 48, 42, 4
0, 7, 85, 191, 332, 274, 114, 21, 0, 6, 74, 211, 396, 276, 56, 5, 7, 70, 188, 309, 237, 174, 35, 4
14, 146, 287, 291, 135, 80, 44, 27, 33, 118, 306, 268, 172, 85, 24, 18, 48, 240, 358, 196, 93, 56, 21, 12
12, 126, 262, 210, 124, 114, 174, 2, 5, 85, 243, 261, 189, 207, 34, 0, 65, 235, 257, 137, 123, 200, 7, 0
11, 110, 154, 111, 118, 235, 209, 76, 3, 113, 176, 119, 171, 282, 118, 42, 65, 160, 127, 119, 195, 209, 99, 50
2, 42, 107, 281, 294, 162, 127, 9, 3, 28, 90, 291, 370, 207, 35, 0, 33, 91, 279, 291, 133, 172, 23, 2
23, 176, 272, 297, 156, 60, 33, 7, 14, 152, 236, 311, 218, 75, 18, 0, 97, 275, 335, 191, 78, 35, 12, 1
0, 0, 0, 736, 288, 0, 0, 0, 0, 0, 0, 0, 0, 1024, 0, 0, 0, 0, 0, 0, 0, 0, 0, 1024
0, 0, 0, 0, 1024, 0, 0, 0, 0, 0, 0, 0, 0, 1024, 0, 0, 0, 0, 0, 0, 0, 0, 0, 1024
0, 0, 0, 0, 1024, 0, 0, 0, 0, 0, 0, 0, 0, 1024, 0, 0, 0, 0, 0, 0, 0, 0, 0, 1024
0, 0, 0, 0, 1024, 0, 0, 0, 0, 0, 0, 0, 0, 1024, 0, 0, 0, 0, 0, 0, 0, 0, 0, 1024
0, 0, 0, 0, 1024, 0, 0, 0, 0, 0, 0, 0, 0, 384, 640, 0, 0, 0, 0, 0, 0, 0, 0, 1024
0, 6, 35, 123, 765, 94, 1, 0, 0, 2, 11, 67, 206, 280, 458, 0, 1, 10, 68, 152, 95, 93, 60, 545
0, 49, 299, 351, 280, 45, 0, 0, 0, 6, 192, 375, 312, 138, 1, 0, 5, 162, 447, 361, 49, 0, 0, 0
4, 116, 361, 345, 179, 19, 0, 0, 2, 50, 306, 376, 217, 72, 1, 0, 19, 244, 464, 262, 35, 0, 0, 0
20, 191, 380, 298, 122, 13, 0, 0, 9, 118, 332, 352, 172, 41, 0, 0, 59, 325, 388, 206, 46, 0, 0, 0
324, 291, 261, 118, 25, 5, 0, 0, 312, 275, 270, 134, 33, 0, 0, 0, 287, 407, 228, 80, 22, 0, 0, 0
698, 232, 56, 30, 8, 0, 0, 0, 645, 278, 65, 28, 8, 0, 0, 0, 600, 296, 76, 39, 13, 0, 0, 0
893, 91, 17, 11, 9, 3, 0, 0, 859, 120, 21, 12, 9, 3, 0, 0, 626, 346, 23, 13, 12, 4, 0, 0
1003, 21, 0, 0, 0, 0, 0, 0, 987, 37, 0, 0, 0, 0, 0, 0, 838, 186, 0, 0, 0, 0, 0, 0
927, 97, 0, 0, 0, 0, 0, 0, 850, 173, 1, 0, 0, 0, 0, 0, 359, 651, 14, 0, 0, 0, 0, 0
437, 482, 91, 14, 0, 0, 0, 0, 366, 546, 99, 13, 0, 0, 0, 0, 124, 584, 269, 44, 3, 0, 0, 0
63, 260, 363, 182, 95, 43, 15, 3, 66, 285, 323, 212, 91, 34, 12, 1, 58, 208, 388, 212, 106, 43, 9, 0
53, 113, 202, 327, 209, 97, 22, 1, 32, 111, 193, 282, 239, 147, 19, 1, 117, 200, 330, 250, 92, 28, 7, 0
6, 97, 161, 319, 409, 32, 0, 0, 2, 52, 116, 249, 412, 192, 1, 0, 47, 198, 427, 338, 14, 0, 0, 0
2, 66, 276, 351, 279, 50, 0, 0, 0, 24, 182, 348, 326, 142, 2, 0, 42, 262, 419, 266, 35, 0, 0, 0
33, 177, 242, 308, 209, 45, 10, 0, 8, 133, 207, 294, 299, 74, 9, 0, 152, 288, 320, 209, 38, 16, 1, 0
83, 291, 376, 216, 57, 1, 0, 0, 14, 218, 377, 256, 143, 16, 0, 0, 258, 449, 266, 51, 0, 0, 0, 0
273, 342, 281, 102, 25, 1, 0, 0, 111, 388, 340, 132, 49, 4, 0, 0, 451, 395, 133, 45, 0, 0, 0, 0
113, 339, 371, 186, 15, 0, 0, 0, 51, 268, 342, 289, 73, 1, 0, 0, 307, 419, 259, 39, 0, 0, 0, 0
116, 324, 366, 168, 43, 7, 0, 0, 103, 308, 359, 187, 64, 3, 0, 0, 263, 445, 249, 55, 11, 1, 0, 0
0, 0, 0, 640, 384, 0, 0, 0, 0, 0, 0, 0, 0, 1024, 0, 0, 0, 0, 0, 0, 0, 0, 0, 1024
0, 0, 0, 0, 1024, 0, 0, 0, 0, 0, 0, 0, 0, 1024, 0, 0, 0, 0, 0, 0, 0, 0, 0, 1024
0, 0, 0, 0, 1024, 0, 0, 0, 0, 0, 0, 0, 0, 1016, 8, 0, 0, 0, 0, 0, 0, 0, 0, 1024
0, 0, 0, 0, 1024, 0, 0, 0, 0, 0, 0, 0, 0, 1024, 0, 0, 0, 0, 0, 0, 0, 0, 0, 1024
0, 0, 0, 1, 1023, 0, 0, 0, 0, 0, 0, 0, 0, 524, 500, 0, 0, 0, 0, 0, 0, 0, 1, 1023
0, 87, 220, 247, 428, 42, 0, 0, 0, 28, 154, 227, 230, 268, 117, 0, 1, 57, 185, 199, 179, 110, 61, 232
1, 150, 287, 283, 256, 47, 0, 0, 1, 56, 289, 274, 298, 106, 0, 0, 27, 294, 372, 286, 45, 0, 0, 0
13, 154, 390, 326, 125, 16, 0, 0, 6, 79, 313, 375, 204, 46, 1, 0, 40, 321, 466, 171, 26, 0, 0, 0
110, 429, 287, 155, 43, 0, 0, 0, 38, 311, 386, 200, 83, 6, 0, 0, 202, 511, 239, 71, 1, 0, 0, 0
464, 301, 179, 74, 6, 0, 0, 0, 423, 311, 202, 81, 7, 0, 0, 0, 441, 360, 166, 54, 3, 0, 0, 0
346, 395, 141, 93, 42, 6, 1, 0, 449, 346, 117, 88, 20, 3, 1, 0, 207, 528, 155, 100, 26, 7, 1, 0
622, 301, 70, 19, 7, 5, 0, 0, 534, 371, 89, 19, 10, 1, 0, 0, 502, 426, 72, 17, 7, 0, 0, 0
777, 150, 53, 34, 10, 0, 0, 0, 691, 241, 48, 32, 11, 1, 0, 0, 719, 202, 75, 22, 6, 0, 0, 0
449, 325, 151, 70, 27, 2, 0, 0, 372, 318, 170, 101, 48, 15, 0, 0, 308, 500, 174, 39, 3, 0, 0, 0
228, 461, 196, 114, 24, 1, 0, 0, 71, 502, 230, 151, 64, 6, 0, 0, 214, 504, 234, 70, 2, 0, 0, 0
85, 281, 282, 258, 110, 8, 0, 0, 35, 182, 300, 274, 178, 55, 0, 0, 160, 358, 324, 163, 19, 0, 0, 0
139, 384, 252, 142, 82, 25, 0, 0, 96, 354, 279, 139, 108, 41, 7, 0, 276, 358, 245, 105, 35, 5, 0, 0
15, 135, 303, 361, 201, 9, 0, 0, 6, 78, 253, 335, 290, 62, 0, 0, 58, 313, 411, 229, 13, 0, 0, 0
9, 111, 376, 304, 164, 56, 4, 0, 3, 75, 301, 348, 205, 85, 7, 0, 81, 359, 347, 187, 46, 4, 0, 0
55, 307, 343, 221, 93, 5, 0, 0, 10, 190, 334, 302, 156, 31, 1, 0, 241, 425, 252, 100, 6, 0, 0, 0
13, 177, 303, 308, 195, 28, 0, 0, 2, 94, 248, 314, 269, 93, 4, 0, 113, 312, 366, 206, 26, 1, 0, 0
0, 9, 171, 456, 370, 18, 0, 0, 0, 1, 81, 348, 461, 133, 0, 0, 3, 153, 522, 335, 11, 0, 0, 0
7, 147, 375, 359, 130, 6, 0, 0, 0, 75, 291, 417, 194, 47, 0, 0, 81, 370, 425, 142, 6, 0, 0, 0
1, 31, 207, 486, 292, 7, 0, 0, 0, 24, 161, 398, 372, 69, 0, 0, 23, 186, 529, 277, 9, 0, 0, 0
0, 0, 0, 288, 736, 0, 0, 0, 0, 0, 0, 0, 0, 1024, 0, 0, 0, 0, 0, 0, 0, 0, 0, 1024
0, 0, 0, 0, 1024, 0, 0, 0, 0, 0, 0, 0, 0, 1024, 0, 0, 0, 0, 0, 0, 0, 0, 0, 1024
0, 0, 0, 0, 1024, 0, 0, 0, 0, 0, 0, 0, 0, 1024, 0, 0, 0, 0, 0, 0, 0, 0, 0, 1024
0, 0, 0, 0, 1024, 0, 0, 0, 0, 0, 0, 0, 0, 1016, 8, 0, 0, 0, 0, 0, 0, 0, 0, 1024
0, 12, 73, 231, 696, 12, 0, 0, 0, 1, 25, 114, 245, 460, 179, 0, 0, 2, 34, 140, 195, 100, 62, 491
1, 25, 223, 356, 340, 79, 0, 0, 1, 4, 115, 298, 399, 198, 9, 0, 3, 46, 332, 513, 119, 11, 0, 0
0, 26, 239, 364, 343, 52, 0, 0, 0, 7, 189, 320, 368, 140, 0, 0, 8, 168, 456, 358, 34, 0, 0, 0
0, 31, 205, 429, 319, 40, 0, 0, 0, 11, 142, 329, 451, 90, 1, 0, 23, 176, 466, 326, 33, 0, 0, 0
69, 228, 313, 286, 121, 7, 0, 0, 11, 203, 276, 305, 209, 20, 0, 0, 129, 359, 398, 129, 9, 0, 0, 0
358, 357, 170, 84, 39, 16, 0, 0, 158, 501, 230, 85, 41, 9, 0, 0, 372, 415, 143, 67, 21, 6, 0, 0
233, 421, 219, 89, 40, 12, 10, 0, 221, 415, 224, 104, 40, 16, 4, 0, 293, 486, 151, 51, 27, 12, 4, 0
332, 294, 182, 114, 62, 33, 4, 3, 348, 340, 160, 99, 63, 10, 4, 0, 391, 311, 163, 103, 45, 8, 3, 0
475, 85, 106, 195, 134, 29, 0, 0, 452, 104, 60, 143, 197, 62, 6, 0, 426, 169, 202, 173, 49, 5, 0, 0
68, 213, 224, 276, 239, 4, 0, 0, 24, 175, 179, 237, 325, 83, 1, 0, 116, 309, 300, 279, 20, 0, 0, 0
47, 187, 286, 312, 168, 24, 0, 0, 15, 153, 252, 290, 244, 69, 1, 0, 110, 289, 366, 231, 27, 1, 0, 0
31, 205, 295, 287, 177, 29, 0, 0, 8, 135, 253, 299, 237, 88, 4, 0, 163, 310, 337, 184, 30, 0, 0, 0
88, 371, 371, 132, 24, 17, 17, 4, 40, 297, 438, 183, 39, 16, 9, 2, 204, 453, 265, 56, 20, 18, 6, 2
13, 148, 356, 305, 169, 32, 1, 0, 4, 92, 302, 309, 238, 76, 3, 0, 73, 303, 371, 231, 45, 1, 0, 0
6, 96, 259, 236, 203, 170, 50, 4, 19, 111, 274, 230, 178, 182, 29, 1, 44, 230, 279, 242, 149, 72, 8, 0
14, 79, 116, 316, 428, 71, 0, 0, 17, 63, 95, 233, 414, 198, 4, 0, 53, 166, 413, 355, 37, 0, 0, 0
15, 77, 175, 274, 368, 107, 8, 0, 17, 55, 143, 222, 295, 276, 16, 0, 48, 210, 316, 384, 53, 13, 0, 0
1, 31, 175, 363, 354, 92, 8, 0, 1, 23, 103, 269, 393, 226, 9, 0, 24, 176, 389, 380, 46, 9, 0, 0
1, 17, 85, 372, 491, 58, 0, 0, 2, 12, 62, 225, 533, 189, 1, 0, 17, 110, 423, 430, 41, 3, 0, 0
1, 16, 182, 442, 362, 21, 0, 0, 1, 15, 91, 387, 422, 108, 0, 0, 14, 164, 465, 365, 16, 0, 0, 0
0, 0, 0, 272, 752, 0, 0, 0, 0, 0, 0, 0, 0, 1024, 0, 0, 0, 0, 0, 0, 0, 0, 0, 1024
0, 0, 0, 0, 1024, 0, 0, 0, 0, 0, 0, 0, 0, 1024, 0, 0, 0, 0, 0, 0, 0, 0, 0, 1024
0, 0, 0, 0, 1024, 0, 0, 0, 0, 0, 0, 0, 0, 936, 88, 0, 0, 0, 0, 0, 0, 0, 0, 1024
0, 0, 0, 0, 1024, 0, 0, 0, 0, 0, 0, 0, 0, 1008, 16, 0, 0, 0, 0, 0, 0, 0, 0, 1024
0, 2, 39, 161, 794, 28, 0, 0, 0, 0, 5, 65, 229, 582, 143, 0, 0, 0, 19, 113, 206, 96, 68, 522
1, 3, 75, 413, 495, 37, 0, 0, 0, 3, 27, 225, 544, 223, 2, 0, 0, 22, 184, 456, 270, 80, 12, 0
0, 152, 437, 321, 101, 13, 0, 0, 0, 61, 339, 391, 202, 29, 2, 0, 16, 330, 474, 181, 22, 1, 0, 0
17, 272, 368, 254, 105, 8, 0, 0, 4, 131, 401, 306, 142, 39, 1, 0, 33, 391, 392, 193, 14, 1, 0, 0
97, 214, 265, 282, 160, 6, 0, 0, 48, 212, 251, 273, 205, 35, 0, 0, 163, 284, 368, 193, 15, 1, 0, 0
221, 275, 216, 139, 78, 62, 32, 1, 122, 352, 233, 158, 82, 65, 12, 0, 264, 297, 204, 129, 70, 52, 8, 0
134, 370, 218, 123, 79, 67, 33, 0, 120, 392, 239, 116, 97, 56, 4, 0, 218, 383, 179, 104, 91, 45, 4, 0
569, 307, 63, 42, 32, 11, 0, 0, 446, 426, 76, 48, 22, 6, 0, 0, 428, 451, 75, 46, 22, 2, 0, 0
570, 435, 11, 6, 2, 0, 0, 0, 507, 500, 9, 6, 2, 0, 0, 0, 315, 665, 35, 6, 2, 1, 0, 0
686, 248, 34, 26, 22, 7, 1, 0, 741, 196, 34, 18, 19, 14, 2, 0, 623, 312, 39, 37, 12, 1, 0, 0
213, 244, 70, 199, 262, 36, 0, 0, 210, 242, 42, 109, 270, 148, 3, 0, 120, 393, 210, 264, 35, 2, 0, 0
12, 77, 218, 356, 323, 38, 0, 0, 9, 52, 141, 278, 393, 151, 0, 0, 34, 231, 436, 293, 30, 0, 0, 0
19, 179, 353, 327, 134, 12, 0, 0, 15, 135, 265, 343, 214, 52, 0, 0, 86, 384, 400, 144, 10, 0, 0, 0
21, 174, 319, 328, 169, 13, 0, 0, 3, 98, 285, 291, 289, 58, 0, 0, 94, 364, 395, 159, 12, 0, 0, 0
18, 100, 279, 361, 225, 35, 6, 0, 32, 96, 305, 351, 203, 37, 0, 0, 70, 239, 409, 247, 50, 9, 0, 0
31, 264, 354, 243, 121, 11, 0, 0, 38, 219, 336, 261, 152, 18, 0, 0, 105, 425, 299, 174, 18, 3, 0, 0
333, 359, 226, 86, 20, 0, 0, 0, 309, 323, 260, 98, 34, 0, 0, 0, 436, 368, 169, 50, 1, 0, 0, 0
253, 222, 171, 154, 132, 91, 1, 0, 206, 235, 172, 156, 138, 115, 2, 0, 327, 255, 230, 169, 43, 0, 0, 0
98, 176, 186, 259, 266, 38, 1, 0, 90, 177, 164, 211, 258, 121, 3, 0, 171, 234, 305, 283, 31, 0, 0, 0
30, 72, 191, 328, 372, 31, 0, 0, 9, 71, 136, 253, 426, 128, 1, 0, 68, 193, 452, 298, 13, 0, 0, 0
0, 0, 0, 184, 840, 0, 0, 0, 0, 0, 0, 0, 0, 1024, 0, 0, 0, 0, 0, 0, 0, 0, 0, 1024
0, 0, 0, 0, 1024, 0, 0, 0, 0, 0, 0, 0, 0, 1024, 0, 0, 0, 0, 0, 0, 0, 0, 0, 1024
0, 0, 0, 0, 1024, 0, 0, 0, 0, 0, 0, 0, 0, 1008, 16, 0, 0, 0, 0, 0, 0, 0, 0, 1024
0, 0, 0, 0, 1024, 0, 0, 0, 0, 0, 0, 0, 0, 1024, 0, 0, 0, 0, 0, 0, 0, 0, 0, 1024
0, 0, 0, 0, 1024, 0, 0, 0, 0, 0, 0, 0, 0, 448, 576, 0, 0, 0, 0, 0, 0, 0, 0, 1024
2, 10, 62, 190, 707, 53, 0, 0, 0, 2, 27, 115, 317, 283, 280, 0, 0, 5, 140, 347, 100, 42, 43, 347
81, 63, 184, 416, 266, 14, 0, 0, 33, 92, 94, 358, 369, 78, 0, 0, 89, 198, 469, 256, 12, 0, 0, 0
176, 232, 267, 255, 88, 6, 0, 0, 60, 270, 280, 261, 133, 20, 0, 0, 228, 330, 342, 108, 16, 0, 0, 0
79, 274, 350, 251, 66, 4, 0, 0, 47, 237, 325, 285, 114, 16, 0, 0, 163, 378, 343, 124, 16, 0, 0, 0
129, 314, 200, 132, 107, 77, 55, 10, 197, 309, 176, 144, 95, 69, 32, 2, 123, 337, 208, 161, 96, 69, 29, 1
386, 173, 129, 143, 78, 64, 43, 8, 365, 218, 150, 143, 73, 52, 21, 2, 340, 238, 172, 138, 63, 59, 10, 4
559, 262, 80, 53, 35, 26, 9, 0, 526, 309, 76, 47, 42, 24, 0, 0, 387, 418, 104, 50, 44, 20, 1, 0
814, 141, 51, 15, 3, 0, 0, 0, 786, 165, 53, 16, 4, 0, 0, 0, 675, 236, 85, 19, 9, 0, 0, 0
865, 143, 16, 0, 0, 0, 0, 0, 834, 172, 18, 0, 0, 0, 0, 0, 671, 336, 17, 0, 0, 0, 0, 0
773, 234, 15, 2, 0, 0, 0, 0, 574, 400, 44, 6, 0, 0, 0, 0, 611, 374, 38, 1, 0, 0, 0, 0
127, 400, 193, 110, 104, 82, 8, 0, 104, 431, 197, 76, 87, 126, 3, 0, 138, 449, 199, 135, 87, 16, 0, 0
183, 212, 180, 191, 227, 31, 0, 0, 138, 226, 186, 125, 232, 116, 1, 0, 213, 253, 304, 211, 43, 0, 0, 0
33, 145, 185, 278, 269, 86, 17, 11, 18, 139, 175, 210, 306, 152, 16, 8, 76, 213, 280, 311, 104, 20, 12, 8
173, 90, 173, 283, 261, 43, 1, 0, 121, 126, 142, 241, 298, 94, 2, 0, 232, 205, 305, 240, 40, 2, 0, 0
216, 301, 222, 214, 68, 3, 0, 0, 145, 289, 236, 195, 145, 14, 0, 0, 350, 316, 263, 83, 12, 0, 0, 0
263, 550, 164, 31, 15, 1, 0, 0, 75, 518, 323, 82, 24, 2, 0, 0, 590, 352, 61, 16, 5, 0, 0, 0
98, 397, 284, 210, 33, 2, 0, 0, 28, 304, 352, 210, 115, 15, 0, 0, 343, 451, 211, 19, 0, 0, 0, 0
259, 508, 208, 46, 3, 0, 0, 0, 97, 483, 330, 96, 17, 1, 0, 0, 579, 360, 82, 3, 0, 0, 0, 0
390, 403, 169, 57, 5, 0, 0, 0, 176, 524, 230, 75, 19, 0, 0, 0, 612, 334, 68, 10, 0, 0, 0, 0
0, 0, 0, 248, 776, 0, 0, 0, 0, 0, 0, 0, 0, 1024, 0, 0, 0, 0, 0, 0, 0, 0, 0, 1024
0, 0, 0, 0, 1024, 0, 0, 0, 0, 0, 0, 0, 0, 1024, 0, 0, 0, 0, 0, 0, 0, 0, 0, 1024
0, 0, 0, 0, 1024, 0, 0, 0, 0, 0, 0, 0, 0, 1024, 0, 0, 0, 0, 0, 0, 0, 0, 0, 1024
3, 15, 51, 108, 776, 67, 4, 0, 0, 2, 17, 76, 110, 743, 76, 0, 0, 0, 0, 47, 102, 102, 69, 704
19, 28, 98, 261, 534, 79, 5, 0, 0, 29, 36, 159, 293, 318, 189, 0, 5, 34, 52, 142, 203, 174, 73, 341
23, 128, 354, 345, 153, 20, 1, 0, 6, 72, 242, 381, 245, 72, 6, 0, 54, 202, 378, 267, 79, 30, 8, 6
402, 265, 188, 112, 48, 9, 0, 0, 145, 408, 203, 165, 81, 20, 2, 0, 439, 375, 154, 47, 9, 0, 0, 0
215, 316, 227, 165, 83, 18, 0, 0, 92, 320, 280, 178, 115, 39, 0, 0, 289, 397, 232, 90, 16, 0, 0, 0
165, 369, 271, 170, 46, 3, 0, 0, 35, 358, 326, 207, 82, 16, 0, 0, 312, 420, 234, 56, 2, 0, 0, 0
571, 250, 95, 42, 36, 20, 9, 1, 409, 380, 125, 44, 35, 26, 5, 0, 620, 231, 89, 39, 28, 13, 4, 0
404, 125, 83, 166, 189, 56, 1, 0, 298, 197, 84, 119, 207, 108, 11, 0, 449, 133, 179, 194, 68, 1, 0, 0
219, 196, 211, 243, 132, 22, 1, 0, 99, 260, 187, 221, 196, 56, 5, 0, 301, 276, 278, 143, 25, 1, 0, 0
304, 273, 215, 149, 59, 24, 0, 0, 141, 359, 221, 168, 89, 40, 6, 0, 437, 322, 172, 71, 20, 2, 0, 0
252, 295, 232, 151, 78, 16, 0, 0, 101, 354, 232, 174, 108, 48, 7, 0, 385, 344, 206, 75, 14, 0, 0, 0
221, 298, 229, 181, 69, 26, 0, 0, 65, 367, 243, 175, 120, 50, 4, 0, 386, 324, 228, 73, 13, 0, 0, 0
59, 203, 183, 197, 309, 73, 0, 0, 9, 194, 161, 190, 286, 175, 9, 0, 140, 276, 217, 269, 117, 5, 0, 0
63, 180, 309, 315, 134, 23, 0, 0, 36, 114, 230, 338, 252, 54, 0, 0, 111, 304, 380, 188, 40, 1, 0, 0
97, 233, 331, 251, 94, 18, 0, 0, 9, 220, 256, 320, 171, 44, 4, 0, 238, 341, 320, 112, 13, 0, 0, 0
66, 363, 390, 157, 43, 5, 0, 0, 19, 222, 391, 291, 88, 13, 0, 0, 273, 453, 241, 51, 6, 0, 0, 0
14, 223, 395, 285, 100, 7, 0, 0, 2, 76, 342, 377, 194, 33, 0, 0, 158, 384, 351, 123, 8, 0, 0, 0
63, 91, 256, 302, 248, 63, 1, 0, 52, 54, 209, 314, 272, 114, 9, 0, 127, 263, 328, 258, 46, 2, 0, 0
24, 161, 216, 207, 325, 90, 1, 0, 0, 89, 206, 190, 289, 238, 12, 0, 150, 254, 250, 303, 67, 0, 0, 0
45, 335, 233, 220, 158, 33, 0, 0, 7, 225, 291, 220, 189, 89, 3, 0, 249, 303, 254, 185, 33, 0, 0, 0
110, 612, 193, 72, 35, 2, 0, 0, 21, 542, 310, 90, 57, 4, 0, 0, 464, 416, 97, 45, 2, 0, 0, 0
0, 0, 0, 0, 1024, 0, 0, 0, 0, 0, 0, 0, 0, 1024, 0, 0, 0, 0, 0, 0, 0, 0, 0, 1024
0, 0, 0, 0, 1024, 0, 0, 0, 0, 0, 0, 0, 0, 1023, 1, 0, 0, 0, 0, 0, 0, 0, 0, 1024
0, 0, 0, 0, 1024, 0, 0, 0, 0, 0, 0, 0, 0, 1024, 0, 0, 0, 0, 0, 0, 0, 0, 0, 1024
17, 108, 105, 125, 634, 35, 0, 0, 0, 50, 108, 84, 119, 594, 69, 0, 0, 50, 72, 76, 92, 76, 93, 565
38, 204, 189, 170, 292, 126, 5, 0, 3, 142, 193, 172, 190, 263, 61, 0, 8, 165, 196, 193, 129, 127, 113, 93
159, 206, 253, 248, 137, 21, 0, 0, 51, 221, 262, 269, 176, 45, 0, 0, 171, 346, 303, 183, 21, 0, 0, 0
71, 268, 266, 226, 167, 26, 0, 0, 5, 217, 272, 239, 213, 77, 1, 0, 165, 388, 314, 134, 23, 0, 0, 0
70, 331, 309, 206, 91, 17, 0, 0, 10, 249, 337, 240, 148, 37, 3, 0, 219, 422, 277, 94, 12, 0, 0, 0
318, 436, 199, 65, 6, 0, 0, 0, 169, 394, 333, 102, 26, 0, 0, 0, 471, 428, 115, 10, 0, 0, 0, 0
421, 312, 184, 89, 17, 1, 0, 0, 350, 325, 227, 101, 19, 2, 0, 0, 493, 343, 147, 31, 9, 1, 0, 0
415, 387, 118, 52, 24, 27, 1, 0, 365, 433, 127, 44, 22, 30, 3, 0, 436, 395, 116, 40, 32, 5, 0, 0
104, 123, 158, 229, 286, 114, 9, 1, 103, 109, 140, 169, 271, 215, 17, 0, 119, 239, 286, 254, 111, 14, 1, 0
1, 19, 124, 319, 441, 120, 0, 0, 1, 13, 80, 213, 468, 240, 9, 0, 14, 132, 408, 389, 81, 0, 0, 0
3, 102, 263, 362, 244, 50, 0, 0, 2, 80, 157, 344, 307, 133, 1, 0, 81, 318, 393, 209, 23, 0, 0, 0
17, 172, 251, 324, 221, 39, 0, 0, 12, 143, 208, 279, 293, 86, 3, 0, 125, 294, 361, 221, 23, 0, 0, 0
91, 153, 203, 292, 209, 68, 8, 0, 24, 165, 164, 261, 260, 120, 29, 1, 159, 265, 313, 199, 76, 12, 0, 0
6, 85, 115, 243, 334, 209, 32, 0, 2, 47, 95, 145, 336, 297, 98, 4, 43, 123, 225, 382, 189, 58, 4, 0
0, 13, 86, 226, 426, 252, 21, 0, 0, 4, 60, 168, 380, 357, 55, 0, 10, 76, 224, 427, 253, 34, 0, 0
0, 30, 167, 285, 397, 139, 6, 0, 0, 10, 117, 228, 351, 294, 24, 0, 17, 148, 320, 416, 117, 6, 0, 0
16, 179, 396, 303, 125, 5, 0, 0, 5, 72, 334, 364, 193, 56, 0, 0, 97, 399, 366, 156, 6, 0, 0, 0
3, 42, 230, 311, 352, 79, 7, 0, 1, 17, 159, 303, 344, 182, 18, 0, 27, 179, 357, 359, 91, 11, 0, 0
7, 148, 250, 225, 304, 89, 1, 0, 4, 39, 255, 225, 281, 204, 16, 0, 96, 259, 256, 321, 90, 2, 0, 0
16, 78, 376, 292, 214, 48, 0, 0, 15, 49, 260, 374, 205, 118, 3, 0, 50, 328, 345, 247, 54, 0, 0, 0
7, 135, 337, 322, 181, 40, 2, 0, 9, 85, 322, 334, 191, 79, 4, 0, 79, 313, 354, 202, 71, 5, 0, 0
0, 0, 0, 32, 992, 0, 0, 0, 0, 0, 0, 0, 0, 1024, 0, 0, 0, 0, 0, 0, 0, 0, 0, 1024
0, 0, 0, 0, 1024, 0, 0, 0, 0, 0, 0, 0, 0, 1009, 15, 0, 0, 0, 0, 0, 0, 0, 0, 1024
0, 0, 0, 0, 1024, 0, 0, 0, 0, 0, 0, 0, 0, 780, 244, 0, 0, 0, 0, 0, 0, 0, 0, 1024
2, 47, 150, 224, 500, 101, 0, 0, 0, 14, 91, 197, 287, 382, 53, 0, 3, 74, 187, 302, 195, 77, 49, 137
15, 238, 267, 248, 210, 46, 0, 0, 1, 109, 327, 242, 252, 90, 3, 0, 5, 144, 314, 299, 166, 70, 24, 2
10, 133, 302, 290, 227, 62, 0, 0, 4, 96, 271, 298, 244, 108, 3, 0, 41, 335, 369, 232, 47, 0, 0, 0
108, 163, 208, 263, 245, 37, 0, 0, 72, 170, 178, 255, 272, 74, 3, 0, 185, 270, 316, 225, 28, 0, 0, 0
3, 44, 246, 343, 347, 41, 0, 0, 1, 26, 178, 300, 405, 114, 0, 0, 36, 290, 429, 254, 15, 0, 0, 0
55, 162, 374, 246, 158, 27, 2, 0, 50, 116, 359, 263, 182, 49, 5, 0, 104, 378, 388, 141, 12, 1, 0, 0
53, 171, 255, 287, 218, 40, 0, 0, 20, 133, 240, 283, 276, 72, 0, 0, 237, 389, 307, 88, 3, 0, 0, 0
94, 224, 194, 252, 227, 32, 1, 0, 19, 234, 191, 251, 255, 71, 3, 0, 300, 305, 307, 103, 9, 0, 0, 0
6, 41, 161, 357, 377, 80, 2, 0, 6, 26, 132, 307, 398, 149, 6, 0, 53, 213, 425, 300, 32, 1, 0, 0
2, 26, 153, 409, 357, 74, 3, 0, 1, 21, 108, 347, 417, 125, 5, 0, 29, 161, 481, 300, 51, 2, 0, 0
15, 59, 191, 342, 361, 56, 0, 0, 13, 50, 174, 305, 366, 115, 1, 0, 45, 186, 383, 357, 51, 2, 0, 0
10, 101, 370, 367, 157, 19, 0, 0, 10, 84, 301, 384, 187, 57, 1, 0, 60, 337, 440, 161, 26, 0, 0, 0
73, 209, 130, 260, 308, 44, 0, 0, 46, 210, 121, 170, 326, 150, 1, 0, 152, 193, 242, 348, 88, 1, 0, 0
37, 79, 125, 280, 449, 54, 0, 0, 13, 61, 93, 168, 431, 256, 2, 0, 78, 111, 305, 487, 43, 0, 0, 0
37, 78, 79, 225, 409, 184, 12, 0, 10, 70, 81, 118, 357, 330, 58, 0, 80, 104, 240, 394, 186, 20, 0, 0
0, 0, 55, 247, 503, 211, 8, 0, 0, 0, 13, 140, 430, 370, 71, 0, 0, 48, 298, 481, 185, 12, 0, 0
1, 35, 208, 291, 336, 152, 1, 0, 0, 5, 110, 289, 323, 264, 33, 0, 17, 200, 355, 346, 106, 0, 0, 0
5, 98, 346, 333, 215, 27, 0, 0, 0, 17, 213, 388, 278, 127, 1, 0, 54, 317, 372, 245, 36, 0, 0, 0
5, 93, 326, 279, 245, 75, 1, 0, 1, 44, 259, 308, 257, 147, 8, 0, 52, 291, 328, 295, 57, 1, 0, 0
11, 116, 209, 298, 294, 96, 0, 0, 7, 97, 167, 284, 304, 148, 17, 0, 60, 222, 343, 289, 110, 0, 0, 0
6, 75, 284, 332, 262, 61, 4, 0, 4, 71, 258, 313, 253, 117, 8, 0, 40, 198, 373, 305, 99, 9, 0, 0
0, 0, 0, 16, 1008, 0, 0, 0, 0, 0, 0, 0, 0, 1024, 0, 0, 0, 0, 0, 0, 0, 0, 0, 1024
0, 0, 0, 0, 1024, 0, 0, 0, 0, 0, 0, 0, 0, 1024, 0, 0, 0, 0, 0, 0, 0, 0, 0, 1024
0, 0, 0, 0, 1024, 0, 0, 0, 0, 0, 0, 0, 0, 1005, 19, 0, 0, 0, 0, 0, 0, 0, 0, 1024
0, 0, 13, 20, 921, 69, 1, 0, 0, 0, 2, 20, 37, 848, 117, 0, 0, 5, 16, 37, 57, 38, 33, 838
0, 6, 25, 216, 639, 130, 8, 0, 0, 3, 16, 121, 410, 348, 126, 0, 5, 21, 114, 337, 232, 76, 45, 194
3, 30, 238, 328, 288, 132, 5, 0, 3, 22, 190, 325, 305, 162, 17, 0, 27, 227, 385, 318, 65, 2, 0, 0
190, 165, 257, 277, 120, 15, 0, 0, 130, 171, 210, 307, 180, 26, 0, 0, 268, 322, 334, 97, 3, 0, 0, 0
92, 105, 263, 315, 213, 35, 1, 0, 70, 97, 196, 315, 268, 77, 1, 0, 161, 263, 380, 204, 16, 0, 0, 0
87, 296, 256, 249, 131, 5, 0, 0, 61, 251, 261, 266, 161, 24, 0, 0, 275, 367, 289, 91, 2, 0, 0, 0
281, 341, 200, 154, 42, 6, 0, 0, 222, 329, 240, 150, 75, 8, 0, 0, 406, 336, 203, 67, 10, 2, 0, 0
662, 117, 63, 90, 76, 16, 0, 0, 576, 190, 66, 78, 92, 22, 0, 0, 700, 128, 121, 54, 20, 1, 0, 0
521, 231, 125, 90, 46, 10, 1, 0, 497, 216, 150, 98, 47, 16, 0, 0, 626, 205, 122, 50, 14, 7, 0, 0
297, 351, 223, 88, 45, 20, 0, 0, 240, 313, 276, 114, 64, 16, 1, 0, 440, 356, 154, 50, 23, 1, 0, 0
135, 475, 258, 110, 37, 9, 0, 0, 61, 407, 334, 156, 55, 11, 0, 0, 351, 449, 183, 30, 11, 0, 0, 0
247, 325, 211, 166, 71, 4, 0, 0, 151, 369, 224, 147, 114, 19, 0, 0, 388, 318, 227, 87, 4, 0, 0, 0
594, 292, 81, 23, 24, 10, 0, 0, 545, 320, 96, 24, 14, 20, 5, 0, 627, 278, 73, 27, 16, 3, 0, 0
272, 176, 174, 179, 207, 16, 0, 0, 253, 175, 159, 144, 241, 52, 0, 0, 204, 282, 234, 244, 57, 3, 0, 0
60, 211, 196, 224, 292, 41, 0, 0, 18, 177, 203, 192, 271, 158, 5, 0, 138, 248, 247, 305, 86, 0, 0, 0
28, 166, 225, 225, 237, 141, 2, 0, 4, 89, 183, 245, 236, 237, 30, 0, 117, 222, 259, 255, 167, 4, 0, 0
22, 83, 145, 209, 322, 235, 8, 0, 5, 50, 122, 174, 262, 369, 41, 1, 64, 149, 219, 334, 238, 20, 0, 0
18, 73, 94, 267, 410, 162, 0, 0, 0, 59, 79, 179, 325, 359, 23, 0, 63, 95, 304, 422, 139, 1, 0, 0
22, 88, 290, 393, 208, 23, 0, 0, 11, 49, 158, 378, 324, 97, 7, 0, 75, 280, 424, 218, 24, 3, 0, 0
14, 140, 232, 294, 284, 60, 0, 0, 10, 100, 178, 280, 268, 172, 16, 0, 96, 255, 348, 264, 60, 1, 0, 0
5, 129, 285, 373, 211, 21, 0, 0, 0, 109, 260, 342, 253, 60, 0, 0, 94, 269, 415, 228, 18, 0, 0, 0
0, 0, 0, 0, 1024, 0, 0, 0, 0, 0, 0, 0, 0, 1024, 0, 0, 0, 0, 0, 0, 0, 0, 0, 1024
0, 0, 0, 0, 1024, 0, 0, 0, 0, 0, 0, 0, 0, 1024, 0, 0, 0, 0, 0, 0, 0, 0, 0, 1024
0, 0, 0, 0, 1024, 0, 0, 0, 0, 0, 0, 0, 0, 1024, 0, 0, 0, 0, 0, 0, 0, 0, 0, 1024
0, 0, 0, 0, 1006, 18, 0, 0, 0, 0, 0, 0, 0, 841, 183, 0, 0, 0, 0, 0, 0, 2, 14, 1008
0, 13, 56, 230, 595, 123, 7, 0, 0, 2, 29, 123, 368, 324, 176, 2, 0, 30, 83, 243, 240, 90, 72, 266
5, 65, 249, 345, 261, 94, 5, 0, 1, 37, 166, 330, 327, 151, 12, 0, 40, 195, 426, 280, 82, 1, 0, 0
2, 63, 351, 315, 227, 66, 0, 0, 0, 31, 245, 377, 253, 112, 6, 0, 42, 361, 355, 212, 54, 0, 0, 0
13, 132, 248, 269, 310, 52, 0, 0, 1, 68, 220, 253, 339, 140, 3, 0, 107, 308, 338, 250, 21, 0, 0, 0
97, 468, 312, 124, 23, 0, 0, 0, 36, 445, 338, 166, 36, 3, 0, 0, 319, 503, 172, 29, 1, 0, 0, 0
309, 451, 202, 53, 9, 0, 0, 0, 156, 466, 301, 79, 21, 1, 0, 0, 514, 394, 94, 21, 1, 0, 0, 0
647, 219, 88, 43, 26, 1, 0, 0, 512, 292, 126, 50, 35, 9, 0, 0, 749, 199, 60, 16, 0, 0, 0, 0
886, 96, 22, 13, 6, 1, 0, 0, 819, 143, 32, 15, 8, 7, 0, 0, 884, 110, 20, 9, 1, 0, 0, 0
686, 199, 71, 26, 16, 22, 4, 0, 701, 188, 73, 24, 21, 17, 0, 0, 631, 250, 74, 29, 29, 11, 0, 0
411, 206, 136, 128, 56, 48, 39, 0, 425, 211, 168, 116, 43, 51, 10, 0, 432, 236, 155, 100, 38, 48, 15, 0
317, 304, 236, 128, 37, 2, 0, 0, 250, 370, 253, 112, 37, 2, 0, 0, 360, 338, 240, 72, 14, 0, 0, 0
710, 99, 33, 55, 72, 53, 2, 0, 677, 130, 29, 41, 74, 65, 8, 0, 603, 207, 46, 79, 65, 24, 0, 0
135, 48, 72, 175, 390, 186, 18, 0, 129, 48, 41, 105, 321, 324, 55, 1, 114, 103, 146, 366, 243, 45, 7, 0
77, 152, 276, 331, 166, 22, 0, 0, 19, 140, 211, 324, 250, 79, 1, 0, 158, 274, 365, 190, 37, 0, 0, 0
105, 232, 280, 276, 122, 9, 0, 0, 44, 188, 252, 270, 207, 63, 0, 0, 237, 290, 327, 157, 13, 0, 0, 0
168, 368, 257, 168, 58, 5, 0, 0, 22, 361, 302, 206, 109, 24, 0, 0, 342, 349, 222, 100, 11, 0, 0, 0
283, 371, 211, 91, 38, 28, 2, 0, 48, 460, 269, 147, 48, 36, 16, 0, 494, 302, 152, 51, 23, 2, 0, 0
156, 401, 204, 107, 109, 47, 0, 0, 89, 364, 268, 119, 106, 67, 11, 0, 332, 354, 157, 129, 49, 3, 0, 0
101, 344, 252, 200, 111, 16, 0, 0, 54, 265, 335, 177, 147, 44, 2, 0, 287, 370, 238, 118, 11, 0, 0, 0
108, 304, 323, 208, 77, 4, 0, 0, 80, 223, 363, 207, 119, 32, 0, 0, 266, 375, 293, 84, 6, 0, 0, 0
0, 0, 0, 0, 1024, 0, 0, 0, 0, 0, 0, 0, 0, 1024, 0, 0, 0, 0, 0, 0, 0, 0, 0, 1024
0, 0, 0, 0, 1024, 0, 0, 0, 0, 0, 0, 0, 0, 1024, 0, 0, 0, 0, 0, 0, 0, 0, 0, 1024
0, 0, 0, 0, 1024, 0, 0, 0, 0, 0, 0, 0, 0, 1024, 0, 0, 0, 0, 0, 0, 0, 0, 0, 1024
0, 0, 0, 0, 1024, 0, 0, 0, 0, 0, 0, 0, 0, 892, 132, 0, 0, 0, 0, 0, 0, 0, 0, 1024
0, 1, 60, 324, 581, 58, 0, 0, 0, 0, 8, 192, 370, 269, 185, 0, 0, 11, 95, 226, 199, 118, 77, 298
0, 21, 235, 346, 322, 100, 0, 0, 0, 6, 154, 296, 365, 199, 4, 0, 12, 133, 437, 371, 71, 0, 0, 0
0, 15, 140, 293, 424, 148, 4, 0, 0, 4, 83, 233, 382, 294, 28, 0, 14, 195, 419, 344, 51, 1, 0, 0
2, 69, 236, 328, 299, 89, 1, 0, 3, 45, 175, 303, 306, 185, 7, 0, 62, 306, 435, 214, 7, 0, 0, 0
11, 100, 388, 319, 184, 22, 0, 0, 5, 53, 294, 355, 237, 76, 4, 0, 90, 433, 386, 108, 7, 0, 0, 0
20, 220, 358, 304, 119, 3, 0, 0, 11, 146, 367, 310, 166, 24, 0, 0, 141, 426, 380, 76, 1, 0, 0, 0
128, 263, 352, 167, 71, 39, 4, 0, 106, 232, 377, 193, 100, 16, 0, 0, 261, 423, 215, 79, 42, 4, 0, 0
203, 314, 251, 167, 77, 12, 0, 0, 159, 257, 277, 186, 105, 39, 1, 0, 339, 397, 194, 80, 14, 0, 0, 0
290, 441, 228, 39, 14, 6, 6, 0, 221, 387, 316, 76, 13, 7, 4, 0, 441, 429, 110, 26, 9, 9, 0, 0
702, 216, 54, 32, 7, 8, 5, 0, 557, 334, 70, 36, 15, 11, 1, 0, 700, 249, 49, 13, 4, 7, 2, 0
346, 259, 221, 166, 32, 0, 0, 0, 162, 360, 201, 198, 95, 8, 0, 0, 482, 270, 217, 55, 0, 0, 0, 0
782, 203, 36, 3, 0, 0, 0, 0, 714, 267, 40, 3, 0, 0, 0, 0, 776, 233, 15, 0, 0, 0, 0, 0
782, 136, 52, 29, 21, 4, 0, 0, 728, 161, 56, 43, 29, 7, 0, 0, 698, 220, 77, 20, 9, 0, 0, 0
318, 136, 111, 173, 256, 30, 0, 0, 236, 181, 104, 121, 241, 141, 0, 0, 342, 199, 193, 222, 68, 0, 0, 0
51, 103, 248, 347, 248, 27, 0, 0, 37, 47, 158, 291, 343, 146, 2, 0, 104, 290, 375, 226, 29, 0, 0, 0
305, 353, 198, 140, 28, 0, 0, 0, 68, 395, 287, 154, 108, 12, 0, 0, 523, 291, 174, 34, 2, 0, 0, 0
219, 332, 213, 156, 86, 18, 0, 0, 44, 356, 256, 186, 142, 38, 2, 0, 438, 262, 189, 107, 28, 0, 0, 0
214, 515, 221, 57, 17, 0, 0, 0, 63, 487, 337, 100, 32, 5, 0, 0, 509, 343, 130, 38, 4, 0, 0, 0
121, 428, 270, 100, 22, 10, 21, 52, 47, 380, 398, 128, 39, 21, 11, 0, 347, 416, 171, 58, 19, 13, 0, 0
48, 275, 233, 142, 105, 29, 41, 151, 43, 272, 316, 178, 160, 52, 3, 0, 261, 345, 248, 134, 33, 3, 0, 0
0, 0, 0, 0, 1024, 0, 0, 0, 0, 0, 0, 0, 0, 1024, 0, 0, 0, 0, 0, 0, 0, 0, 0, 1024
0, 0, 0, 0, 1024, 0, 0, 0, 0, 0, 0, 0, 0, 1024, 0, 0, 0, 0, 0, 0, 0, 0, 0, 1024
0, 0, 0, 0, 1024, 0, 0, 0, 0, 0, 0, 0, 0, 1024, 0, 0, 0, 0, 0, 0, 0, 0, 0, 1024
0, 0, 0, 0, 1024, 0, 0, 0, 0, 0, 0, 0, 0, 768, 256, 0, 0, 0, 0, 0, 0, 0, 0, 1024
0, 2, 78, 346, 586, 11, 1, 0, 0, 2, 30, 219, 439, 236, 98, 0, 0, 5, 196, 412, 90, 36, 35, 250
0, 29, 252, 384, 328, 29, 2, 0, 0, 14, 183, 356, 393, 78, 0, 0, 2, 83, 434, 437, 62, 6, 0, 0
0, 4, 64, 340, 476, 131, 9, 0, 0, 1, 33, 193, 521, 247, 29, 0, 3, 76, 429, 409, 102, 5, 0, 0
8, 48, 162, 426, 287, 91, 2, 0, 5, 30, 116, 321, 395, 144, 13, 0, 44, 157, 472, 299, 52, 0, 0, 0
9, 214, 307, 283, 181, 30, 0, 0, 2, 125, 296, 298, 236, 67, 0, 0, 123, 366, 343, 182, 10, 0, 0, 0
18, 160, 309, 304, 199, 34, 0, 0, 18, 106, 266, 289, 268, 73, 4, 0, 84, 376, 349, 186, 29, 0, 0, 0
253, 292, 200, 147, 82, 42, 8, 0, 133, 332, 218, 166, 129, 46, 0, 0, 355, 325, 171, 107, 52, 14, 0, 0
244, 354, 199, 138, 79, 10, 0, 0, 100, 345, 277, 149, 118, 34, 1, 0, 418, 322, 182, 82, 19, 1, 0, 0
244, 469, 177, 82, 46, 6, 0, 0, 61, 486, 294, 88, 79, 16, 0, 0, 434, 397, 116, 63, 14, 0, 0, 0
257, 351, 224, 141, 48, 3, 0, 0, 118, 368, 266, 175, 86, 11, 0, 0, 435, 330, 199, 51, 9, 0, 0, 0
194, 290, 211, 251, 77, 1, 0, 0, 70, 328, 213, 221, 179, 13, 0, 0, 378, 288, 291, 66, 1, 0, 0, 0
290, 393, 164, 97, 72, 8, 0, 0, 251, 393, 168, 88, 76, 46, 2, 0, 368, 401, 147, 82, 25, 1, 0, 0
234, 254, 204, 225, 98, 9, 0, 0, 145, 216, 230, 224, 179, 30, 0, 0, 296, 321, 254, 138, 15, 0, 0, 0
193, 300, 211, 195, 104, 20, 1, 0, 102, 281, 230, 195, 171, 41, 4, 0, 333, 303, 227, 127, 31, 3, 0, 0
188, 247, 240, 213, 105, 31, 0, 0, 113, 180, 257, 243, 148, 75, 8, 0, 317, 297, 251, 111, 43, 5, 0, 0
111, 286, 259, 212, 143, 13, 0, 0, 12, 194, 326, 223, 204, 63, 2, 0, 211, 342, 258, 179, 32, 2, 0, 0
56, 189, 403, 257, 94, 25, 0, 0, 9, 120, 276, 385, 168, 61, 5, 0, 165, 389, 322, 113, 35, 0, 0, 0
69, 282, 289, 281, 98, 5, 0, 0, 4, 173, 304, 315, 192, 35, 1, 0, 238, 313, 337, 120, 16, 0, 0, 0
102, 362, 234, 135, 63, 46, 27, 55, 22, 275, 345, 183, 117, 61, 21, 0, 324, 349, 175, 101, 59, 16, 0, 0
19, 237, 292, 111, 31, 39, 74, 221, 25, 243, 398, 250, 78, 26, 4, 0, 208, 440, 249, 98, 24, 5, 0, 0
0, 0, 0, 0, 1024, 0, 0, 0, 0, 0, 0, 0, 0, 1024, 0, 0, 0, 0, 0, 0, 0, 0, 0, 1024
0, 0, 0, 0, 1024, 0, 0, 0, 0, 0, 0, 0, 0, 1024, 0, 0, 0, 0, 0, 0, 0, 0, 0, 1024
0, 0, 0, 0, 1024, 0, 0, 0, 0, 0, 0, 0, 0, 1024, 0, 0, 0, 0, 0, 0, 0, 0, 0, 1024
0, 0, 0, 0, 1024, 0, 0, 0, 0, 0, 0, 0, 0, 520, 504, 0, 0, 0, 0, 0, 0, 0, 0, 1024
4, 16, 68, 223, 663, 50, 0, 0, 0, 6, 46, 143, 227, 285, 317, 0, 0, 8, 117, 213, 92, 51, 55, 488
6, 68, 284, 429, 214, 23, 0, 0, 1, 47, 208, 424, 313, 31, 0, 0, 0, 60, 427, 424, 106, 7, 0, 0
23, 203, 225, 335, 199, 39, 0, 0, 5, 166, 181, 315, 265, 90, 2, 0, 43, 287, 418, 230, 46, 0, 0, 0
5, 126, 320, 284, 221, 67, 1, 0, 2, 32, 305, 289, 278, 111, 7, 0, 66, 364, 286, 233, 74, 1, 0, 0
8, 159, 273, 325, 236, 23, 0, 0, 2, 43, 289, 300, 319, 71, 0, 0, 50, 329, 383, 227, 35, 0, 0, 0
8, 169, 284, 324, 216, 23, 0, 0, 0, 70, 279, 322, 255, 93, 5, 0, 82, 334, 378, 199, 31, 0, 0, 0
5, 65, 239, 437, 233, 44, 1, 0, 2, 33, 154, 344, 368, 113, 10, 0, 36, 212, 464, 255, 55, 2, 0, 0
5, 118, 313, 318, 246, 23, 1, 0, 4, 57, 249, 330, 313, 70, 1, 0, 65, 290, 412, 239, 18, 0, 0, 0
28, 144, 338, 352, 143, 19, 0, 0, 22, 89, 272, 397, 206, 36, 2, 0, 79, 333, 405, 181, 25, 1, 0, 0
28, 124, 317, 384, 162, 9, 0, 0, 29, 112, 264, 341, 232, 46, 0, 0, 99, 330, 417, 166, 11, 1, 0, 0
23, 143, 211, 352, 235, 59, 1, 0, 5, 123, 171, 343, 279, 101, 2, 0, 119, 228, 369, 225, 80, 3, 0, 0
4, 113, 242, 390, 240, 34, 1, 0, 4, 60, 201, 347, 327, 82, 3, 0, 37, 212, 370, 334, 67, 4, 0, 0
2, 49, 212, 413, 316, 32, 0, 0, 0, 27, 123, 331, 433, 108, 2, 0, 18, 129, 379, 404, 91, 3, 0, 0
1, 14, 102, 374, 484, 47, 2, 0, 0, 4, 34, 202, 532, 246, 6, 0, 2, 83, 346, 494, 97, 2, 0, 0
0, 2, 33, 228, 546, 212, 3, 0, 0, 0, 7, 103, 428, 462, 24, 0, 2, 28, 231, 539, 219, 5, 0, 0
1, 56, 209, 303, 379, 76, 0, 0, 0, 24, 151, 233, 385, 219, 12, 0, 25, 182, 320, 419, 78, 0, 0, 0
3, 54, 222, 351, 333, 61, 0, 0, 0, 26, 143, 286, 339, 222, 8, 0, 36, 184, 349, 370, 84, 1, 0, 0
19, 98, 315, 414, 149, 29, 0, 0, 17, 54, 218, 383, 289, 59, 4, 0, 65, 309, 462, 159, 29, 0, 0, 0
14, 159, 313, 253, 200, 35, 23, 27, 7, 96, 318, 275, 254, 60, 14, 0, 83, 318, 340, 221, 44, 18, 0, 0
17, 122, 236, 243, 140, 56, 63, 147, 6, 118, 271, 330, 229, 61, 9, 0, 102, 260, 349, 228, 71, 14, 0, 0
0, 0, 0, 0, 1024, 0, 0, 0, 0, 0, 0, 0, 0, 1024, 0, 0, 0, 0, 0, 0, 0, 0, 0, 1024
0, 0, 0, 0, 1024, 0, 0, 0, 0, 0, 0, 0, 0, 1024, 0, 0, 0, 0, 0, 0, 0, 0, 0, 1024
0, 0, 0, 0, 1024, 0, 0, 0, 0, 0, 0, 0, 0, 1002, 22, 0, 0, 0, 0, 0, 0, 0, 0, 1024
0, 8, 46, 74, 888, 8, 0, 0, 0, 0, 9, 56, 62, 314, 583, 0, 0, 0, 0, 14, 39, 45, 59, 867
0, 69, 318, 389, 233, 15, 0, 0, 0, 15, 200, 364, 265, 140, 40, 0, 0, 103, 350, 240, 104, 59, 52, 116
5, 146, 356, 335, 124, 54, 4, 0, 0, 43, 344, 372, 195, 67, 3, 0, 9, 238, 398, 243, 92, 40, 4, 0
3, 85, 222, 308, 352, 54, 0, 0, 0, 42, 193, 255, 387, 145, 2, 0, 30, 175, 391, 375, 51, 2, 0, 0
3, 70, 269, 392, 272, 18, 0, 0, 0, 27, 198, 348, 381, 70, 0, 0, 29, 267, 425, 282, 21, 0, 0, 0
12, 125, 437, 373, 76, 1, 0, 0, 4, 59, 306, 447, 196, 12, 0, 0, 72, 427, 444, 80, 1, 0, 0, 0
8, 191, 495, 285, 45, 0, 0, 0, 5, 94, 419, 384, 120, 2, 0, 0, 67, 457, 416, 81, 3, 0, 0, 0
28, 149, 340, 320, 174, 13, 0, 0, 21, 102, 314, 298, 253, 36, 0, 0, 76, 334, 419, 176, 16, 3, 0, 0
2, 67, 275, 376, 277, 27, 0, 0, 0, 38, 187, 318, 386, 94, 1, 0, 34, 251, 430, 282, 27, 0, 0, 0
31, 120, 253, 392, 191, 34, 3, 0, 19, 86, 187, 354, 301, 69, 8, 0, 84, 241, 398, 249, 43, 9, 0, 0
30, 225, 388, 273, 94, 14, 0, 0, 7, 130, 345, 333, 177, 32, 0, 0, 105, 383, 387, 120, 26, 3, 0, 0
58, 260, 315, 304, 82, 5, 0, 0, 17, 185, 359, 305, 142, 15, 1, 0, 139, 367, 364, 143, 11, 0, 0, 0
157, 345, 220, 187, 108, 7, 0, 0, 65, 334, 247, 184, 154, 38, 2, 0, 227, 392, 217, 162, 25, 1, 0, 0
71, 109, 322, 314, 189, 19, 0, 0, 46, 90, 220, 330, 270, 68, 0, 0, 85, 193, 388, 280, 77, 1, 0, 0
142, 326, 340, 189, 27, 0, 0, 0, 44, 287, 359, 264, 64, 6, 0, 0, 178, 414, 346, 85, 1, 0, 0, 0
328, 126, 129, 246, 182, 13, 0, 0, 183, 253, 85, 175, 247, 81, 0, 0, 322, 199, 252, 232, 19, 0, 0, 0
20, 56, 221, 448, 237, 42, 0, 0, 13, 45, 113, 335, 389, 123, 6, 0, 29, 176, 449, 311, 58, 1, 0, 0
0, 8, 74, 352, 527, 63, 0, 0, 0, 3, 25, 193, 492, 303, 8, 0, 5, 46, 298, 556, 117, 2, 0, 0
3, 45, 212, 327, 314, 120, 3, 0, 0, 21, 129, 264, 355, 242, 13, 0, 22, 153, 318, 384, 144, 3, 0, 0
0, 25, 136, 349, 360, 64, 37, 53, 0, 18, 95, 304, 426, 168, 13, 0, 27, 154, 420, 355, 58, 10, 0, 0
2, 65, 220, 272, 180, 62, 73, 150, 3, 91, 233, 350, 241, 96, 10, 0, 64, 248, 372, 264, 68, 8, 0, 0
0, 0, 0, 0, 1024, 0, 0, 0, 0, 0, 0, 0, 0, 1024, 0, 0, 0, 0, 0, 0, 0, 0, 0, 1024
0, 0, 0, 0, 1024, 0, 0, 0, 0, 0, 0, 0, 0, 1024, 0, 0, 0, 0, 0, 0, 0, 0, 0, 1024
0, 0, 0, 0, 1024, 0, 0, 0, 0, 0, 0, 0, 0, 1024, 0, 0, 0, 0, 0, 0, 0, 0, 0, 1024
0, 0, 39, 149, 780, 56, 0, 0, 0, 0, 11, 76, 220, 510, 207, 0, 0, 0, 5, 82, 187, 140, 95, 515
0, 5, 112, 383, 468, 56, 0, 0, 0, 2, 56, 304, 464, 196, 2, 0, 3, 62, 311, 461, 146, 30, 8, 3
5, 36, 284, 373, 275, 50, 1, 0, 3, 18, 198, 400, 290, 110, 5, 0, 8, 176, 498, 292, 49, 1, 0, 0
17, 129, 261, 362, 233, 22, 0, 0, 9, 78, 242, 356, 297, 42, 0, 0, 69, 248, 440, 239, 28, 0, 0, 0
30, 191, 348, 286, 145, 24, 0, 0, 15, 116, 323, 305, 199, 65, 1, 0, 93, 392, 390, 134, 15, 0, 0, 0
220, 293, 147, 171, 184, 9, 0, 0, 132, 320, 179, 123, 219, 51, 0, 0, 284, 335, 214, 178, 13, 0, 0, 0
205, 101, 187, 341, 182, 8, 0, 0, 224, 78, 102, 302, 277, 41, 0, 0, 186, 268, 378, 177, 15, 0, 0, 0
22, 78, 174, 383, 226, 113, 26, 2, 29, 54, 141, 338, 342, 108, 12, 0, 42, 169, 389, 250, 124, 48, 2, 0
71, 99, 203, 368, 212, 51, 19, 1, 95, 82, 161, 309, 293, 73, 11, 0, 121, 167, 433, 225, 57, 16, 5, 0
386, 103, 100, 232, 194, 9, 0, 0, 375, 103, 76, 183, 231, 56, 0, 0, 404, 139, 255, 216, 10, 0, 0, 0
321, 70, 214, 314, 100, 5, 0, 0, 307, 55, 126, 311, 197, 28, 0, 0, 342, 202, 344, 120, 16, 0, 0, 0
207, 295, 276, 182, 60, 4, 0, 0, 137, 251, 286, 219, 100, 30, 1, 0, 333, 330, 263, 93, 4, 1, 0, 0
146, 485, 277, 99, 17, 0, 0, 0, 30, 375, 414, 167, 37, 1, 0, 0, 322, 462, 196, 39, 5, 0, 0, 0
214, 549, 230, 30, 1, 0, 0, 0, 95, 539, 331, 55, 4, 0, 0, 0, 319, 533, 156, 16, 0, 0, 0, 0
250, 357, 199, 88, 85, 36, 8, 1, 204, 368, 258, 116, 61, 15, 2, 0, 312, 365, 189, 99, 48, 9, 2, 0
282, 503, 204, 34, 1, 0, 0, 0, 166, 521, 281, 54, 2, 0, 0, 0, 266, 547, 190, 21, 0, 0, 0, 0
223, 252, 268, 209, 71, 1, 0, 0, 184, 264, 229, 232, 98, 17, 0, 0, 273, 315, 280, 141, 15, 0, 0, 0
46, 135, 328, 433, 77, 5, 0, 0, 28, 90, 224, 374, 304, 4, 0, 0, 83, 252, 454, 224, 11, 0, 0, 0
56, 343, 399, 141, 80, 5, 0, 0, 17, 153, 423, 284, 98, 49, 0, 0, 165, 460, 288, 103, 8, 0, 0, 0
107, 282, 182, 158, 159, 46, 30, 60, 32, 216, 290, 169, 192, 108, 17, 0, 207, 314, 190, 212, 77, 24, 0, 0
107, 125, 137, 136, 123, 52, 88, 256, 83, 224, 229, 268, 142, 73, 5, 0, 239, 243, 282, 183, 60, 17, 0, 0
0, 0, 0, 16, 1008, 0, 0, 0, 0, 0, 0, 0, 0, 1024, 0, 0, 0, 0, 0, 0, 0, 0, 0, 1024
0, 0, 0, 0, 1024, 0, 0, 0, 0, 0, 0, 0, 0, 1024, 0, 0, 0, 0, 0, 0, 0, 0, 0, 1024
0, 0, 0, 0, 1024, 0, 0, 0, 0, 0, 0, 0, 0, 1024, 0, 0, 0, 0, 0, 0, 0, 0, 0, 1024
0, 0, 0, 0, 1024, 0, 0, 0, 0, 0, 0, 0, 0, 277, 747, 0, 0, 0, 0, 0, 0, 0, 0, 1024
0, 4, 44, 188, 699, 89, 0, 0, 0, 0, 26, 115, 270, 343, 270, 0, 0, 23, 109, 271, 133, 59, 78, 351
0, 11, 132, 411, 353, 115, 2, 0, 0, 2, 67, 343, 393, 213, 6, 0, 3, 102, 468, 385, 62, 4, 0, 0
2, 49, 252, 482, 216, 23, 0, 0, 0, 27, 147, 446, 332, 70, 2, 0, 41, 273, 510, 183, 17, 0, 0, 0
1, 110, 524, 290, 95, 4, 0, 0, 0, 41, 461, 334, 175, 13, 0, 0, 74, 532, 336, 80, 2, 0, 0, 0
71, 370, 428, 135, 20, 0, 0, 0, 10, 252, 495, 219, 44, 4, 0, 0, 279, 551, 171, 21, 2, 0, 0, 0
303, 450, 209, 48, 14, 0, 0, 0, 271, 378, 273, 86, 15, 1, 0, 0, 451, 417, 125, 30, 1, 0, 0, 0
71, 326, 214, 186, 181, 41, 5, 0, 90, 274, 210, 158, 223, 66, 3, 0, 131, 382, 271, 163, 67, 10, 0, 0
37, 198, 323, 321, 132, 13, 0, 0, 26, 111, 302, 324, 217, 44, 0, 0, 139, 372, 350, 145, 17, 1, 0, 0
75, 245, 370, 279, 50, 5, 0, 0, 46, 159, 333, 338, 137, 11, 0, 0, 182, 423, 327, 82, 10, 0, 0, 0
290, 237, 231, 209, 54, 3, 0, 0, 230, 226, 203, 224, 127, 12, 2, 0, 392, 334, 231, 64, 3, 0, 0, 0
231, 343, 304, 136, 10, 0, 0, 0, 153, 252, 358, 207, 50, 4, 0, 0, 385, 431, 181, 26, 1, 0, 0, 0
94, 255, 469, 186, 20, 0, 0, 0, 62, 178, 387, 334, 62, 1, 0, 0, 159, 489, 332, 42, 2, 0, 0, 0
129, 294, 255, 144, 82, 103, 16, 1, 101, 285, 275, 181, 140, 39, 3, 0, 233, 360, 198, 116, 98, 16, 3, 0
80, 258, 285, 179, 127, 87, 8, 0, 98, 241, 305, 212, 135, 31, 2, 0, 181, 323, 246, 130, 120, 23, 1, 0
208, 254, 295, 216, 44, 7, 0, 0, 189, 228, 242, 249, 97, 19, 0, 0, 256, 318, 321, 109, 20, 0, 0, 0
221, 204, 255, 240, 88, 13, 3, 0, 199, 174, 206, 218, 203, 24, 0, 0, 258, 287, 280, 181, 15, 3, 0, 0
117, 311, 390, 154, 44, 8, 0, 0, 19, 240, 428, 260, 62, 14, 1, 0, 195, 432, 289, 84, 21, 3, 0, 0
412, 335, 238, 35, 4, 0, 0, 0, 75, 501, 305, 126, 17, 0, 0, 0, 486, 393, 132, 13, 0, 0, 0, 0
161, 311, 265, 118, 40, 20, 31, 78, 88, 249, 362, 174, 95, 45, 11, 0, 289, 388, 204, 90, 31, 20, 2, 0
318, 216, 112, 64, 32, 32, 62, 188, 169, 356, 245, 119, 86, 42, 7, 0, 425, 261, 181, 93, 44, 19, 1, 0
0, 0, 0, 0, 1024, 0, 0, 0, 0, 0, 0, 0, 0, 1024, 0, 0, 0, 0, 0, 0, 0, 0, 0, 1024
0, 0, 0, 0, 1024, 0, 0, 0, 0, 0, 0, 0, 0, 1024, 0, 0, 0, 0, 0, 0, 0, 0, 0, 1024
0, 0, 0, 0, 1024, 0, 0, 0, 0, 0, 0, 0, 0, 1024, 0, 0, 0, 0, 0, 0, 0, 0, 0, 1024
0, 0, 2, 5, 1016, 1, 0, 0, 0, 0, 0, 1, 4, 220, 799, 0, 0, 0, 0, 0, 1, 2, 3, 1018
4, 239, 311, 266, 167, 37, 0, 0, 0, 70, 350, 277, 168, 103, 56, 0, 1, 58, 346, 268, 123, 63, 57, 108
2, 105, 202, 308, 352, 55, 0, 0, 0, 63, 159, 263, 368, 169, 2, 0, 9, 136, 443, 368, 68, 0, 0, 0
0, 25, 167, 475, 340, 17, 0, 0, 0, 5, 109, 350, 486, 73, 1, 0, 14, 197, 560, 241, 12, 0, 0, 0
1, 13, 131, 527, 337, 15, 0, 0, 0, 6, 56, 395, 477, 90, 0, 0, 17, 221, 565, 217, 4, 0, 0, 0
21, 193, 336, 358, 110, 6, 0, 0, 8, 111, 309, 346, 224, 26, 0, 0, 113, 409, 405, 96, 1, 0, 0, 0
280, 507, 199, 37, 1, 0, 0, 0, 152, 487, 315, 67, 3, 0, 0, 0, 449, 465, 90, 19, 1, 0, 0, 0
151, 491, 224, 81, 48, 20, 9, 0, 143, 464, 278, 82, 35, 20, 2, 0, 223, 478, 190, 79, 37, 15, 2, 0
262, 334, 183, 130, 100, 15, 0, 0, 173, 415, 198, 116, 90, 32, 0, 0, 322, 335, 217, 127, 23, 0, 0, 0
202, 252, 181, 230, 150, 9, 0, 0, 80, 302, 192, 201, 212, 37, 0, 0, 320, 294, 277, 125, 8, 0, 0, 0
122, 146, 280, 323, 147, 6, 0, 0, 108, 128, 192, 319, 244, 33, 0, 0, 211, 292, 385, 134, 2, 0, 0, 0
115, 206, 282, 340, 78, 3, 0, 0, 65, 155, 270, 305, 207, 22, 0, 0, 207, 327, 401, 88, 1, 0, 0, 0
168, 242, 317, 214, 79, 4, 0, 0, 130, 199, 308, 237, 137, 13, 0, 0, 287, 371, 291, 68, 7, 0, 0, 0
24, 154, 280, 364, 177, 24, 1, 0, 22, 121, 267, 364, 210, 40, 0, 0, 76, 271, 432, 204, 37, 4, 0, 0
39, 166, 346, 338, 128, 7, 0, 0, 37, 156, 358, 308, 159, 6, 0, 0, 80, 307, 449, 167, 21, 0, 0, 0
31, 132, 336, 324, 189, 12, 0, 0, 35, 126, 248, 298, 272, 43, 2, 0, 84, 265, 381, 261, 33, 0, 0, 0
10, 139, 340, 415, 117, 3, 0, 0, 3, 41, 237, 401, 307, 35, 0, 0, 43, 283, 474, 212, 12, 0, 0, 0
109, 234, 415, 234, 30, 2, 0, 0, 32, 205, 309, 343, 122, 12, 1, 0, 167, 336, 400, 110, 10, 1, 0, 0
246, 329, 329, 109, 11, 0, 0, 0, 54, 327, 357, 230, 54, 2, 0, 0, 298, 398, 262, 66, 0, 0, 0, 0
265, 330, 135, 114, 70, 17, 29, 64, 50, 444, 235, 126, 117, 42, 10, 0, 382, 331, 132, 114, 51, 14, 0, 0
15, 157, 253, 235, 69, 24, 71, 200, 17, 163, 334, 310, 161, 37, 2, 0, 112, 380, 324, 158, 45, 5, 0, 0
0, 0, 0, 0, 1024, 0, 0, 0, 0, 0, 0, 0, 0, 1024, 0, 0, 0, 0, 0, 0, 0, 0, 0, 1024
0, 0, 0, 0, 1024, 0, 0, 0, 0, 0, 0, 0, 0, 1024, 0, 0, 0, 0, 0, 0, 0, 0, 0, 1024
0, 0, 0, 0, 1024, 0, 0, 0, 0, 0, 0, 0, 0, 1024, 0, 0, 0, 0, 0, 0, 0, 0, 0, 1024
0, 1, 30, 90, 903, 0, 0, 0, 0, 0, 8, 46, 67, 423, 480, 0, 0, 0, 1, 32, 46, 38, 36, 871
0, 50, 310, 552, 103, 9, 0, 0, 0, 5, 149, 482, 341, 41, 6, 0, 0, 18, 307, 474, 133, 45, 24, 23
1, 24, 238, 451, 270, 40, 0, 0, 0, 14, 137, 381, 403, 89, 0, 0, 9, 107, 458, 391, 57, 2, 0, 0
1, 61, 222, 362, 345, 33, 0, 0, 0, 19, 143, 343, 403, 111, 5, 0, 26, 238, 411, 315, 34, 0, 0, 0
15, 213, 270, 362, 149, 15, 0, 0, 1, 126, 251, 354, 245, 47, 0, 0, 102, 356, 391, 158, 17, 0, 0, 0
62, 180, 243, 327, 201, 11, 0, 0, 29, 129, 216, 311, 290, 49, 0, 0, 176, 287, 406, 149, 6, 0, 0, 0
301, 331, 255, 111, 17, 9, 0, 0, 211, 330, 287, 157, 31, 8, 0, 0, 358, 408, 201, 42, 13, 2, 0, 0
166, 439, 244, 141, 29, 5, 0, 0, 76, 442, 285, 169, 45, 7, 0, 0, 348, 425, 195, 49, 3, 4, 0, 0
99, 323, 244, 202, 153, 3, 0, 0, 11, 312, 205, 245, 207, 44, 0, 0, 268, 327, 257, 168, 4, 0, 0, 0
32, 233, 361, 330, 68, 0, 0, 0, 2, 106, 327, 398, 170, 21, 0, 0, 96, 405, 423, 98, 2, 0, 0, 0
57, 181, 423, 311, 52, 0, 0, 0, 35, 89, 345, 429, 119, 7, 0, 0, 94, 390, 453, 86, 1, 0, 0, 0
119, 360, 340, 178, 27, 0, 0, 0, 91, 276, 379, 217, 56, 5, 0, 0, 238, 428, 286, 66, 6, 0, 0, 0
385, 256, 228, 112, 42, 1, 0, 0, 367, 260, 184, 141, 63, 9, 0, 0, 380, 352, 198, 85, 9, 0, 0, 0
407, 417, 138, 51, 10, 1, 0, 0, 186, 515, 221, 77, 21, 4, 0, 0, 494, 385, 116, 23, 6, 0, 0, 0
58, 272, 415, 229, 42, 8, 0, 0, 20, 250, 393, 273, 64, 23, 1, 0, 162, 460, 314, 66, 21, 1, 0, 0
43, 186, 322, 386, 84, 3, 0, 0, 18, 141, 261, 339, 240, 25, 0, 0, 112, 329, 413, 154, 16, 0, 0, 0
139, 355, 320, 180, 28, 2, 0, 0, 29, 278, 347, 285, 75, 10, 0, 0, 237, 421, 301, 53, 12, 0, 0, 0
79, 295, 429, 207, 14, 0, 0, 0, 21, 143, 395, 354, 110, 1, 0, 0, 193, 456, 322, 53, 0, 0, 0, 0
46, 225, 484, 259, 10, 0, 0, 0, 10, 100, 385, 411, 116, 2, 0, 0, 119, 462, 391, 51, 1, 0, 0, 0
167, 320, 298, 144, 14, 11, 27, 43, 21, 266, 328, 299, 82, 16, 12, 0, 295, 421, 229, 52, 13, 14, 0, 0
147, 276, 232, 65, 19, 28, 68, 189, 72, 313, 319, 202, 81, 30, 7, 0, 288, 356, 241, 93, 39, 7, 0, 0
0, 0, 0, 0, 1024, 0, 0, 0, 0, 0, 0, 0, 0, 1024, 0, 0, 0, 0, 0, 0, 0, 0, 0, 1024
0, 0, 0, 0, 1024, 0, 0, 0, 0, 0, 0, 0, 0, 1024, 0, 0, 0, 0, 0, 0, 0, 0, 0, 1024
0, 0, 0, 0, 1024, 0, 0, 0, 0, 0, 0, 0, 0, 992, 32, 0, 0, 0, 0, 0, 0, 0, 0, 1024
0, 0, 0, 5, 1019, 0, 0, 0, 0, 0, 0, 0, 5, 236, 783, 0, 0, 0, 0, 0, 2, 3, 8, 1011
0, 9, 153, 368, 469, 25, 0, 0, 0, 0, 44, 296, 360, 200, 124, 0, 1, 9, 143, 297, 206, 92, 57, 219
2, 79, 448, 343, 139, 13, 0, 0, 0, 27, 335, 409, 220, 30, 3, 0, 18, 302, 469, 181, 37, 11, 2, 4
25, 357, 401, 187, 52, 2, 0, 0, 6, 180, 450, 277, 96, 15, 0, 0, 129, 546, 275, 72, 2, 0, 0, 0
10, 326, 440, 214, 31, 3, 0, 0, 0, 134, 500, 288, 94, 7, 1, 0, 152, 551, 282, 37, 1, 1, 0, 0
184, 499, 267, 53, 15, 6, 0, 0, 46, 427, 388, 127, 21, 13, 2, 0, 446, 433, 115, 23, 7, 0, 0, 0
365, 367, 170, 80, 37, 5, 0, 0, 174, 459, 242, 89, 42, 18, 0, 0, 498, 348, 128, 45, 5, 0, 0, 0
49, 167, 374, 334, 94, 5, 1, 0, 39, 96, 318, 385, 169, 16, 1, 0, 135, 407, 375, 99, 7, 1, 0, 0
115, 306, 256, 233, 109, 5, 0, 0, 74, 233, 272, 239, 175, 31, 0, 0, 234, 434, 252, 98, 6, 0, 0, 0
0, 9, 187, 439, 383, 6, 0, 0, 0, 0, 106, 292, 542, 84, 0, 0, 1, 162, 440, 408, 13, 0, 0, 0
10, 164, 482, 313, 50, 5, 0, 0, 0, 67, 399, 405, 143, 10, 0, 0, 52, 430, 452, 85, 5, 0, 0, 0
9, 119, 396, 392, 100, 8, 0, 0, 3, 53, 337, 447, 172, 12, 0, 0, 47, 329, 505, 129, 14, 0, 0, 0
111, 341, 308, 216, 47, 1, 0, 0, 42, 299, 376, 238, 65, 4, 0, 0, 230, 373, 298, 117, 6, 0, 0, 0
117, 247, 294, 259, 106, 1, 0, 0, 16, 251, 306, 259, 177, 15, 0, 0, 230, 306, 290, 178, 19, 1, 0, 0
42, 225, 305, 322, 123, 7, 0, 0, 4, 158, 287, 335, 191, 48, 1, 0, 158, 300, 350, 198, 18, 0, 0, 0
58, 135, 369, 382, 79, 1, 0, 0, 18, 118, 250, 367, 258, 13, 0, 0, 120, 314, 450, 139, 1, 0, 0, 0
24, 175, 358, 376, 89, 2, 0, 0, 8, 79, 252, 401, 262, 22, 0, 0, 120, 317, 463, 120, 4, 0, 0, 0
25, 231, 419, 297, 52, 0, 0, 0, 14, 100, 356, 367, 178, 9, 0, 0, 106, 416, 397, 94, 11, 0, 0, 0
128, 296, 405, 167, 28, 0, 0, 0, 40, 222, 337, 337, 85, 3, 0, 0, 231, 471, 269, 47, 6, 0, 0, 0
532, 279, 108, 17, 7, 9, 18, 54, 384, 345, 177, 70, 28, 16, 4, 0, 626, 275, 67, 32, 10, 14, 0, 0
365, 241, 145, 48, 18, 29, 52, 126, 297, 316, 194, 131, 77, 9, 0, 0, 496, 277, 157, 77, 17, 0, 0, 0
