0, 10, 149, 269, 159, 146, 151, 140, 0, 2, 77, 277, 166, 143, 168, 191, 0, 0, 71, 248, 164, 143, 161, 237
0, 1, 24, 71, 102, 118, 180, 528, 0, 0, 13, 49, 90, 121, 161, 590, 0, 0, 11, 34, 80, 104, 131, 664
0, 0, 2, 5, 7, 12, 13, 985, 0, 0, 1, 4, 8, 8, 15, 988, 0, 0, 1, 3, 4, 9, 11, 996
0, 0, 0, 1, 4, 5, 2, 1012, 0, 0, 0, 0, 4, 3, 5, 1012, 0, 0, 0, 0, 5, 2, 5, 1012
0, 0, 0, 0, 8, 5, 8, 1003, 0, 0, 0, 0, 4, 7, 9, 1004, 0, 0, 0, 0, 8, 4, 9, 1003
0, 0, 0, 0, 0, 0, 1, 1023, 0, 0, 0, 0, 0, 0, 1, 1023, 0, 0, 0, 0, 0, 0, 1, 1023
0, 0, 44, 108, 82, 34, 76, 680, 0, 0, 25, 88, 101, 40, 69, 701, 0, 0, 33, 81, 99, 46, 56, 709
0, 41, 423, 364, 122, 18, 20, 36, 0, 9, 303, 432, 181, 39, 17, 43, 0, 31, 344, 402, 146, 43, 19, 39
0, 25, 313, 436, 175, 56, 14, 5, 0, 10, 200, 462, 233, 81, 32, 6, 0, 22, 264, 403, 204, 86, 32, 13
0, 7, 98, 353, 400, 138, 25, 3, 0, 2, 65, 286, 401, 215, 52, 3, 0, 4, 70, 259, 390, 215, 77, 9
0, 30, 211, 429, 278, 74, 2, 0, 0, 16, 140, 409, 292, 158, 9, 0, 0, 22, 145, 383, 292, 161, 21, 0
6, 39, 197, 500, 239, 43, 0, 0, 1, 32, 111, 484, 319, 77, 0, 0, 5, 34, 115, 432, 317, 115, 6, 0
0, 69, 266, 367, 228, 88, 5, 1, 0, 46, 175, 380, 276, 137, 9, 1, 0, 42, 200, 339, 266, 135, 35, 7
5, 105, 473, 298, 98, 43, 2, 0, 6, 57, 403, 361, 137, 54, 6, 0, 5, 83, 398, 325, 129, 72, 12, 0
15, 146, 515, 307, 41, 0, 0, 0, 9, 106, 442, 397, 68, 2, 0, 0, 14, 100, 435, 403, 67, 5, 0, 0
29, 268, 502, 185, 40, 0, 0, 0, 32, 210, 471, 244, 62, 5, 0, 0, 27, 213, 466, 241, 70, 7, 0, 0
1, 85, 390, 327, 197, 24, 0, 0, 0, 45, 316, 369, 224, 69, 1, 0, 1, 66, 310, 350, 198, 95, 4, 0
5, 456, 456, 94, 13, 0, 0, 0, 10, 465, 413, 114, 22, 0, 0, 0, 10, 426, 437, 123, 28, 0, 0, 0
3, 488, 292, 104, 82, 43, 11, 1, 5, 487, 284, 101, 80, 46, 18, 3, 22, 424, 293, 118, 86, 51, 18, 12
0, 377, 138, 92, 90, 159, 168, 0, 3, 354, 152, 95, 69, 95, 229, 27, 0, 302, 218, 57, 75, 108, 143, 121
0, 37, 26, 101, 85, 82, 693, 0, 0, 26, 55, 126, 37, 42, 703, 35, 0, 35, 76, 100, 36, 26, 242, 509
0, 0, 8, 9, 14, 9, 984, 0, 0, 0, 7, 16, 6, 4, 886, 105, 0, 5, 14, 5, 7, 6, 32, 955
0, 0, 0, 0, 0, 0, 1024, 0, 0, 0, 0, 0, 0, 0, 1024, 0, 0, 0, 0, 0, 0, 0, 0, 1024
0, 0, 0, 0, 0, 0, 1024, 0, 0, 0, 0, 0, 0, 0, 1007, 17, 0, 0, 0, 0, 0, 0, 0, 1024
0, 14, 267, 329, 133, 122, 81, 78, 0, 0, 156, 386, 162, 124, 94, 102, 0, 0, 154, 364, 156, 109, 109, 132
0, 0, 32, 51, 49, 70, 86, 736, 0, 0, 8, 49, 54, 57, 82, 774, 0, 0, 21, 44, 49, 48, 76, 786
0, 4, 126, 97, 60, 85, 118, 534, 0, 0, 93, 105, 62, 87, 92, 585, 0, 0, 115, 89, 56, 76, 90, 598
0, 2, 123, 210, 125, 102, 117, 345, 0, 0, 74, 199, 159, 101, 107, 384, 0, 0, 86, 188, 145, 96, 101, 408
0, 1, 56, 210, 150, 95, 92, 420, 0, 0, 23, 171, 192, 98, 95, 445, 0, 0, 19, 190, 159, 89, 90, 477
0, 0, 66, 157, 92, 94, 94, 521, 0, 0, 32, 145, 112, 83, 102, 550, 0, 0, 53, 142, 99, 86, 91, 553
0, 24, 255, 428, 154, 105, 37, 21, 0, 14, 169, 436, 205, 114, 56, 30, 0, 22, 200, 400, 207, 111, 50, 34
0, 171, 592, 173, 38, 25, 9, 16, 0, 94, 586, 245, 37, 31, 13, 18, 0, 145, 559, 208, 53, 21, 20, 18
1, 135, 508, 280, 88, 12, 0, 0, 0, 70, 475, 348, 111, 20, 0, 0, 0, 102, 472, 288, 125, 30, 7, 0
1, 29, 125, 409, 318, 124, 17, 1, 0, 12, 105, 343, 353, 182, 28, 1, 0, 23, 98, 326, 317, 202, 55, 3
1, 106, 354, 330, 165, 65, 3, 0, 0, 78, 315, 359, 188, 80, 4, 0, 1, 73, 295, 337, 197, 98, 23, 0
0, 104, 286, 243, 265, 118, 8, 0, 1, 73, 275, 215, 283, 152, 25, 0, 0, 73, 256, 218, 245, 184, 48, 0
0, 98, 212, 324, 293, 93, 4, 0, 0, 69, 202, 301, 297, 145, 9, 1, 0, 80, 179, 274, 273, 173, 45, 0
0, 49, 273, 404, 238, 59, 1, 0, 0, 29, 228, 377, 287, 98, 5, 0, 0, 38, 212, 343, 281, 134, 16, 0
0, 42, 318, 468, 184, 12, 0, 0, 0, 22, 252, 473, 255, 22, 0, 0, 0, 27, 242, 431, 274, 47, 3, 0
2, 185, 418, 301, 113, 5, 0, 0, 2, 186, 389, 288, 145, 14, 0, 0, 1, 156, 377, 296, 164, 30, 0, 0
0, 59, 336, 481, 134, 14, 0, 0, 0, 47, 283, 487, 183, 23, 1, 0, 4, 69, 260, 466, 190, 34, 1, 0
1, 343, 488, 162, 26, 4, 0, 0, 1, 390, 441, 160, 28, 4, 0, 0, 1, 346, 450, 179, 42, 6, 0, 0
0, 312, 336, 281, 69, 16, 8, 2, 0, 357, 267, 284, 87, 19, 5, 5, 12, 261, 308, 298, 103, 24, 14, 4
0, 170, 206, 161, 51, 151, 285, 0, 0, 212, 254, 73, 47, 111, 326, 1, 3, 177, 248, 95, 41, 60, 206, 194
0, 1, 111, 420, 148, 108, 236, 0, 0, 30, 278, 299, 73, 73, 259, 12, 0, 62, 360, 176, 62, 66, 160, 138
0, 0, 27, 151, 48, 19, 779, 0, 0, 3, 79, 124, 17, 11, 774, 16, 0, 6, 153, 55, 14, 19, 28, 749
0, 0, 0, 0, 0, 0, 1024, 0, 0, 0, 0, 0, 0, 0, 1024, 0, 0, 0, 0, 0, 0, 0, 2, 1022
0, 0, 0, 0, 0, 2, 1022, 0, 0, 0, 0, 0, 0, 0, 1021, 3, 0, 0, 0, 0, 0, 0, 7, 1017
0, 147, 565, 235, 46, 23, 7, 1, 0, 43, 513, 369, 64, 25, 6, 4, 0, 54, 482, 366, 80, 26, 10, 6
10, 167, 216, 166, 137, 111, 104, 113, 0, 126, 213, 172, 147, 117, 111, 138, 0, 116, 198, 161, 160, 104, 107, 178
9, 413, 364, 112, 69, 35, 17, 5, 2, 302, 439, 134, 66, 52, 17, 12, 2, 318, 418, 137, 68, 48, 22, 11
0, 107, 600, 196, 73, 34, 11, 3, 0, 62, 569, 247, 87, 40, 14, 5, 0, 64, 551, 237, 94, 37, 30, 11
0, 0, 134, 172, 123, 134, 170, 291, 0, 0, 88, 176, 129, 134, 156, 341, 0, 0, 79, 163, 120, 107, 130, 425
0, 38, 350, 212, 102, 99, 88, 135, 0, 15, 278, 265, 123, 96, 92, 155, 0, 26, 296, 216, 123, 91, 88, 184
3, 105, 360, 220, 149, 120, 51, 16, 2, 75, 321, 243, 160, 124, 77, 22, 1, 72, 302, 237, 144, 123, 96, 49
14, 337, 431, 171, 56, 12, 3, 0, 9, 293, 455, 180, 67, 17, 3, 0, 13, 275, 442, 180, 82, 25, 7, 0
13, 183, 545, 212, 57, 14, 0, 0, 9, 166, 504, 255, 70, 19, 1, 0, 12, 194, 518, 210, 66, 22, 2, 0
0, 17, 338, 517, 126, 23, 3, 0, 0, 4, 260, 548, 177, 28, 7, 0, 0, 18, 263, 508, 185, 35, 13, 2
0, 17, 179, 385, 247, 140, 55, 1, 0, 8, 127, 391, 254, 160, 80, 4, 0, 5, 132, 360, 237, 161, 101, 28
0, 95, 594, 238, 84, 13, 0, 0, 0, 50, 570, 282, 100, 22, 0, 0, 0, 49, 545, 282, 120, 26, 2, 0
0, 48, 375, 323, 182, 89, 7, 0, 0, 29, 339, 344, 198, 89, 25, 0, 0, 45, 319, 331, 197, 94, 38, 0
0, 34, 373, 235, 230, 128, 24, 0, 0, 23, 356, 228, 223, 152, 42, 0, 0, 28, 346, 196, 208, 175, 66, 5
0, 61, 403, 241, 221, 93, 5, 0, 0, 54, 396, 216, 220, 124, 14, 0, 0, 38, 398, 206, 207, 140, 34, 1
0, 14, 331, 320, 272, 84, 3, 0, 0, 12, 304, 309, 276, 114, 9, 0, 0, 17, 308, 287, 248, 132, 31, 1
0, 40, 394, 387, 181, 22, 0, 0, 0, 83, 329, 350, 224, 38, 0, 0, 5, 99, 325, 327, 218, 50, 0, 0
0, 114, 432, 373, 102, 3, 0, 0, 6, 198, 338, 351, 127, 4, 0, 0, 16, 201, 325, 307, 157, 17, 1, 0
3, 67, 300, 426, 141, 75, 12, 0, 10, 128, 249, 366, 175, 79, 17, 0, 21, 140, 250, 332, 166, 77, 36, 2
6, 84, 265, 293, 49, 71, 256, 0, 15, 170, 346, 133, 30, 55, 273, 2, 26, 200, 363, 71, 39, 42, 139, 144
5, 115, 179, 322, 145, 55, 201, 2, 45, 148, 258, 247, 70, 42, 177, 37, 51, 170, 306, 162, 68, 34, 70, 163
84, 189, 175, 168, 66, 51, 291, 0, 159, 175, 186, 99, 64, 43, 264, 34, 137, 199, 206, 71, 70, 43, 38, 260
46, 215, 125, 33, 17, 53, 535, 0, 106, 214, 67, 23, 19, 32, 559, 4, 64, 241, 85, 32, 15, 33, 96, 458
0, 0, 9, 13, 15, 26, 960, 1, 0, 0, 9, 13, 16, 17, 949, 20, 0, 0, 8, 10, 13, 19, 93, 881
4, 178, 396, 219, 95, 88, 36, 8, 0, 115, 353, 287, 105, 91, 57, 16, 0, 123, 342, 260, 108, 94, 69, 28
7, 366, 308, 161, 98, 61, 20, 3, 2, 280, 347, 184, 102, 71, 30, 8, 3, 289, 323, 167, 108, 74, 41, 19
4, 416, 453, 120, 22, 9, 0, 0, 0, 297, 533, 152, 30, 12, 0, 0, 0, 301, 520, 151, 38, 13, 1, 0
0, 46, 372, 269, 163, 106, 61, 7, 0, 21, 306, 321, 168, 121, 66, 21, 0, 27, 294, 285, 165, 127, 82, 44
1, 59, 436, 204, 105, 71, 59, 89, 0, 24, 403, 245, 116, 68, 67, 101, 0, 28, 398, 240, 122, 61, 67, 108
5, 136, 403, 237, 117, 74, 37, 15, 3, 94, 402, 252, 125, 79, 44, 25, 3, 117, 363, 234, 132, 87, 50, 38
3, 98, 288, 220, 144, 109, 78, 84, 2, 121, 267, 199, 133, 125, 74, 103, 5, 143, 231, 178, 128, 119, 89, 131
7, 176, 374, 187, 117, 79, 67, 17, 4, 245, 333, 154, 103, 91, 71, 23, 10, 264, 281, 149, 100, 93, 69, 58
6, 164, 502, 251, 80, 18, 3, 0, 10, 285, 394, 223, 81, 28, 3, 0, 28, 314, 331, 223, 87, 34, 7, 0
0, 137, 394, 266, 116, 86, 25, 0, 20, 293, 238, 213, 123, 97, 36, 4, 50, 317, 188, 203, 104, 100, 53, 9
1, 176, 437, 222, 110, 50, 25, 3, 38, 354, 271, 156, 112, 60, 28, 5, 51, 398, 231, 138, 98, 66, 31, 11
2, 254, 524, 190, 43, 11, 0, 0, 57, 397, 377, 136, 38, 19, 0, 0, 75, 456, 300, 138, 38, 17, 0, 0
3, 269, 492, 222, 30, 8, 0, 0, 83, 438, 350, 113, 30, 9, 1, 0, 127, 475, 288, 99, 25, 7, 3, 0
1, 357, 461, 171, 20, 14, 0, 0, 93, 535, 292, 80, 9, 13, 2, 0, 127, 573, 233, 64, 12, 13, 2, 0
11, 430, 380, 158, 39, 6, 0, 0, 154, 540, 219, 71, 32, 8, 0, 0, 158, 577, 192, 61, 25, 11, 0, 0
8, 649, 264, 90, 12, 1, 0, 0, 291, 526, 161, 37, 8, 1, 0, 0, 243, 597, 150, 27, 6, 1, 0, 0
31, 605, 336, 52, 0, 0, 0, 0, 254, 618, 146, 6, 0, 0, 0, 0, 245, 647, 125, 7, 0, 0, 0, 0
18, 558, 404, 38, 5, 1, 0, 0, 189, 678, 131, 20, 6, 0, 0, 0, 138, 733, 112, 24, 11, 6, 0, 0
12, 556, 324, 44, 29, 12, 30, 17, 235, 592, 95, 19, 29, 15, 21, 18, 154, 642, 109, 19, 17, 32, 8, 43
29, 485, 331, 66, 18, 16, 78, 1, 224, 505, 160, 28, 13, 13, 72, 9, 152, 542, 177, 40, 17, 4, 9, 83
18, 351, 353, 86, 12, 15, 181, 8, 89, 519, 188, 12, 12, 10, 127, 67, 61, 469, 251, 11, 12, 15, 19, 186
25, 327, 416, 35, 2, 22, 196, 1, 120, 526, 150, 7, 1, 21, 176, 23, 42, 484, 239, 25, 9, 4, 7, 214
48, 265, 269, 38, 20, 90, 294, 0, 126, 341, 119, 30, 12, 55, 338, 3, 68, 338, 167, 24, 34, 33, 126, 234
7, 22, 24, 30, 18, 30, 884, 9, 12, 19, 22, 29, 18, 30, 859, 35, 10, 18, 21, 26, 20, 24, 35, 870
2, 79, 437, 194, 97, 90, 67, 58, 1, 186, 347, 150, 95, 94, 74, 77, 4, 220, 327, 112, 87, 98, 82, 94
2, 259, 584, 154, 16, 4, 5, 0, 6, 416, 454, 118, 17, 8, 5, 0, 16, 429, 428, 119, 18, 7, 6, 1
0, 335, 526, 154, 8, 1, 0, 0, 16, 473, 425, 101, 8, 0, 1, 0, 16, 503, 387, 105, 12, 0, 1, 0
2, 328, 411, 173, 45, 21, 20, 24, 35, 490, 255, 116, 56, 21, 17, 34, 23, 519, 260, 107, 42, 23, 13, 37
3, 415, 404, 170, 31, 1, 0, 0, 44, 569, 247, 123, 36, 5, 0, 0, 29, 575, 259, 117, 35, 8, 1, 0
4, 426, 455, 87, 18, 15, 10, 9, 94, 593, 227, 53, 20, 17, 10, 10, 79, 598, 229, 44, 27, 18, 13, 16
10, 471, 392, 58, 38, 24, 13, 18, 150, 605, 133, 41, 33, 28, 14, 20, 124, 639, 114, 32, 30, 31, 25, 29
5, 356, 361, 45, 43, 51, 63, 100, 55, 556, 125, 25, 42, 51, 56, 114, 52, 536, 126, 37, 30, 52, 49, 142
1, 313, 279, 40, 52, 70, 95, 174, 54, 466, 79, 34, 40, 75, 81, 195, 48, 432, 87, 42, 42, 53, 87, 233
12, 303, 334, 113, 73, 58, 56, 75, 75, 380, 181, 115, 74, 56, 60, 83, 77, 363, 180, 109, 74, 51, 61, 109
14, 282, 238, 295, 118, 39, 25, 13, 150, 226, 142, 290, 129, 44, 26, 17, 129, 246, 156, 239, 143, 54, 27, 30
12, 226, 181, 300, 170, 93, 39, 3, 102, 195, 87, 288, 184, 111, 53, 4, 58, 227, 93, 268, 185, 113, 54, 26
11, 171, 114, 281, 252, 138, 52, 5, 76, 151, 47, 251, 272, 151, 69, 7, 35, 170, 55, 225, 253, 170, 79, 37
29, 139, 223, 331, 197, 84, 21, 0, 91, 93, 158, 332, 224, 92, 34, 0, 54, 119, 167, 313, 198, 113, 54, 6
8, 97, 158, 357, 208, 152, 43, 1, 56, 62, 119, 347, 210, 156, 70, 4, 22, 85, 116, 311, 220, 152, 95, 23
4, 62, 394, 397, 119, 47, 1, 0, 16, 51, 358, 399, 146, 53, 1, 0, 0, 66, 374, 364, 139, 71, 9, 1
0, 36, 625, 304, 55, 4, 0, 0, 0, 42, 559, 344, 71, 8, 0, 0, 0, 16, 544, 368, 79, 17, 0, 0
0, 17, 307, 428, 250, 22, 0, 0, 0, 38, 261, 418, 265, 42, 0, 0, 0, 18, 244, 408, 278, 76, 0, 0
0, 36, 398, 216, 156, 119, 58, 41, 0, 67, 396, 185, 135, 136, 59, 46, 0, 45, 344, 229, 124, 119, 91, 72
0, 0, 36, 250, 183, 62, 462, 31, 0, 0, 168, 240, 70, 36, 365, 145, 0, 20, 184, 213, 52, 43, 77, 435
0, 0, 0, 19, 13, 22, 896, 74, 0, 0, 5, 15, 13, 20, 219, 752, 0, 4, 17, 5, 10, 16, 22, 950
0, 0, 0, 0, 6, 16, 1001, 1, 0, 0, 0, 0, 3, 15, 885, 121, 0, 0, 0, 0, 2, 14, 42, 966
1, 0, 0, 2, 4, 222, 795, 0, 1, 0, 0, 2, 2, 90, 929, 0, 1, 0, 0, 1, 2, 16, 384, 620
10, 23, 27, 32, 24, 34, 858, 16, 13, 22, 28, 33, 21, 34, 829, 44, 9, 23, 23, 29, 29, 29, 40, 842
0, 723, 300, 1, 0, 0, 0, 0, 39, 932, 53, 0, 0, 0, 0, 0, 19, 925, 80, 0, 0, 0, 0, 0
2, 688, 333, 1, 0, 0, 0, 0, 47, 916, 61, 0, 0, 0, 0, 0, 35, 933, 56, 0, 0, 0, 0, 0
0, 683, 309, 8, 5, 3, 6, 10, 67, 883, 46, 4, 5, 3, 6, 10, 53, 871, 58, 13, 7, 4, 7, 11
5, 576, 309, 13, 18, 18, 24, 61, 82, 738, 67, 17, 17, 16, 18, 69, 95, 722, 37, 38, 20, 22, 15, 75
10, 725, 163, 32, 33, 25, 25, 11, 279, 567, 48, 29, 33, 30, 28, 10, 258, 598, 29, 30, 23, 35, 27, 24
23, 774, 124, 50, 28, 20, 4, 1, 411, 468, 37, 49, 30, 22, 6, 1, 398, 489, 34, 47, 28, 22, 5, 1
11, 720, 178, 59, 17, 13, 13, 13, 333, 435, 130, 63, 23, 12, 15, 13, 351, 465, 99, 41, 25, 10, 21, 12
17, 749, 135, 20, 16, 13, 14, 60, 366, 507, 30, 19, 15, 13, 15, 59, 389, 491, 28, 13, 9, 16, 16, 62
0, 562, 350, 18, 19, 17, 27, 31, 233, 647, 33, 17, 19, 16, 24, 35, 301, 592, 26, 14, 19, 12, 21, 39
0, 405, 521, 39, 15, 12, 15, 17, 210, 659, 59, 33, 18, 10, 15, 20, 343, 542, 56, 25, 14, 11, 17, 16
0, 450, 468, 79, 19, 6, 1, 1, 278, 594, 48, 74, 22, 5, 2, 1, 426, 466, 55, 55, 13, 5, 3, 1
2, 387, 511, 75, 35, 11, 3, 0, 274, 585, 52, 62, 33, 12, 6, 0, 446, 435, 42, 53, 31, 13, 4, 0
0, 464, 378, 79, 38, 27, 36, 2, 357, 458, 61, 48, 33, 23, 41, 3, 495, 366, 30, 37, 30, 21, 35, 10
1, 492, 401, 93, 17, 13, 7, 0, 353, 456, 102, 71, 20, 13, 7, 2, 471, 386, 68, 60, 16, 12, 11, 0
8, 460, 401, 76, 26, 34, 14, 5, 309, 478, 114, 44, 23, 29, 22, 5, 433, 409, 67, 40, 12, 34, 21, 8
7, 454, 445, 117, 1, 0, 0, 0, 322, 477, 169, 56, 0, 0, 0, 0, 425, 414, 125, 60, 0, 0, 0, 0
10, 453, 434, 108, 19, 0, 0, 0, 322, 460, 193, 29, 20, 0, 0, 0, 410, 431, 139, 29, 15, 0, 0, 0
7, 427, 380, 177, 33, 0, 0, 0, 314, 411, 199, 70, 28, 2, 0, 0, 384, 414, 139, 55, 31, 1, 0, 0
21, 407, 347, 125, 43, 35, 31, 15, 285, 399, 186, 40, 23, 33, 39, 19, 339, 397, 145, 33, 18, 32, 27, 33
39, 405, 263, 241, 51, 18, 7, 0, 307, 303, 274, 73, 41, 18, 8, 0, 311, 340, 256, 52, 43, 13, 9, 0
66, 365, 284, 228, 54, 26, 1, 0, 278, 296, 294, 95, 36, 23, 2, 0, 250, 362, 266, 88, 40, 12, 6, 0
25, 75, 108, 40, 43, 108, 625, 0, 40, 88, 86, 29, 38, 59, 684, 0, 37, 95, 86, 31, 42, 42, 395, 296
0, 0, 0, 0, 3, 76, 945, 0, 0, 0, 0, 0, 1, 21, 1001, 1, 0, 0, 0, 0, 0, 5, 339, 680
5, 15, 18, 24, 30, 19, 896, 17, 11, 11, 19, 23, 31, 17, 861, 51, 6, 12, 18, 21, 29, 22, 23, 893
0, 43, 447, 25, 30, 26, 20, 433, 0, 136, 352, 21, 29, 28, 22, 436, 0, 53, 383, 72, 17, 16, 42, 441
0, 127, 405, 40, 28, 38, 54, 332, 0, 226, 294, 42, 32, 35, 53, 342, 0, 161, 324, 74, 31, 21, 41, 372
0, 155, 406, 78, 50, 49, 61, 225, 1, 304, 231, 95, 48, 48, 56, 241, 0, 182, 307, 109, 66, 47, 52, 261
0, 154, 320, 14, 3, 17, 40, 476, 0, 316, 158, 10, 6, 14, 34, 486, 0, 228, 207, 34, 16, 10, 22, 507
2, 327, 279, 62, 48, 45, 50, 211, 40, 393, 170, 60, 40, 51, 55, 215, 22, 347, 198, 84, 45, 43, 45, 240
4, 388, 215, 113, 95, 72, 57, 80, 66, 400, 128, 110, 89, 80, 57, 94, 71, 366, 142, 95, 89, 81, 61, 119
28, 623, 191, 54, 52, 44, 26, 6, 146, 536, 146, 59, 53, 39, 33, 12, 118, 523, 174, 60, 54, 43, 33, 19
11, 543, 296, 66, 39, 27, 25, 17, 88, 564, 184, 70, 44, 25, 27, 22, 49, 598, 159, 85, 47, 28, 25, 33
0, 173, 343, 27, 28, 30, 47, 376, 15, 380, 125, 19, 27, 29, 39, 390, 19, 327, 144, 34, 28, 26, 35, 411
0, 110, 416, 28, 24, 30, 24, 392, 19, 381, 127, 23, 26, 25, 27, 396, 17, 323, 163, 31, 25, 22, 25, 418
0, 131, 404, 18, 10, 33, 34, 394, 15, 403, 130, 5, 8, 28, 35, 400, 17, 342, 154, 30, 11, 13, 31, 426
6, 341, 254, 158, 133, 80, 46, 6, 116, 435, 42, 147, 140, 86, 49, 9, 117, 407, 64, 129, 121, 102, 61, 23
2, 430, 274, 114, 70, 49, 56, 29, 113, 460, 123, 115, 68, 51, 52, 42, 92, 456, 134, 113, 60, 54, 47, 68
12, 461, 376, 118, 52, 4, 1, 0, 174, 442, 221, 126, 53, 7, 1, 0, 170, 445, 212, 128, 57, 10, 2, 0
2, 424, 395, 111, 46, 23, 21, 2, 126, 474, 220, 109, 42, 26, 25, 2, 107, 480, 213, 112, 45, 32, 26, 9
11, 441, 371, 108, 54, 29, 10, 0, 187, 421, 217, 100, 54, 26, 19, 0, 183, 420, 200, 117, 49, 28, 20, 7
15, 530, 454, 25, 0, 0, 0, 0, 198, 490, 318, 18, 0, 0, 0, 0, 150, 481, 361, 32, 0, 0, 0, 0
25, 498, 367, 121, 13, 0, 0, 0, 210, 433, 244, 122, 15, 0, 0, 0, 182, 435, 252, 126, 29, 0, 0, 0
19, 454, 306, 114, 31, 63, 18, 19, 149, 452, 191, 98, 33, 52, 30, 19, 131, 445, 180, 119, 38, 38, 50, 23
26, 446, 200, 106, 144, 51, 48, 3, 180, 420, 140, 169, 26, 35, 52, 2, 135, 419, 216, 119, 35, 29, 38, 33
25, 438, 252, 94, 42, 45, 85, 43, 175, 429, 167, 57, 27, 35, 88, 46, 75, 464, 242, 33, 37, 22, 53, 98
76, 149, 86, 50, 34, 155, 472, 2, 127, 115, 71, 44, 31, 91, 541, 4, 81, 145, 78, 41, 38, 54, 403, 184
0, 0, 0, 0, 0, 3, 1021, 0, 0, 0, 0, 0, 0, 0, 1024, 0, 0, 0, 0, 0, 0, 0, 99, 925
0, 0, 0, 0, 0, 15, 1009, 0, 0, 0, 0, 0, 0, 8, 1008, 8, 0, 0, 0, 0, 0, 4, 34, 986
0, 11, 284, 170, 86, 69, 67, 337, 0, 0, 232, 202, 100, 62, 71, 357, 0, 0, 157, 238, 103, 72, 72, 382
0, 4, 52, 75, 66, 84, 144, 599, 0, 1, 33, 70, 71, 87, 127, 635, 0, 1, 25, 70, 66, 82, 112, 668
0, 68, 287, 204, 191, 102, 75, 97, 0, 17, 267, 231, 194, 124, 75, 116, 0, 24, 241, 221, 174, 133, 93, 138
0, 155, 243, 108, 75, 75, 65, 303, 0, 83, 283, 120, 78, 79, 70, 311, 0, 87, 289, 106, 73, 68, 79, 322
0, 114, 249, 174, 136, 141, 116, 94, 0, 60, 261, 183, 141, 138, 125, 116, 0, 91, 233, 165, 131, 126, 136, 142
2, 232, 447, 131, 82, 59, 42, 29, 0, 168, 466, 160, 81, 70, 38, 41, 1, 180, 464, 135, 82, 68, 48, 46
11, 248, 376, 160, 102, 69, 31, 27, 11, 202, 395, 164, 114, 70, 38, 30, 6, 211, 357, 162, 119, 78, 46, 45
10, 198, 315, 107, 73, 55, 84, 182, 4, 189, 308, 111, 75, 58, 83, 196, 6, 159, 311, 100, 83, 69, 65, 231
0, 45, 241, 137, 111, 103, 93, 294, 0, 29, 236, 145, 111, 102, 99, 302, 0, 55, 213, 136, 106, 91, 102, 321
0, 7, 130, 136, 72, 52, 61, 566, 0, 1, 122, 137, 68, 59, 64, 573, 0, 9, 137, 109, 71, 63, 53, 582
0, 0, 8, 56, 230, 208, 121, 401, 0, 0, 1, 46, 199, 235, 133, 410, 0, 0, 2, 45, 170, 240, 134, 433
0, 0, 74, 198, 259, 238, 170, 85, 0, 0, 47, 179, 264, 239, 182, 113, 0, 2, 47, 158, 224, 243, 176, 174
0, 7, 162, 282, 192, 164, 132, 85, 0, 7, 138, 268, 193, 162, 148, 108, 0, 5, 137, 230, 196, 162, 145, 149
0, 168, 568, 223, 50, 12, 3, 0, 0, 163, 547, 242, 55, 14, 3, 0, 2, 146, 528, 267, 61, 16, 4, 0
0, 79, 512, 231, 79, 77, 42, 4, 0, 74, 492, 246, 82, 75, 44, 11, 0, 86, 501, 217, 86, 63, 44, 27
3, 307, 508, 151, 44, 11, 0, 0, 5, 310, 492, 156, 49, 12, 0, 0, 8, 256, 540, 156, 49, 13, 2, 0
0, 151, 567, 220, 62, 24, 0, 0, 0, 147, 554, 220, 72, 31, 0, 0, 1, 167, 536, 209, 73, 31, 7, 0
0, 184, 615, 171, 52, 2, 0, 0, 0, 177, 608, 177, 60, 2, 0, 0, 0, 131, 609, 210, 61, 13, 0, 0
0, 237, 454, 190, 55, 56, 28, 4, 2, 265, 399, 200, 63, 45, 43, 7, 0, 244, 383, 219, 66, 59, 41, 12
0, 17, 61, 133, 459, 85, 188, 81, 0, 47, 123, 420, 100, 70, 149, 115, 0, 60, 242, 276, 99, 51, 110, 186
0, 0, 0, 283, 401, 52, 250, 38, 0, 0, 209, 434, 45, 48, 232, 56, 0, 6, 274, 362, 33, 40, 86, 223
0, 0, 0, 0, 0, 159, 865, 0, 0, 0, 0, 0, 0, 83, 831, 110, 0, 0, 0, 0, 0, 0, 431, 593
0, 0, 0, 0, 0, 3, 1021, 0, 0, 0, 0, 0, 0, 2, 1022, 0, 0, 0, 0, 0, 0, 0, 28, 996
0, 0, 0, 0, 0, 0, 1024, 0, 0, 0, 0, 0, 0, 0, 1017, 7, 0, 0, 0, 0, 0, 0, 5, 1019
0, 156, 265, 197, 102, 96, 103, 105, 0, 71, 297, 205, 116, 100, 99, 136, 0, 55, 301, 206, 112, 94, 95, 161
0, 258, 256, 112, 77, 75, 77, 169, 0, 158, 322, 124, 84, 71, 82, 183, 0, 165, 292, 131, 78, 78, 73, 207
3, 199, 317, 229, 137, 83, 41, 15, 1, 143, 321, 250, 152, 86, 51, 20, 3, 132, 301, 249, 158, 89, 63, 29
6, 557, 346, 43, 30, 24, 11, 7, 5, 466, 420, 54, 27, 29, 13, 10, 4, 466, 416, 57, 26, 17, 24, 14
14, 492, 398, 77, 30, 9, 1, 3, 2, 362, 510, 103, 31, 10, 3, 3, 7, 342, 517, 105, 29, 16, 5, 3
40, 355, 226, 113, 85, 77, 70, 58, 42, 335, 231, 109, 89, 78, 65, 75, 18, 321, 229, 123, 83, 78, 70, 102
45, 264, 217, 151, 143, 106, 59, 39, 56, 234, 211, 158, 139, 113, 64, 49, 40, 217, 198, 162, 141, 118, 74, 74
1, 67, 203, 144, 163, 150, 145, 151, 0, 58, 194, 144, 149, 152, 155, 172, 0, 51, 177, 138, 137, 152, 143, 226
0, 55, 278, 183, 138, 124, 102, 144, 0, 26, 271, 199, 126, 128, 112, 162, 0, 23, 265, 179, 133, 118, 119, 187
0, 96, 476, 161, 96, 72, 45, 78, 0, 52, 462, 194, 101, 79, 47, 89, 0, 95, 435, 171, 105, 73, 51, 94
0, 10, 161, 191, 179, 189, 156, 138, 0, 2, 132, 196, 185, 178, 163, 168, 0, 10, 131, 193, 159, 159, 170, 202
0, 2, 74, 182, 231, 234, 190, 111, 0, 1, 62, 167, 204, 236, 209, 145, 0, 0, 50, 171, 173, 225, 185, 220
0, 4, 59, 233, 369, 162, 122, 75, 0, 2, 43, 205, 368, 183, 130, 93, 0, 3, 37, 203, 341, 178, 128, 134
0, 104, 475, 283, 112, 37, 13, 0, 0, 75, 425, 335, 128, 44, 16, 1, 0, 54, 403, 349, 134, 57, 24, 3
1, 108, 458, 224, 120, 82, 26, 5, 0, 97, 428, 245, 122, 89, 36, 7, 0, 62, 402, 264, 143, 82, 57, 14
2, 244, 578, 163, 32, 5, 0, 0, 1, 239, 574, 167, 36, 7, 0, 0, 0, 186, 589, 199, 40, 8, 2, 0
0, 226, 570, 161, 47, 19, 1, 0, 0, 205, 568, 180, 47, 22, 2, 0, 1, 188, 554, 202, 51, 23, 5, 0
0, 77, 452, 231, 153, 94, 16, 1, 0, 71, 445, 218, 167, 95, 25, 3, 1, 52, 444, 214, 152, 114, 40, 7
0, 59, 436, 218, 182, 60, 64, 5, 0, 52, 431, 215, 169, 84, 68, 5, 0, 38, 392, 231, 147, 127, 49, 40
0, 2, 73, 281, 222, 146, 223, 77, 0, 22, 231, 236, 130, 104, 213, 88, 0, 38, 245, 208, 117, 90, 136, 190
0, 0, 26, 334, 113, 78, 321, 152, 0, 5, 256, 182, 44, 72, 282, 183, 0, 20, 361, 53, 42, 60, 120, 368
0, 0, 0, 0, 0, 138, 861, 25, 0, 0, 0, 0, 0, 40, 808, 176, 0, 0, 0, 0, 0, 0, 573, 451
0, 0, 0, 0, 0, 0, 1024, 0, 0, 0, 0, 0, 0, 0, 1024, 0, 0, 0, 0, 0, 0, 0, 34, 990
0, 0, 0, 0, 0, 16, 1008, 0, 0, 0, 0, 0, 0, 7, 1012, 5, 0, 0, 0, 0, 0, 0, 45, 979
47, 482, 332, 121, 24, 8, 6, 4, 38, 394, 392, 140, 35, 12, 9, 4, 35, 413, 376, 141, 34, 10, 9, 6
35, 456, 251, 125, 80, 50, 22, 5, 47, 392, 279, 118, 91, 60, 27, 10, 54, 333, 310, 111, 95, 69, 35, 17
75, 617, 166, 70, 48, 28, 16, 4, 139, 515, 187, 77, 47, 35, 20, 4, 82, 547, 195, 76, 59, 34, 18, 13
89, 685, 188, 37, 14, 5, 5, 1, 145, 611, 198, 40, 15, 7, 6, 2, 116, 587, 241, 47, 16, 7, 5, 5
81, 522, 183, 92, 75, 35, 25, 11, 181, 411, 179, 89, 80, 40, 28, 16, 133, 440, 179, 99, 67, 56, 22, 28
77, 640, 141, 68, 49, 29, 13, 7, 222, 507, 125, 65, 53, 32, 13, 7, 127, 571, 142, 66, 52, 35, 20, 11
120, 600, 108, 74, 48, 49, 13, 12, 335, 399, 90, 69, 53, 46, 18, 14, 208, 511, 83, 70, 56, 50, 25, 21
6, 498, 162, 86, 77, 77, 54, 64, 94, 485, 83, 82, 75, 81, 49, 75, 94, 481, 84, 68, 67, 76, 61, 93
6, 486, 215, 59, 58, 54, 47, 99, 130, 469, 99, 62, 54, 53, 48, 109, 124, 496, 76, 54, 50, 56, 52, 116
10, 559, 377, 52, 13, 8, 3, 2, 155, 520, 261, 58, 15, 10, 3, 2, 150, 563, 225, 55, 17, 9, 2, 3
1, 364, 395, 73, 51, 40, 35, 65, 48, 584, 121, 73, 44, 40, 40, 74, 79, 575, 109, 62, 38, 39, 45, 77
0, 344, 383, 67, 85, 71, 45, 29, 49, 592, 76, 72, 78, 76, 44, 37, 59, 604, 58, 68, 74, 67, 50, 44
1, 306, 429, 162, 83, 36, 5, 2, 53, 579, 104, 145, 94, 38, 9, 2, 74, 572, 111, 131, 85, 37, 12, 2
4, 303, 482, 112, 87, 31, 5, 0, 106, 523, 166, 92, 94, 34, 9, 0, 134, 517, 139, 91, 92, 37, 13, 1
1, 321, 545, 79, 32, 29, 14, 3, 82, 600, 194, 67, 34, 25, 17, 5, 111, 595, 168, 67, 29, 22, 25, 7
0, 225, 631, 126, 27, 9, 6, 0, 104, 565, 224, 88, 28, 7, 7, 1, 148, 566, 184, 80, 27, 9, 7, 3
2, 338, 521, 136, 22, 5, 0, 0, 139, 582, 188, 86, 23, 5, 1, 0, 200, 551, 149, 89, 29, 5, 1, 0
0, 248, 568, 123, 49, 30, 6, 0, 122, 575, 168, 75, 44, 27, 13, 0, 162, 578, 123, 63, 51, 27, 19, 1
1, 341, 513, 56, 49, 24, 36, 4, 187, 532, 157, 40, 41, 23, 38, 6, 206, 533, 134, 35, 36, 29, 32, 19
1, 297, 425, 111, 86, 31, 50, 23, 167, 489, 144, 93, 37, 23, 51, 20, 165, 505, 153, 79, 25, 20, 43, 34
3, 346, 436, 144, 21, 12, 48, 14, 159, 496, 256, 28, 15, 10, 36, 24, 119, 570, 223, 32, 9, 10, 9, 52
3, 145, 154, 25, 20, 264, 406, 7, 29, 204, 75, 21, 18, 74, 579, 24, 27, 202, 81, 27, 15, 34, 567, 71
0, 0, 0, 0, 0, 0, 1024, 0, 0, 0, 0, 0, 0, 0, 1024, 0, 0, 0, 0, 0, 0, 0, 59, 965
0, 0, 0, 0, 0, 0, 1024, 0, 0, 0, 0, 0, 0, 0, 1021, 3, 0, 0, 0, 0, 0, 0, 3, 1021
109, 631, 104, 57, 46, 27, 30, 20, 254, 470, 116, 53, 46, 31, 31, 23, 173, 498, 142, 67, 41, 39, 29, 35
133, 521, 117, 91, 73, 48, 28, 13, 248, 395, 118, 89, 75, 50, 30, 19, 167, 445, 120, 100, 72, 63, 31, 26
49, 493, 400, 63, 10, 8, 1, 0, 88, 404, 420, 90, 12, 9, 1, 0, 61, 412, 423, 96, 22, 8, 2, 0
52, 547, 319, 48, 20, 20, 7, 11, 54, 516, 345, 48, 20, 18, 10, 13, 30, 514, 353, 58, 19, 19, 13, 18
93, 377, 127, 98, 68, 60, 94, 107, 185, 279, 125, 95, 70, 61, 82, 127, 94, 328, 133, 92, 82, 55, 69, 171
60, 494, 166, 101, 71, 49, 59, 24, 153, 413, 154, 93, 74, 43, 62, 32, 78, 439, 180, 92, 76, 54, 57, 48
57, 344, 238, 143, 90, 73, 49, 30, 111, 288, 227, 144, 96, 64, 55, 39, 45, 313, 233, 152, 95, 75, 51, 60
8, 337, 287, 107, 74, 69, 66, 76, 32, 271, 294, 124, 78, 68, 69, 88, 19, 318, 247, 117, 81, 69, 60, 113
36, 534, 279, 76, 37, 31, 18, 13, 85, 507, 254, 73, 39, 31, 21, 14, 66, 503, 265, 76, 39, 30, 29, 16
8, 345, 372, 115, 81, 57, 30, 16, 34, 316, 363, 119, 82, 54, 34, 22, 30, 329, 341, 114, 77, 66, 37, 30
1, 83, 264, 182, 170, 115, 115, 94, 7, 89, 232, 182, 159, 126, 125, 104, 3, 86, 233, 167, 137, 139, 118, 141
1, 50, 168, 194, 149, 172, 151, 139, 4, 70, 138, 191, 144, 166, 152, 159, 2, 66, 150, 158, 139, 151, 150, 208
0, 35, 78, 175, 279, 184, 129, 144, 1, 52, 58, 181, 268, 180, 127, 157, 1, 45, 59, 173, 239, 173, 138, 196
0, 13, 51, 99, 312, 296, 178, 75, 0, 34, 29, 75, 302, 293, 193, 98, 0, 20, 40, 62, 260, 274, 224, 144
0, 17, 26, 126, 324, 344, 165, 22, 0, 26, 15, 114, 293, 348, 190, 38, 0, 17, 20, 74, 250, 341, 242, 80
0, 15, 183, 349, 287, 146, 41, 3, 0, 24, 149, 343, 298, 153, 52, 5, 2, 14, 169, 315, 272, 159, 69, 24
0, 31, 161, 372, 342, 85, 32, 1, 10, 22, 147, 355, 353, 99, 35, 3, 9, 23, 152, 345, 325, 111, 40, 19
0, 41, 370, 387, 170, 43, 13, 0, 7, 65, 304, 408, 173, 50, 16, 1, 11, 57, 269, 390, 188, 85, 20, 4
5, 105, 421, 248, 130, 42, 71, 2, 29, 115, 371, 237, 146, 46, 76, 4, 15, 117, 353, 238, 141, 60, 45, 55
0, 75, 59, 80, 110, 68, 110, 522, 3, 91, 40, 127, 61, 66, 96, 540, 0, 50, 98, 116, 47, 58, 56, 599
0, 106, 58, 123, 200, 83, 331, 123, 11, 110, 90, 246, 47, 70, 237, 213, 0, 90, 172, 195, 40, 38, 82, 407
0, 77, 43, 16, 13, 211, 643, 21, 8, 80, 33, 14, 11, 136, 695, 47, 3, 59, 50, 19, 13, 13, 589, 278
0, 0, 0, 0, 0, 4, 1020, 0, 0, 0, 0, 0, 0, 2, 1022, 0, 0, 0, 0, 0, 0, 0, 120, 904
0, 0, 0, 0, 0, 0, 1024, 0, 0, 0, 0, 0, 0, 0, 1021, 3, 0, 0, 0, 0, 0, 0, 0, 1024
95, 256, 200, 135, 117, 82, 77, 62, 74, 235, 209, 144, 115, 88, 76, 83, 36, 250, 207, 136, 123, 89, 81, 102
66, 245, 173, 113, 114, 92, 92, 129, 62, 223, 187, 107, 117, 84, 94, 150, 32, 215, 196, 109, 108, 94, 95, 175
71, 395, 326, 170, 35, 16, 6, 5, 72, 341, 331, 200, 50, 17, 7, 6, 49, 360, 323, 204, 54, 18, 8, 8
34, 313, 391, 158, 50, 22, 23, 33, 26, 282, 412, 169, 51, 27, 26, 31, 24, 286, 393, 164, 64, 29, 22, 42
9, 60, 121, 84, 123, 124, 140, 363, 6, 61, 105, 95, 111, 122, 136, 388, 6, 51, 97, 88, 87, 124, 152, 419
52, 413, 170, 128, 79, 34, 47, 101, 65, 398, 164, 127, 79, 40, 44, 107, 23, 378, 193, 137, 75, 57, 43, 118
10, 172, 290, 137, 110, 97, 106, 102, 7, 155, 291, 145, 105, 98, 104, 119, 5, 146, 276, 148, 104, 101, 81, 163
59, 427, 340, 136, 41, 14, 1, 6, 45, 412, 346, 149, 45, 20, 1, 6, 46, 383, 351, 160, 47, 23, 8, 6
58, 457, 383, 108, 14, 4, 0, 0, 55, 450, 381, 118, 16, 3, 1, 0, 45, 442, 375, 133, 25, 3, 1, 0
3, 182, 340, 218, 122, 76, 45, 38, 6, 153, 350, 209, 135, 77, 47, 47, 3, 177, 323, 207, 126, 77, 50, 61
0, 44, 271, 233, 169, 124, 93, 90, 0, 34, 242, 255, 164, 130, 100, 99, 0, 41, 212, 259, 136, 147, 94, 135
0, 0, 30, 96, 112, 148, 190, 448, 0, 0, 25, 87, 110, 141, 184, 477, 0, 1, 35, 77, 100, 119, 156, 536
0, 0, 0, 2, 16, 48, 44, 914, 0, 0, 0, 2, 13, 41, 53, 915, 0, 0, 0, 2, 10, 31, 56, 925
0, 0, 0, 19, 174, 321, 268, 242, 0, 0, 0, 17, 151, 317, 280, 259, 0, 0, 0, 5, 120, 280, 294, 325
0, 0, 3, 67, 368, 425, 139, 22, 0, 0, 1, 49, 321, 453, 172, 28, 0, 0, 0, 38, 210, 462, 253, 61
0, 1, 205, 519, 207, 61, 25, 6, 0, 1, 198, 498, 223, 66, 29, 9, 0, 7, 268, 440, 187, 64, 43, 15
0, 1, 135, 415, 336, 125, 12, 0, 0, 1, 119, 411, 331, 145, 17, 0, 0, 1, 121, 402, 286, 171, 41, 2
0, 14, 318, 347, 238, 102, 5, 0, 0, 7, 320, 319, 236, 130, 12, 0, 0, 8, 231, 325, 269, 154, 37, 0
0, 106, 432, 231, 135, 87, 29, 4, 0, 122, 409, 231, 136, 84, 38, 4, 0, 77, 394, 247, 142, 101, 45, 18
0, 13, 33, 33, 220, 97, 60, 568, 0, 24, 24, 157, 150, 43, 52, 574, 0, 20, 38, 170, 112, 57, 48, 579
0, 12, 40, 251, 258, 103, 217, 143, 0, 18, 107, 336, 111, 94, 99, 259, 1, 12, 142, 291, 90, 107, 58, 323
0, 0, 2, 4, 16, 165, 822, 15, 0, 0, 2, 4, 14, 93, 887, 24, 0, 0, 1, 5, 14, 14, 848, 142
0, 0, 0, 0, 0, 0, 1024, 0, 0, 0, 0, 0, 0, 0, 1024, 0, 0, 0, 0, 0, 0, 0, 163, 861
0, 0, 0, 0, 0, 0, 1024, 0, 0, 0, 0, 0, 0, 0, 1024, 0, 0, 0, 0, 0, 0, 0, 9, 1015
239, 435, 154, 82, 58, 36, 18, 2, 230, 416, 160, 82, 70, 38, 25, 3, 182, 433, 164, 87, 68, 47, 39, 4
142, 299, 155, 97, 86, 99, 84, 62, 139, 287, 155, 95, 90, 90, 82, 86, 117, 295, 144, 107, 77, 85, 90, 109
196, 444, 201, 101, 46, 20, 10, 6, 190, 429, 213, 106, 42, 25, 12, 7, 142, 438, 226, 118, 47, 30, 12, 11
51, 418, 267, 148, 48, 31, 27, 34, 50, 394, 266, 164, 54, 32, 26, 38, 40, 387, 273, 156, 69, 28, 25, 46
72, 364, 220, 135, 92, 63, 40, 38, 85, 347, 207, 141, 91, 65, 43, 45, 61, 340, 214, 140, 94, 73, 45, 57
40, 269, 170, 114, 95, 99, 83, 154, 61, 251, 157, 115, 92, 103, 81, 164, 38, 246, 178, 101, 87, 109, 74, 191
47, 298, 140, 79, 55, 71, 78, 256, 70, 279, 138, 77, 48, 70, 75, 267, 42, 287, 144, 70, 61, 57, 71, 292
111, 428, 253, 89, 46, 32, 32, 33, 194, 334, 246, 104, 43, 33, 32, 38, 102, 425, 242, 102, 43, 35, 27, 48
24, 367, 281, 130, 57, 44, 41, 80, 38, 342, 277, 145, 54, 43, 39, 86, 36, 340, 252, 152, 65, 42, 44, 93
2, 169, 364, 273, 119, 48, 28, 21, 4, 173, 324, 282, 131, 53, 34, 23, 10, 176, 304, 272, 142, 53, 35, 32
0, 320, 238, 119, 91, 81, 79, 96, 23, 395, 123, 124, 88, 71, 96, 104, 21, 421, 103, 119, 79, 74, 91, 116
0, 300, 244, 61, 51, 40, 56, 272, 15, 436, 103, 53, 49, 39, 55, 274, 31, 434, 92, 49, 44, 40, 44, 290
0, 266, 309, 24, 82, 116, 86, 141, 40, 431, 110, 20, 72, 112, 85, 154, 50, 447, 83, 20, 59, 108, 89, 168
1, 378, 274, 119, 162, 73, 14, 3, 117, 444, 99, 106, 158, 84, 13, 3, 116, 450, 93, 89, 156, 89, 27, 4
0, 424, 282, 77, 120, 87, 31, 3, 213, 423, 98, 43, 110, 91, 42, 4, 246, 418, 70, 42, 89, 105, 45, 9
0, 412, 390, 172, 47, 3, 0, 0, 203, 482, 162, 133, 40, 4, 0, 0, 240, 471, 157, 105, 46, 5, 0, 0
2, 499, 281, 135, 82, 22, 3, 0, 285, 410, 135, 82, 78, 30, 4, 0, 304, 410, 113, 72, 84, 32, 9, 0
16, 455, 332, 136, 59, 25, 1, 0, 269, 388, 201, 83, 55, 26, 2, 0, 292, 369, 189, 71, 65, 26, 12, 0
15, 450, 320, 156, 71, 12, 0, 0, 298, 340, 221, 92, 61, 12, 0, 0, 274, 385, 200, 83, 62, 17, 3, 0
7, 396, 302, 165, 68, 15, 13, 58, 201, 375, 222, 99, 50, 7, 12, 58, 171, 391, 220, 117, 43, 7, 8, 67
4, 367, 322, 169, 30, 27, 81, 24, 112, 401, 285, 74, 26, 22, 48, 56, 94, 426, 274, 72, 26, 18, 26, 88
1, 66, 76, 14, 18, 227, 622, 0, 13, 94, 38, 15, 14, 114, 736, 0, 15, 92, 41, 14, 15, 24, 775, 48
0, 0, 0, 0, 0, 13, 1011, 0, 0, 0, 0, 0, 0, 5, 1019, 0, 0, 0, 0, 0, 0, 1, 218, 805
0, 0, 0, 0, 0, 0, 1024, 0, 0, 0, 0, 0, 0, 0, 1018, 6, 0, 0, 0, 0, 0, 0, 0, 1024
496, 296, 65, 44, 31, 41, 19, 32, 515, 266, 71, 42, 31, 42, 21, 36, 449, 321, 70, 42, 40, 38, 24, 40
313, 516, 126, 35, 14, 12, 2, 6, 316, 490, 140, 41, 17, 11, 3, 6, 291, 514, 130, 48, 18, 14, 3, 6
347, 492, 134, 31, 6, 7, 4, 3, 416, 426, 128, 33, 7, 7, 4, 3, 305, 513, 144, 39, 9, 7, 2, 5
108, 518, 138, 73, 55, 47, 30, 55, 179, 443, 138, 66, 56, 53, 26, 63, 131, 460, 146, 80, 46, 49, 47, 65
95, 517, 282, 92, 22, 11, 5, 0, 112, 465, 289, 116, 25, 12, 4, 1, 73, 489, 284, 130, 26, 12, 8, 2
54, 439, 211, 121, 61, 39, 37, 62, 77, 395, 208, 135, 66, 39, 40, 64, 51, 402, 224, 124, 65, 43, 41, 74
81, 377, 318, 133, 45, 31, 16, 23, 111, 333, 321, 137, 45, 33, 20, 24, 54, 394, 286, 152, 50, 42, 17, 29
30, 326, 251, 155, 78, 76, 54, 54, 83, 259, 233, 169, 89, 70, 56, 65, 55, 287, 228, 150, 92, 66, 68, 78
0, 193, 152, 74, 92, 79, 70, 364, 9, 226, 108, 70, 84, 84, 74, 369, 7, 218, 108, 62, 80, 93, 64, 392
1, 86, 149, 102, 91, 70, 112, 413, 2, 112, 121, 94, 90, 73, 100, 432, 4, 101, 125, 90, 84, 69, 91, 460
0, 90, 190, 13, 59, 102, 100, 470, 6, 214, 62, 10, 52, 99, 106, 475, 7, 199, 68, 11, 39, 100, 102, 498
0, 92, 201, 146, 247, 187, 90, 61, 9, 215, 73, 127, 233, 193, 100, 74, 13, 206, 68, 112, 224, 187, 118, 96
4, 188, 258, 246, 193, 77, 40, 18, 25, 272, 161, 225, 190, 85, 42, 24, 19, 245, 162, 227, 189, 94, 56, 32
4, 230, 409, 227, 93, 40, 18, 3, 40, 254, 348, 223, 98, 37, 20, 4, 28, 231, 343, 242, 108, 42, 24, 6
3, 120, 360, 313, 153, 62, 12, 1, 20, 115, 361, 303, 143, 65, 16, 1, 10, 105, 302, 330, 169, 75, 28, 5
0, 7, 141, 313, 352, 158, 43, 10, 1, 6, 145, 308, 333, 168, 47, 16, 0, 4, 129, 273, 328, 194, 69, 27
0, 26, 303, 316, 228, 111, 37, 3, 0, 24, 295, 322, 222, 114, 45, 2, 0, 6, 239, 354, 229, 119, 67, 10
0, 32, 445, 352, 121, 69, 5, 0, 0, 34, 421, 369, 120, 72, 8, 0, 0, 19, 353, 405, 132, 92, 23, 0
0, 111, 380, 281, 162, 74, 16, 0, 0, 184, 305, 270, 161, 79, 24, 1, 0, 108, 346, 247, 187, 95, 34, 7
0, 52, 118, 73, 97, 62, 37, 585, 0, 95, 99, 94, 63, 56, 33, 584, 0, 59, 124, 111, 51, 44, 45, 590
0, 1, 64, 157, 84, 62, 458, 198, 0, 3, 160, 110, 40, 63, 376, 272, 0, 20, 156, 91, 34, 39, 110, 574
0, 0, 0, 0, 4, 67, 953, 0, 0, 0, 0, 0, 3, 44, 977, 0, 0, 0, 0, 0, 0, 10, 779, 235
0, 0, 0, 0, 0, 0, 1024, 0, 0, 0, 0, 0, 0, 0, 1024, 0, 0, 0, 0, 0, 0, 0, 202, 822
0, 0, 0, 0, 0, 0, 1024, 0, 0, 0, 0, 0, 0, 0, 1023, 1, 0, 0, 0, 0, 0, 0, 2, 1022
105, 384, 179, 136, 104, 66, 29, 21, 106, 352, 198, 121, 112, 77, 36, 22, 101, 334, 197, 121, 120, 77, 43, 31
152, 340, 175, 79, 62, 54, 58, 104, 175, 304, 178, 85, 61, 47, 65, 109, 133, 327, 183, 96, 55, 46, 63, 121
89, 378, 246, 112, 85, 47, 38, 29, 115, 321, 238, 146, 81, 50, 40, 33, 95, 338, 225, 140, 81, 60, 41, 44
79, 310, 106, 105, 102, 104, 110, 108, 119, 273, 89, 106, 102, 106, 105, 124, 92, 268, 109, 88, 102, 103, 102, 160
93, 430, 203, 109, 40, 53, 63, 33, 133, 375, 200, 118, 48, 43, 66, 41, 72, 407, 216, 116, 52, 49, 58, 54
3, 185, 391, 229, 108, 55, 40, 13, 3, 145, 368, 265, 117, 63, 46, 17, 3, 148, 347, 261, 127, 58, 52, 28
49, 480, 274, 79, 57, 33, 29, 23, 62, 447, 284, 85, 54, 37, 26, 29, 31, 484, 266, 91, 52, 36, 29, 35
2, 216, 311, 208, 119, 95, 46, 27, 5, 210, 287, 215, 128, 92, 53, 34, 6, 205, 267, 223, 127, 97, 53, 46
0, 43, 251, 145, 69, 76, 110, 330, 0, 64, 239, 137, 60, 75, 102, 347, 0, 71, 244, 114, 58, 69, 90, 378
0, 82, 284, 87, 56, 27, 49, 439, 0, 230, 173, 58, 47, 28, 44, 444, 0, 219, 181, 60, 44, 27, 43, 450
0, 145, 251, 128, 65, 30, 21, 384, 0, 248, 172, 105, 62, 28, 29, 380, 1, 217, 191, 108, 66, 32, 25, 384
0, 184, 254, 154, 215, 120, 51, 46, 3, 259, 187, 136, 199, 136, 53, 51, 2, 235, 185, 147, 159, 174, 57, 65
7, 317, 370, 168, 108, 31, 17, 6, 37, 424, 252, 143, 108, 36, 18, 6, 17, 394, 287, 140, 107, 49, 18, 12
0, 348, 475, 149, 43, 7, 2, 0, 24, 473, 314, 156, 44, 11, 2, 0, 15, 472, 293, 180, 46, 16, 2, 0
1, 323, 401, 179, 81, 30, 9, 0, 39, 454, 251, 143, 90, 33, 14, 0, 21, 481, 229, 150, 87, 35, 21, 0
4, 355, 363, 133, 98, 47, 22, 2, 108, 468, 150, 127, 89, 54, 23, 5, 73, 499, 139, 124, 89, 63, 28, 9
6, 372, 350, 105, 105, 67, 19, 0, 143, 473, 117, 92, 96, 77, 26, 0, 104, 506, 112, 85, 86, 89, 37, 5
8, 487, 347, 153, 27, 2, 0, 0, 232, 421, 200, 142, 26, 3, 0, 0, 176, 459, 197, 153, 33, 6, 0, 0
7, 511, 324, 109, 46, 17, 10, 0, 258, 422, 180, 90, 46, 19, 9, 0, 214, 455, 164, 109, 46, 24, 12, 0
0, 535, 233, 66, 42, 51, 13, 84, 186, 486, 109, 69, 30, 51, 9, 84, 94, 568, 113, 64, 36, 39, 26, 84
1, 318, 147, 54, 69, 190, 239, 6, 56, 345, 76, 49, 64, 155, 274, 5, 22, 362, 82, 52, 61, 101, 318, 26
0, 0, 0, 0, 1, 65, 958, 0, 0, 0, 0, 0, 0, 60, 964, 0, 0, 0, 0, 0, 0, 5, 846, 173
0, 0, 0, 0, 0, 0, 1024, 0, 0, 0, 0, 0, 0, 0, 1024, 0, 0, 0, 0, 0, 0, 0, 152, 872
0, 0, 0, 0, 0, 21, 1003, 0, 0, 0, 0, 0, 0, 13, 1011, 0, 0, 0, 0, 0, 0, 1, 57, 966
143, 540, 134, 92, 59, 34, 16, 6, 157, 501, 142, 92, 60, 44, 19, 9, 172, 487, 133, 86, 66, 41, 28, 11
110, 443, 138, 66, 50, 62, 87, 68, 164, 371, 143, 73, 44, 61, 81, 87, 128, 414, 127, 70, 40, 58, 69, 118
147, 566, 192, 69, 35, 13, 2, 0, 160, 527, 205, 76, 40, 14, 2, 0, 112, 571, 203, 80, 35, 21, 1, 1
69, 524, 112, 63, 50, 45, 37, 124, 121, 478, 101, 66, 47, 43, 38, 130, 73, 497, 118, 56, 44, 42, 53, 141
143, 506, 186, 73, 48, 25, 15, 28, 242, 395, 191, 76, 47, 28, 16, 29, 145, 463, 198, 87, 46, 39, 17, 29
24, 196, 244, 245, 129, 72, 60, 54, 43, 164, 220, 247, 148, 76, 66, 60, 16, 194, 207, 217, 162, 81, 68, 79
8, 396, 215, 126, 71, 62, 48, 98, 26, 376, 204, 126, 76, 59, 52, 105, 11, 397, 186, 117, 73, 69, 53, 118
10, 350, 272, 158, 82, 63, 47, 42, 13, 346, 259, 156, 88, 64, 51, 47, 9, 323, 270, 157, 92, 64, 51, 58
1, 187, 285, 72, 76, 78, 91, 234, 0, 265, 202, 74, 75, 76, 86, 246, 0, 230, 225, 74, 71, 65, 88, 271
0, 72, 381, 1, 29, 9, 8, 524, 0, 300, 153, 1, 29, 8, 9, 524, 0, 214, 239, 1, 27, 9, 8, 526
0, 64, 375, 8, 16, 8, 1, 552, 0, 219, 219, 8, 18, 7, 1, 552, 0, 153, 280, 9, 20, 8, 2, 552
0, 89, 334, 86, 59, 32, 19, 405, 1, 181, 244, 83, 59, 31, 20, 405, 0, 135, 259, 100, 63, 37, 19, 411
1, 175, 191, 65, 117, 153, 115, 207, 5, 258, 108, 58, 109, 146, 124, 216, 1, 190, 166, 55, 96, 124, 133, 259
0, 169, 233, 169, 208, 147, 85, 13, 6, 315, 82, 155, 196, 162, 85, 23, 2, 296, 87, 150, 183, 158, 99, 49
0, 149, 214, 199, 183, 135, 102, 42, 20, 300, 41, 180, 183, 129, 116, 55, 14, 277, 58, 156, 184, 127, 112, 96
2, 195, 176, 293, 169, 98, 62, 29, 68, 249, 52, 277, 175, 102, 61, 40, 44, 266, 42, 244, 178, 117, 69, 64
0, 191, 411, 295, 79, 34, 13, 1, 60, 281, 271, 275, 87, 33, 16, 1, 55, 257, 227, 292, 129, 36, 24, 4
2, 221, 476, 203, 63, 49, 10, 0, 82, 256, 368, 196, 58, 51, 13, 0, 75, 210, 354, 240, 62, 59, 22, 2
3, 224, 438, 171, 104, 72, 11, 1, 87, 278, 321, 143, 106, 71, 17, 1, 66, 236, 330, 175, 111, 73, 32, 1
0, 182, 81, 38, 117, 145, 90, 371, 55, 176, 40, 99, 79, 113, 85, 377, 23, 197, 48, 104, 50, 102, 91, 409
0, 126, 63, 116, 86, 83, 311, 239, 17, 151, 56, 130, 50, 73, 302, 245, 0, 147, 103, 86, 59, 52, 234, 343
0, 0, 0, 0, 0, 13, 1011, 0, 0, 0, 0, 0, 0, 10, 1014, 0, 0, 0, 0, 0, 0, 0, 886, 138
0, 0, 0, 0, 0, 7, 1017, 0, 0, 0, 0, 0, 0, 5, 1019, 0, 0, 0, 0, 0, 0, 0, 197, 827
0, 0, 0, 0, 0, 0, 1024, 0, 0, 0, 0, 0, 0, 0, 1024, 0, 0, 0, 0, 0, 0, 0, 2, 1022
4, 166, 221, 165, 162, 136, 95, 75, 3, 134, 221, 160, 168, 136, 113, 89, 6, 106, 204, 164, 169, 130, 127, 118
1, 45, 118, 154, 160, 139, 163, 244, 0, 39, 104, 163, 145, 148, 153, 272, 0, 28, 91, 131, 145, 157, 144, 328
27, 364, 321, 211, 68, 14, 11, 8, 15, 326, 327, 244, 73, 19, 11, 9, 16, 322, 322, 233, 77, 32, 11, 11
6, 137, 214, 167, 151, 122, 113, 114, 7, 127, 215, 156, 145, 133, 110, 131, 1, 99, 184, 169, 140, 146, 117, 168
12, 229, 283, 119, 60, 61, 65, 195, 6, 216, 271, 136, 74, 53, 68, 200, 5, 204, 288, 129, 66, 51, 70, 211
9, 158, 226, 191, 159, 108, 87, 86, 5, 163, 215, 180, 161, 117, 85, 98, 3, 120, 229, 163, 153, 133, 107, 116
4, 66, 249, 223, 159, 123, 76, 124, 2, 64, 230, 224, 156, 127, 87, 134, 1, 48, 212, 235, 148, 129, 97, 154
2, 30, 190, 271, 168, 131, 107, 125, 0, 27, 170, 264, 182, 123, 121, 137, 0, 21, 155, 258, 176, 120, 123, 171
0, 0, 34, 134, 134, 122, 108, 492, 0, 0, 30, 124, 140, 117, 108, 505, 0, 0, 22, 96, 137, 121, 105, 543
0, 0, 3, 37, 57, 57, 72, 798, 0, 0, 2, 36, 55, 56, 68, 807, 0, 0, 1, 33, 45, 53, 65, 827
0, 0, 0, 0, 0, 0, 0, 1024, 0, 0, 0, 0, 0, 0, 0, 1024, 0, 0, 0, 0, 0, 0, 0, 1024
0, 0, 4, 6, 20, 23, 23, 948, 0, 0, 4, 6, 19, 23, 24, 948, 0, 0, 2, 7, 14, 25, 26, 950
0, 0, 0, 22, 143, 264, 204, 391, 0, 0, 0, 13, 137, 249, 219, 406, 0, 0, 0, 8, 88, 236, 225, 467
0, 0, 10, 195, 417, 268, 109, 25, 0, 0, 5, 155, 412, 287, 132, 33, 0, 0, 1, 107, 369, 329, 166, 52
0, 0, 22, 281, 313, 240, 123, 45, 0, 0, 13, 256, 315, 249, 134, 57, 0, 0, 7, 204, 304, 258, 159, 92
0, 0, 26, 246, 273, 263, 167, 49, 0, 0, 21, 222, 261, 269, 183, 68, 0, 0, 10, 185, 256, 242, 210, 121
0, 4, 120, 392, 301, 148, 51, 8, 0, 3, 113, 389, 291, 162, 50, 16, 0, 0, 70, 366, 297, 199, 68, 24
0, 1, 127, 328, 248, 250, 70, 0, 0, 1, 126, 303, 233, 269, 91, 1, 0, 0, 86, 292, 221, 254, 154, 17
0, 31, 159, 182, 236, 324, 88, 4, 0, 32, 157, 170, 216, 343, 100, 6, 0, 5, 145, 172, 171, 321, 183, 27
0, 7, 16, 67, 202, 170, 211, 351, 0, 3, 32, 160, 111, 158, 208, 352, 0, 2, 39, 161, 64, 158, 127, 473
0, 1, 54, 153, 142, 50, 331, 293, 0, 5, 118, 174, 62, 46, 313, 306, 0, 4, 141, 156, 48, 50, 92, 533
0, 0, 0, 0, 0, 17, 1007, 0, 0, 0, 0, 0, 0, 12, 1012, 0, 0, 0, 0, 0, 0, 0, 761, 263
0, 0, 0, 0, 0, 0, 1024, 0, 0, 0, 0, 0, 0, 0, 1024, 0, 0, 0, 0, 0, 0, 0, 240, 784
0, 0, 0, 0, 0, 0, 1024, 0, 0, 0, 0, 0, 0, 0, 1023, 1, 0, 0, 0, 0, 0, 0, 1, 1023
6, 144, 300, 268, 161, 76, 45, 24, 2, 123, 284, 264, 181, 84, 57, 29, 11, 104, 267, 269, 177, 99, 56, 41
4, 119, 220, 194, 148, 145, 102, 92, 2, 105, 208, 188, 162, 137, 106, 116, 6, 108, 171, 190, 135, 146, 120, 148
4, 99, 265, 214, 194, 128, 67, 53, 4, 91, 240, 218, 190, 135, 83, 63, 1, 63, 238, 216, 179, 140, 109, 78
1, 120, 414, 223, 129, 66, 45, 26, 1, 100, 395, 234, 141, 77, 50, 26, 1, 74, 382, 241, 142, 88, 55, 41
0, 68, 308, 212, 139, 97, 86, 114, 0, 53, 306, 217, 132, 95, 92, 129, 0, 64, 276, 208, 132, 103, 95, 146
4, 184, 447, 252, 75, 18, 26, 18, 2, 149, 441, 282, 77, 28, 26, 19, 4, 162, 399, 294, 90, 26, 24, 25
0, 96, 261, 216, 137, 107, 77, 130, 0, 79, 268, 203, 143, 114, 76, 141, 1, 81, 247, 182, 143, 129, 84, 157
1, 66, 308, 288, 126, 112, 62, 61, 0, 42, 304, 285, 137, 118, 73, 65, 0, 39, 274, 287, 154, 103, 89, 78
0, 26, 254, 266, 135, 107, 85, 151, 0, 22, 245, 265, 138, 105, 91, 158, 0, 28, 230, 244, 134, 112, 95, 181
0, 0, 2, 18, 36, 46, 72, 850, 0, 0, 0, 19, 33, 47, 66, 859, 0, 0, 0, 15, 26, 48, 59, 876
0, 0, 0, 8, 124, 196, 146, 550, 0, 0, 0, 8, 111, 199, 144, 562, 0, 0, 0, 4, 83, 191, 152, 594
0, 0, 0, 61, 243, 232, 119, 369, 0, 0, 0, 52, 250, 231, 119, 372, 0, 0, 0, 34, 225, 239, 137, 389
0, 0, 5, 115, 351, 319, 181, 53, 0, 0, 2, 94, 333, 332, 188, 75, 0, 0, 1, 72, 281, 332, 216, 122
0, 4, 33, 333, 335, 145, 111, 63, 0, 3, 29, 282, 360, 159, 111, 80, 0, 1, 25, 215, 375, 186, 115, 107
0, 11, 109, 253, 242, 206, 153, 50, 0, 9, 108, 231, 245, 213, 155, 63, 0, 4, 82, 204, 224, 215, 180, 115
1, 57, 270, 406, 177, 73, 34, 6, 1, 61, 265, 394, 176, 81, 38, 8, 0, 36, 220, 418, 193, 96, 39, 22
0, 36, 352, 410, 140, 74, 12, 0, 0, 44, 335, 404, 146, 79, 16, 0, 0, 12, 254, 472, 170, 82, 33, 1
0, 56, 321, 363, 172, 91, 21, 0, 1, 56, 324, 351, 177, 89, 26, 0, 0, 45, 260, 365, 207, 103, 42, 2
0, 24, 109, 201, 281, 297, 105, 7, 0, 44, 86, 189, 273, 298, 123, 11, 0, 15, 87, 167, 250, 279, 188, 38
0, 31, 114, 113, 191, 189, 198, 188, 0, 57, 132, 129, 129, 198, 194, 185, 0, 49, 131, 107, 112, 176, 175, 274
0, 1, 127, 170, 107, 27, 322, 270, 0, 16, 186, 176, 32, 24, 304, 286, 0, 21, 242, 122, 30, 16, 52, 541
0, 0, 0, 0, 2, 6, 1016, 0, 0, 0, 0, 0, 1, 6, 1017, 0, 0, 0, 0, 0, 0, 2, 550, 472
0, 0, 0, 0, 0, 12, 1012, 0, 0, 0, 0, 0, 0, 6, 1018, 0, 0, 0, 0, 0, 0, 0, 294, 730
0, 0, 0, 0, 0, 0, 1024, 0, 0, 0, 0, 0, 0, 0, 1024, 0, 0, 0, 0, 0, 0, 0, 9, 1015
1, 69, 321, 318, 117, 72, 58, 68, 0, 60, 285, 317, 148, 76, 58, 80, 0, 52, 277, 310, 153, 80, 58, 94
0, 10, 102, 146, 158, 179, 147, 282, 0, 9, 89, 143, 155, 174, 151, 303, 0, 11, 69, 138, 138, 155, 156, 357
4, 130, 427, 273, 102, 48, 19, 21, 3, 107, 394, 301, 119, 54, 24, 22, 1, 109, 381, 299, 129, 57, 25, 23
6, 261, 368, 223, 97, 52, 9, 8, 4, 215, 386, 233, 112, 53, 12, 9, 4, 246, 333, 229, 121, 64, 17, 10
5, 222, 353, 186, 113, 90, 37, 18, 6, 206, 353, 175, 123, 91, 47, 23, 8, 262, 271, 171, 123, 95, 64, 30
2, 74, 383, 262, 123, 73, 60, 47, 4, 62, 369, 266, 137, 67, 65, 54, 4, 72, 342, 258, 152, 61, 65, 70
3, 46, 342, 367, 112, 77, 36, 41, 0, 47, 309, 382, 125, 73, 45, 43, 0, 37, 291, 382, 134, 80, 50, 50
0, 14, 211, 319, 177, 108, 80, 115, 0, 8, 186, 326, 192, 108, 81, 123, 0, 12, 161, 298, 200, 124, 85, 144
0, 7, 145, 230, 177, 131, 134, 200, 0, 2, 144, 221, 175, 139, 133, 210, 0, 9, 120, 207, 166, 144, 131, 247
0, 4, 192, 268, 132, 112, 83, 233, 0, 4, 179, 272, 130, 117, 85, 237, 0, 3, 197, 240, 122, 120, 83, 259
0, 0, 47, 242, 259, 213, 142, 121, 0, 0, 41, 233, 259, 219, 147, 125, 0, 0, 49, 195, 237, 233, 157, 153
0, 0, 14, 124, 281, 270, 173, 162, 0, 0, 12, 111, 278, 260, 189, 174, 0, 0, 7, 83, 249, 268, 203, 214
0, 0, 8, 80, 325, 326, 188, 97, 0, 0, 8, 64, 306, 330, 189, 127, 0, 0, 4, 43, 262, 314, 223, 178
0, 0, 76, 368, 344, 134, 74, 28, 0, 0, 45, 354, 351, 157, 82, 35, 0, 0, 26, 314, 363, 176, 93, 52
0, 5, 136, 420, 251, 126, 68, 18, 0, 5, 127, 399, 261, 119, 85, 28, 0, 0, 79, 395, 263, 147, 88, 52
0, 33, 378, 448, 137, 27, 1, 0, 0, 39, 365, 434, 156, 29, 1, 0, 0, 15, 287, 485, 195, 36, 6, 0
0, 5, 124, 291, 251, 230, 120, 3, 0, 3, 118, 282, 244, 226, 142, 9, 0, 1, 73, 255, 253, 231, 149, 62
0, 21, 336, 526, 124, 17, 0, 0, 0, 32, 332, 524, 121, 15, 0, 0, 0, 14, 256, 522, 205, 27, 0, 0
0, 66, 242, 212, 253, 162, 86, 3, 0, 116, 190, 194, 248, 176, 96, 4, 0, 43, 242, 160, 236, 189, 126, 28
0, 3, 72, 53, 208, 134, 192, 362, 0, 38, 51, 151, 113, 113, 168, 390, 0, 24, 69, 136, 95, 102, 103, 495
0, 0, 2, 32, 137, 23, 347, 483, 0, 0, 28, 129, 18, 18, 342, 489, 0, 2, 52, 102, 21, 12, 47, 788
0, 0, 0, 0, 0, 2, 1022, 0, 0, 0, 0, 0, 0, 0, 1024, 0, 0, 0, 0, 0, 0, 0, 721, 303
0, 0, 0, 0, 0, 34, 990, 0, 0, 0, 0, 0, 0, 16, 1008, 0, 0, 0, 0, 0, 0, 0, 529, 495
0, 0, 0, 0, 0, 0, 1024, 0, 0, 0, 0, 0, 0, 0, 1024, 0, 0, 0, 0, 0, 0, 0, 0, 1024
12, 151, 362, 281, 87, 55, 52, 24, 8, 127, 339, 307, 101, 62, 46, 34, 15, 122, 330, 300, 102, 58, 51, 46
6, 134, 174, 168, 149, 123, 125, 145, 4, 134, 165, 162, 149, 120, 127, 163, 4, 107, 160, 144, 158, 110, 139, 202
72, 251, 242, 153, 107, 96, 55, 48, 61, 260, 226, 161, 106, 98, 53, 59, 69, 241, 217, 152, 113, 99, 66, 67
42, 320, 287, 127, 103, 57, 41, 47, 44, 299, 301, 126, 96, 65, 41, 52, 41, 298, 278, 134, 89, 77, 47, 60
11, 190, 321, 199, 119, 103, 44, 37, 18, 182, 299, 212, 122, 95, 54, 42, 17, 187, 291, 195, 121, 94, 67, 52
20, 121, 383, 284, 109, 82, 15, 10, 20, 111, 366, 293, 118, 82, 23, 11, 19, 120, 339, 285, 136, 84, 27, 14
0, 104, 566, 283, 51, 14, 6, 0, 0, 98, 540, 313, 49, 17, 7, 0, 0, 112, 526, 307, 53, 16, 10, 0
2, 48, 281, 328, 147, 81, 53, 84, 0, 45, 245, 355, 152, 81, 54, 92, 0, 42, 226, 350, 159, 81, 66, 100
0, 20, 152, 216, 153, 108, 122, 253, 0, 20, 144, 201, 163, 109, 127, 260, 0, 19, 127, 196, 152, 119, 112, 299
0, 16, 294, 244, 141, 93, 82, 154, 0, 12, 275, 259, 135, 98, 83, 162, 0, 16, 289, 223, 130, 104, 85, 177
0, 0, 1, 14, 43, 58, 80, 828, 0, 0, 0, 15, 42, 54, 79, 834, 0, 0, 0, 13, 30, 58, 63, 860
0, 0, 0, 5, 63, 63, 58, 835, 0, 0, 0, 4, 58, 65, 57, 840, 0, 0, 0, 3, 44, 67, 58, 852
0, 0, 6, 64, 169, 201, 185, 399, 0, 0, 2, 58, 164, 205, 183, 412, 0, 0, 0, 49, 139, 186, 180, 470
0, 0, 7, 184, 314, 264, 172, 83, 0, 0, 6, 156, 305, 273, 185, 99, 0, 0, 2, 117, 277, 274, 198, 156
0, 0, 105, 458, 249, 147, 61, 4, 0, 0, 91, 442, 253, 165, 64, 9, 0, 0, 66, 425, 256, 166, 87, 24
0, 0, 145, 433, 264, 150, 29, 3, 0, 0, 110, 419, 291, 156, 43, 5, 0, 0, 92, 398, 292, 170, 62, 10
0, 0, 58, 301, 302, 214, 134, 15, 0, 0, 61, 277, 303, 220, 142, 21, 0, 0, 30, 246, 303, 218, 156, 71
0, 18, 274, 484, 201, 46, 1, 0, 0, 27, 274, 479, 194, 49, 1, 0, 0, 12, 218, 473, 252, 66, 3, 0
0, 237, 331, 262, 144, 35, 13, 2, 0, 317, 267, 240, 142, 39, 16, 3, 0, 198, 323, 272, 145, 59, 23, 4
0, 10, 42, 119, 236, 120, 221, 276, 0, 17, 57, 217, 124, 126, 206, 277, 0, 11, 57, 188, 131, 101, 148, 388
0, 0, 11, 106, 94, 82, 336, 395, 0, 1, 40, 123, 55, 71, 339, 395, 0, 3, 42, 100, 56, 48, 237, 538
0, 0, 0, 0, 0, 0, 1024, 0, 0, 0, 0, 0, 0, 0, 1024, 0, 0, 0, 0, 0, 0, 0, 929, 95
0, 0, 0, 0, 0, 4, 1020, 0, 0, 0, 0, 0, 0, 2, 1022, 0, 0, 0, 0, 0, 0, 0, 610, 414
0, 0, 0, 0, 0, 0, 1024, 0, 0, 0, 0, 0, 0, 0, 1024, 0, 0, 0, 0, 0, 0, 0, 0, 1024
14, 203, 499, 256, 40, 8, 2, 2, 16, 179, 464, 299, 50, 12, 1, 3, 14, 194, 454, 280, 62, 14, 4, 2
169, 225, 268, 139, 80, 65, 43, 35, 178, 222, 264, 132, 81, 62, 45, 40, 190, 204, 259, 124, 82, 63, 52, 50
432, 236, 100, 59, 54, 40, 41, 62, 516, 165, 91, 51, 52, 44, 38, 67, 426, 226, 102, 52, 49, 56, 35, 78
189, 358, 107, 78, 52, 52, 70, 118, 395, 160, 107, 68, 50, 50, 70, 124, 246, 286, 94, 89, 46, 55, 56, 152
114, 197, 209, 195, 87, 66, 51, 105, 169, 146, 201, 183, 99, 62, 54, 110, 110, 191, 199, 165, 118, 60, 54, 127
40, 287, 287, 207, 95, 39, 34, 35, 97, 255, 247, 214, 99, 40, 32, 40, 73, 253, 269, 202, 109, 36, 37, 45
14, 218, 472, 263, 37, 11, 8, 1, 19, 217, 457, 267, 43, 10, 10, 1, 26, 213, 452, 261, 50, 9, 11, 2
15, 244, 433, 206, 52, 43, 16, 15, 39, 250, 396, 200, 54, 52, 17, 16, 32, 265, 383, 194, 61, 52, 17, 20
10, 311, 289, 118, 63, 37, 49, 147, 74, 280, 256, 118, 61, 41, 46, 148, 33, 317, 251, 119, 59, 39, 49, 157
12, 424, 256, 145, 89, 46, 31, 21, 81, 405, 206, 139, 89, 48, 34, 22, 37, 422, 217, 142, 92, 49, 34, 31
0, 236, 275, 76, 16, 10, 8, 403, 1, 345, 166, 75, 19, 8, 8, 402, 1, 259, 258, 68, 17, 8, 9, 404
0, 210, 318, 93, 24, 11, 3, 365, 1, 362, 196, 64, 27, 6, 3, 365, 1, 263, 261, 100, 19, 11, 4, 365
0, 419, 208, 47, 28, 41, 27, 254, 8, 522, 105, 47, 20, 41, 27, 254, 1, 475, 141, 57, 24, 35, 35, 256
10, 533, 149, 50, 91, 95, 65, 31, 123, 517, 55, 46, 84, 100, 67, 32, 39, 556, 100, 38, 69, 85, 84, 53
7, 590, 147, 117, 73, 54, 29, 7, 189, 464, 104, 104, 71, 58, 24, 10, 117, 514, 111, 108, 73, 59, 27, 15
3, 578, 159, 100, 75, 51, 44, 14, 187, 452, 107, 96, 70, 52, 42, 18, 121, 494, 115, 99, 71, 55, 39, 30
4, 553, 151, 140, 83, 58, 34, 1, 217, 418, 90, 123, 79, 57, 36, 4, 111, 486, 107, 124, 87, 49, 46, 14
9, 592, 137, 165, 106, 15, 0, 0, 259, 396, 96, 152, 105, 16, 0, 0, 114, 513, 102, 142, 122, 30, 1, 0
5, 598, 226, 118, 56, 13, 8, 0, 238, 480, 136, 98, 51, 11, 9, 1, 132, 554, 134, 123, 53, 19, 9, 0
9, 583, 275, 83, 48, 26, 0, 0, 170, 575, 139, 73, 38, 28, 1, 0, 84, 604, 172, 81, 51, 30, 2, 0
5, 318, 325, 94, 58, 202, 22, 0, 76, 414, 173, 83, 60, 169, 49, 0, 39, 426, 185, 85, 65, 67, 157, 0
0, 0, 0, 0, 0, 154, 870, 0, 0, 0, 0, 0, 0, 87, 937, 0, 0, 0, 0, 0, 0, 0, 991, 33
0, 0, 0, 0, 0, 15, 1009, 0, 0, 0, 0, 0, 0, 10, 1014, 0, 0, 0, 0, 0, 0, 0, 722, 302
0, 0, 0, 0, 0, 0, 1024, 0, 0, 0, 0, 0, 0, 0, 1024, 0, 0, 0, 0, 0, 0, 0, 0, 1024
62, 226, 377, 171, 48, 40, 39, 61, 66, 206, 363, 185, 60, 43, 34, 67, 54, 211, 359, 182, 70, 37, 42, 69
31, 164, 433, 333, 55, 5, 3, 0, 30, 146, 406, 358, 72, 9, 3, 0, 45, 143, 377, 359, 86, 10, 3, 1
77, 208, 277, 181, 112, 70, 52, 47, 109, 173, 264, 182, 114, 74, 56, 52, 105, 169, 245, 181, 110, 83, 66, 65
53, 90, 135, 194, 142, 130, 102, 178, 71, 65, 138, 182, 140, 127, 109, 192, 59, 80, 127, 179, 114, 121, 123, 221
21, 172, 345, 263, 79, 48, 47, 49, 22, 163, 325, 280, 78, 54, 46, 56, 33, 173, 296, 261, 99, 51, 46, 65
42, 159, 330, 240, 90, 64, 55, 44, 54, 155, 295, 249, 99, 63, 58, 51, 50, 149, 289, 241, 112, 55, 64, 64
13, 91, 305, 334, 137, 41, 37, 66, 16, 90, 273, 345, 149, 47, 34, 70, 9, 88, 262, 333, 166, 54, 35, 77
2, 50, 246, 355, 180, 71, 51, 69, 2, 44, 229, 339, 202, 80, 53, 75, 3, 49, 213, 325, 210, 83, 55, 86
8, 44, 113, 189, 117, 120, 95, 338, 7, 46, 108, 186, 122, 115, 93, 347, 6, 49, 95, 169, 114, 125, 100, 366
6, 178, 393, 269, 68, 54, 21, 35, 7, 171, 376, 283, 70, 60, 19, 38, 5, 164, 372, 287, 71, 59, 24, 42
1, 42, 156, 135, 116, 103, 96, 375, 1, 58, 137, 134, 112, 105, 96, 381, 1, 38, 150, 126, 106, 106, 95, 402
0, 107, 155, 141, 161, 82, 62, 316, 10, 166, 84, 142, 153, 94, 53, 322, 5, 134, 118, 131, 135, 105, 69, 327
1, 226, 130, 73, 130, 77, 58, 329, 92, 211, 59, 60, 132, 75, 63, 332, 40, 238, 68, 62, 116, 89, 76, 335
2, 266, 274, 194, 157, 81, 33, 17, 100, 379, 55, 190, 153, 95, 32, 20, 140, 304, 75, 176, 157, 107, 43, 22
9, 286, 347, 187, 134, 44, 17, 0, 155, 414, 94, 145, 150, 46, 18, 2, 214, 334, 99, 122, 166, 61, 24, 4
7, 337, 330, 156, 116, 47, 19, 12, 164, 414, 115, 140, 107, 51, 20, 13, 203, 368, 106, 133, 118, 51, 24, 21
8, 338, 302, 141, 144, 57, 28, 6, 159, 448, 78, 99, 143, 60, 31, 6, 162, 425, 87, 81, 158, 66, 38, 7
5, 308, 400, 155, 87, 21, 48, 0, 148, 488, 96, 140, 79, 22, 51, 0, 189, 425, 107, 128, 95, 23, 37, 20
5, 334, 586, 43, 19, 21, 15, 1, 109, 627, 213, 24, 19, 16, 12, 4, 146, 510, 291, 20, 20, 15, 15, 7
0, 85, 278, 113, 109, 100, 218, 121, 8, 353, 104, 91, 47, 82, 197, 142, 15, 369, 69, 92, 48, 54, 122, 255
0, 133, 196, 50, 42, 77, 297, 229, 12, 281, 71, 37, 25, 63, 265, 270, 20, 299, 63, 25, 25, 33, 85, 474
0, 0, 0, 0, 0, 341, 683, 0, 0, 0, 0, 0, 0, 203, 821, 0, 0, 0, 0, 0, 0, 19, 1005, 0
0, 0, 0, 0, 0, 80, 944, 0, 0, 0, 0, 0, 0, 20, 1004, 0, 0, 0, 0, 0, 0, 0, 679, 345
0, 0, 0, 0, 0, 0, 1024, 0, 0, 0, 0, 0, 0, 0, 1024, 0, 0, 0, 0, 0, 0, 0, 3, 1021
51, 350, 102, 96, 112, 69, 86, 158, 231, 185, 78, 100, 103, 82, 71, 174, 160, 211, 100, 98, 100, 88, 80, 187
48, 425, 279, 214, 35, 11, 8, 4, 212, 264, 265, 210, 46, 15, 7, 5, 159, 315, 247, 219, 60, 9, 10, 5
49, 435, 294, 93, 63, 35, 30, 25, 148, 380, 249, 89, 60, 42, 30, 26, 113, 401, 231, 102, 68, 39, 35, 35
64, 378, 304, 139, 62, 27, 24, 26, 128, 330, 275, 149, 64, 27, 24, 27, 127, 326, 258, 154, 62, 37, 28, 32
62, 324, 359, 190, 52, 18, 8, 11, 130, 272, 333, 195, 52, 21, 8, 13, 112, 289, 338, 183, 61, 17, 8, 16
200, 372, 282, 126, 24, 7, 6, 7, 349, 267, 239, 122, 27, 7, 5, 8, 302, 326, 226, 119, 28, 9, 5, 9
39, 244, 262, 260, 120, 18, 20, 61, 142, 171, 235, 239, 134, 19, 26, 58, 101, 197, 205, 260, 146, 26, 21, 68
28, 390, 319, 215, 46, 13, 8, 5, 231, 227, 283, 203, 53, 15, 7, 5, 222, 267, 256, 193, 54, 17, 8, 7
32, 571, 272, 98, 30, 13, 6, 2, 425, 308, 159, 82, 30, 12, 7, 1, 439, 292, 145, 94, 28, 16, 8, 2
42, 571, 311, 90, 10, 0, 0, 0, 419, 339, 177, 77, 12, 0, 0, 0, 419, 323, 178, 88, 16, 0, 0, 0
3, 327, 422, 143, 63, 35, 22, 9, 212, 415, 155, 109, 66, 36, 22, 9, 239, 377, 153, 121, 57, 40, 21, 16
2, 224, 353, 206, 85, 64, 36, 54, 162, 321, 119, 177, 95, 57, 41, 52, 201, 280, 110, 186, 95, 41, 55, 56
0, 197, 440, 299, 73, 15, 0, 0, 146, 208, 301, 276, 79, 14, 0, 0, 166, 217, 294, 253, 80, 14, 0, 0
1, 51, 289, 423, 211, 49, 0, 0, 66, 99, 187, 408, 213, 48, 3, 0, 115, 53, 193, 389, 219, 52, 3, 0
0, 13, 104, 378, 354, 134, 32, 9, 14, 13, 84, 357, 373, 136, 33, 14, 14, 15, 74, 337, 347, 172, 47, 18
0, 5, 99, 340, 354, 201, 23, 2, 0, 5, 92, 330, 351, 218, 25, 3, 0, 0, 67, 296, 344, 264, 49, 4
0, 4, 100, 375, 265, 181, 88, 11, 0, 5, 104, 367, 259, 178, 95, 16, 0, 2, 80, 335, 241, 221, 92, 53
0, 11, 89, 282, 255, 233, 140, 14, 1, 20, 88, 266, 254, 220, 151, 24, 0, 6, 77, 244, 230, 219, 177, 71
1, 55, 144, 306, 265, 177, 68, 8, 17, 55, 140, 300, 256, 177, 72, 7, 3, 49, 129, 281, 260, 173, 93, 36
1, 43, 50, 115, 368, 127, 169, 151, 13, 46, 99, 349, 94, 105, 136, 182, 0, 44, 129, 324, 83, 76, 124, 244
1, 54, 62, 67, 90, 112, 412, 226, 15, 70, 60, 91, 43, 93, 415, 237, 1, 55, 86, 74, 46, 55, 167, 540
0, 98, 72, 39, 47, 324, 444, 0, 19, 110, 48, 35, 40, 221, 551, 0, 0, 77, 81, 37, 36, 42, 750, 1
1, 19, 12, 16, 26, 246, 704, 0, 7, 17, 9, 16, 24, 174, 777, 0, 1, 15, 13, 15, 12, 46, 471, 451
0, 0, 0, 0, 0, 0, 1024, 0, 0, 0, 0, 0, 0, 0, 1024, 0, 0, 0, 0, 0, 0, 0, 22, 1002
84, 471, 238, 142, 26, 13, 10, 40, 270, 317, 196, 144, 31, 15, 11, 40, 221, 364, 204, 138, 36, 10, 11, 40
169, 539, 239, 47, 13, 8, 6, 3, 397, 326, 223, 47, 14, 7, 7, 3, 343, 381, 220, 48, 12, 9, 7, 4
49, 609, 247, 84, 22, 11, 2, 0, 247, 469, 192, 80, 24, 10, 2, 0, 250, 463, 189, 85, 24, 11, 2, 0
88, 655, 248, 25, 6, 2, 0, 0, 293, 517, 183, 23, 6, 2, 0, 0, 280, 575, 147, 14, 6, 2, 0, 0
90, 557, 290, 76, 9, 2, 0, 0, 341, 359, 246, 68, 7, 3, 0, 0, 304, 440, 211, 56, 9, 4, 0, 0
104, 589, 207, 106, 9, 5, 2, 2, 368, 372, 166, 101, 7, 6, 2, 2, 322, 413, 171, 92, 17, 4, 2, 3
64, 599, 253, 87, 16, 3, 2, 0, 327, 383, 210, 83, 14, 5, 2, 0, 274, 449, 194, 83, 16, 4, 3, 1
28, 544, 304, 123, 20, 4, 1, 0, 249, 392, 242, 115, 21, 4, 1, 0, 185, 460, 244, 106, 22, 5, 2, 0
47, 533, 272, 120, 32, 12, 8, 0, 284, 387, 189, 113, 29, 14, 8, 0, 207, 448, 202, 115, 32, 12, 8, 0
27, 483, 286, 130, 43, 20, 14, 21, 198, 410, 198, 122, 42, 19, 11, 24, 151, 445, 218, 108, 48, 15, 14, 25
40, 523, 302, 132, 19, 6, 1, 1, 223, 457, 202, 119, 15, 6, 1, 1, 171, 473, 223, 126, 22, 7, 1, 1
24, 530, 356, 89, 22, 3, 0, 0, 194, 508, 219, 81, 19, 3, 0, 0, 145, 532, 231, 88, 23, 5, 0, 0
6, 487, 376, 119, 33, 3, 0, 0, 156, 500, 233, 104, 30, 1, 0, 0, 107, 539, 234, 109, 31, 4, 0, 0
2, 333, 486, 152, 48, 3, 0, 0, 71, 480, 296, 127, 47, 3, 0, 0, 65, 487, 297, 125, 44, 6, 0, 0
11, 446, 392, 134, 39, 2, 0, 0, 183, 439, 254, 117, 30, 1, 0, 0, 131, 483, 262, 102, 37, 9, 0, 0
38, 557, 249, 99, 61, 19, 1, 0, 256, 473, 136, 80, 51, 23, 5, 0, 228, 471, 155, 82, 56, 26, 6, 0
29, 498, 289, 114, 63, 26, 5, 0, 282, 381, 178, 95, 50, 33, 5, 0, 267, 366, 197, 98, 54, 36, 6, 0
40, 556, 268, 94, 48, 17, 1, 0, 291, 460, 133, 77, 45, 15, 3, 0, 231, 484, 155, 85, 48, 20, 1, 0
25, 580, 331, 61, 21, 6, 0, 0, 328, 488, 140, 42, 20, 5, 1, 0, 260, 521, 163, 46, 26, 6, 2, 0
6, 409, 374, 74, 67, 17, 56, 21, 174, 469, 173, 50, 64, 21, 39, 34, 128, 483, 204, 46, 57, 27, 31, 48
4, 395, 309, 21, 7, 24, 207, 57, 170, 435, 110, 13, 5, 17, 209, 65, 84, 534, 100, 12, 9, 12, 138, 135
8, 354, 344, 18, 14, 169, 117, 0, 161, 449, 99, 15, 14, 45, 241, 0, 72, 541, 99, 12, 14, 17, 268, 1
6, 127, 140, 33, 62, 146, 510, 0, 41, 153, 82, 33, 55, 113, 547, 0, 38, 168, 72, 29, 40, 62, 431, 184
1, 17, 40, 56, 60, 165, 685, 0, 10, 23, 34, 58, 52, 110, 737, 0, 3, 19, 28, 40, 59, 57, 232, 586
258, 668, 91, 6, 1, 0, 0, 0, 728, 232, 52, 11, 1, 0, 0, 0, 762, 211, 44, 6, 1, 0, 0, 0
299, 652, 72, 1, 0, 0, 0, 0, 761, 243, 20, 0, 0, 0, 0, 0, 753, 254, 17, 0, 0, 0, 0, 0
190, 732, 101, 1, 0, 0, 0, 0, 704, 292, 28, 0, 0, 0, 0, 0, 662, 333, 28, 1, 0, 0, 0, 0
129, 642, 237, 15, 1, 0, 0, 0, 555, 403, 60, 6, 0, 0, 0, 0, 552, 404, 63, 5, 0, 0, 0, 0
44, 620, 335, 25, 0, 0, 0, 0, 389, 536, 88, 11, 0, 0, 0, 0, 429, 500, 84, 10, 1, 0, 0, 0
36, 464, 453, 62, 5, 3, 1, 0, 293, 548, 134, 43, 2, 2, 1, 1, 348, 497, 120, 46, 8, 3, 1, 1
40, 466, 421, 68, 16, 7, 4, 2, 285, 503, 148, 58, 17, 6, 5, 2, 319, 463, 150, 59, 19, 8, 3, 3
30, 339, 510, 96, 15, 10, 11, 13, 182, 509, 233, 54, 12, 9, 10, 15, 229, 505, 187, 49, 20, 7, 11, 16
55, 356, 412, 115, 43, 26, 9, 8, 233, 390, 245, 80, 35, 22, 11, 8, 236, 378, 235, 97, 35, 24, 12, 7
18, 209, 401, 234, 79, 39, 23, 21, 102, 316, 300, 144, 82, 39, 19, 22, 108, 311, 269, 167, 83, 41, 19, 26
3, 196, 494, 262, 30, 38, 1, 0, 55, 286, 399, 218, 29, 37, 0, 0, 62, 298, 384, 213, 37, 30, 0, 0
40, 271, 395, 238, 36, 36, 8, 0, 121, 308, 316, 211, 23, 37, 8, 0, 130, 292, 346, 189, 32, 33, 2, 0
14, 247, 401, 192, 75, 76, 19, 0, 58, 317, 357, 140, 72, 64, 16, 0, 61, 360, 318, 132, 67, 77, 8, 1
7, 157, 432, 254, 85, 75, 14, 0, 31, 204, 394, 233, 71, 78, 13, 0, 41, 194, 382, 241, 73, 83, 10, 0
7, 71, 259, 285, 174, 196, 32, 0, 17, 73, 253, 278, 166, 179, 58, 0, 16, 75, 271, 238, 175, 99, 150, 0
1, 55, 228, 278, 142, 288, 32, 0, 1, 62, 222, 263, 146, 273, 57, 0, 0, 50, 217, 255, 155, 145, 202, 0
0, 38, 171, 254, 162, 355, 44, 0, 0, 40, 166, 248, 154, 336, 80, 0, 0, 33, 163, 228, 148, 207, 244, 1
22, 111, 224, 149, 124, 315, 79, 0, 42, 119, 201, 143, 114, 269, 136, 0, 23, 105, 213, 140, 90, 166, 286, 1
28, 102, 151, 144, 191, 349, 50, 9, 47, 130, 118, 130, 165, 326, 100, 8, 39, 127, 108, 104, 144, 253, 239, 10
34, 134, 124, 160, 177, 318, 73, 4, 102, 131, 113, 138, 151, 285, 98, 6, 99, 131, 83, 118, 125, 244, 210, 14
69, 96, 100, 108, 146, 382, 105, 18, 119, 91, 96, 88, 119, 373, 119, 19, 97, 86, 85, 94, 91, 237, 283, 51
130, 145, 128, 140, 147, 295, 39, 0, 202, 114, 120, 120, 133, 269, 66, 0, 151, 123, 111, 126, 123, 182, 208, 0
71, 167, 153, 175, 266, 189, 3, 0, 144, 142, 149, 151, 225, 201, 12, 0, 76, 174, 136, 145, 190, 247, 56, 0
106, 278, 193, 152, 147, 143, 5, 0, 229, 227, 138, 135, 139, 139, 17, 0, 133, 256, 160, 138, 144, 133, 60, 0
18, 199, 340, 306, 138, 23, 0, 0, 86, 250, 382, 205, 82, 18, 1, 0, 107, 290, 353, 178, 66, 30, 0, 0
130, 192, 217, 152, 229, 103, 1, 0, 177, 182, 200, 148, 189, 127, 1, 0, 169, 208, 170, 141, 163, 159, 14, 0
123, 404, 245, 152, 64, 29, 4, 3, 358, 347, 159, 72, 51, 30, 5, 2, 414, 320, 145, 54, 49, 33, 8, 1
55, 312, 288, 281, 70, 17, 1, 0, 260, 346, 288, 91, 29, 10, 0, 0, 315, 377, 219, 76, 25, 12, 0, 0
51, 206, 260, 303, 162, 38, 4, 0, 171, 286, 302, 151, 90, 23, 1, 0, 218, 333, 247, 108, 88, 27, 3, 0
55, 256, 237, 217, 181, 74, 4, 0, 209, 261, 189, 153, 139, 70, 3, 0, 249, 242, 170, 132, 145, 83, 3, 0
50, 162, 168, 227, 243, 172, 2, 0, 150, 152, 196, 168, 209, 147, 2, 0, 156, 159, 194, 131, 180, 196, 8, 0
88, 181, 292, 221, 149, 91, 2, 0, 213, 297, 220, 73, 129, 91, 1, 0, 260, 321, 157, 69, 104, 107, 6, 0
21, 118, 274, 396, 142, 72, 1, 0, 108, 246, 400, 124, 75, 69, 2, 0, 137, 364, 273, 85, 82, 71, 12, 0
64, 235, 178, 212, 201, 132, 2, 0, 223, 194, 183, 153, 145, 123, 3, 0, 219, 216, 158, 141, 138, 126, 25, 1
77, 209, 254, 190, 187, 102, 5, 0, 216, 259, 169, 137, 147, 94, 2, 0, 254, 228, 135, 120, 150, 118, 19, 0
105, 147, 171, 255, 202, 134, 10, 0, 204, 153, 228, 154, 142, 128, 15, 0, 201, 164, 221, 126, 120, 148, 44, 0
99, 205, 276, 269, 104, 66, 5, 0, 247, 301, 244, 93, 81, 54, 4, 0, 296, 319, 162, 80, 78, 65, 24, 0
75, 172, 251, 274, 161, 87, 4, 0, 215, 283, 235, 114, 105, 72, 0, 0, 246, 299, 192, 98, 77, 89, 23, 0
125, 287, 259, 186, 110, 56, 1, 0, 340, 265, 189, 97, 84, 48, 1, 0, 336, 271, 168, 81, 90, 54, 24, 0
67, 212, 287, 200, 172, 81, 5, 0, 224, 246, 215, 141, 118, 73, 7, 0, 216, 252, 203, 138, 115, 78, 22, 0
176, 177, 101, 141, 181, 241, 7, 0, 286, 114, 106, 117, 162, 232, 7, 0, 277, 113, 95, 95, 129, 244, 71, 0
348, 244, 171, 127, 93, 39, 2, 0, 507, 201, 112, 99, 66, 37, 2, 0, 485, 203, 109, 97, 65, 54, 11, 0
133, 187, 161, 469, 48, 25, 1, 0, 266, 346, 330, 31, 23, 26, 2, 0, 260, 593, 81, 25, 32, 30, 3, 0
103, 145, 365, 368, 38, 5, 0, 0, 232, 468, 283, 24, 13, 4, 0, 0, 317, 588, 78, 22, 13, 6, 0, 0
174, 285, 330, 188, 37, 10, 0, 0, 364, 409, 184, 46, 15, 6, 0, 0, 404, 430, 118, 45, 20, 7, 0, 0
172, 168, 176, 399, 78, 31, 0, 0, 312, 250, 356, 39, 35, 31, 1, 0, 353, 349, 213, 34, 35, 35, 5, 0
230, 199, 211, 323, 47, 13, 1, 0, 368, 341, 230, 45, 29, 11, 0, 0, 392, 417, 118, 46, 36, 9, 6, 0
102, 217, 375, 288, 33, 9, 0, 0, 277, 456, 222, 44, 17, 8, 0, 0, 327, 491, 147, 32, 18, 9, 0, 0
135, 376, 319, 133, 47, 14, 0, 0, 382, 401, 152, 60, 17, 12, 0, 0, 494, 343, 120, 32, 24, 11, 0, 0
297, 455, 176, 59, 21, 16, 0, 0, 597, 281, 86, 31, 13, 15, 1, 0, 611, 284, 69, 32, 11, 17, 0, 0
196, 393, 281, 151, 3, 0, 0, 0, 505, 354, 161, 4, 0, 0, 0, 0, 594, 370, 60, 0, 0, 0, 0, 0
67, 294, 443, 218, 2, 0, 0, 0, 328, 502, 193, 1, 0, 0, 0, 0, 480, 507, 37, 0, 0, 0, 0, 0
73, 331, 374, 234, 12, 0, 0, 0, 370, 418, 229, 7, 0, 0, 0, 0, 474, 461, 86, 3, 0, 0, 0, 0
130, 367, 283, 199, 34, 11, 0, 0, 426, 344, 204, 32, 15, 3, 0, 0, 505, 351, 127, 25, 12, 4, 0, 0
109, 360, 267, 168, 80, 36, 4, 0, 387, 297, 167, 85, 58, 28, 2, 0, 407, 318, 142, 66, 59, 28, 4, 0
170, 317, 268, 244, 25, 0, 0, 0, 450, 318, 252, 4, 0, 0, 0, 0, 507, 427, 90, 0, 0, 0, 0, 0
79, 214, 353, 321, 53, 4, 0, 0, 288, 387, 310, 31, 7, 1, 0, 0, 372, 458, 167, 19, 6, 2, 0, 0
111, 329, 349, 202, 30, 3, 0, 0, 400, 399, 199, 14, 11, 1, 0, 0, 476, 458, 66, 11, 8, 5, 0, 0
185, 301, 306, 206, 25, 1, 0, 0, 448, 350, 202, 20, 3, 1, 0, 0, 522, 380, 109, 9, 3, 1, 0, 0
269, 282, 281, 181, 9, 2, 0, 0, 523, 329, 153, 17, 1, 1, 0, 0, 597, 356, 56, 13, 1, 1, 0, 0
456, 223, 187, 145, 13, 0, 0, 0, 659, 230, 126, 9, 0, 0, 0, 0, 704, 253, 63, 4, 0, 0, 0, 0
359, 273, 137, 225, 30, 0, 0, 0, 594, 198, 218, 13, 1, 0, 0, 0, 633, 310, 80, 1, 0, 0, 0, 0
331, 270, 229, 174, 20, 0, 0, 0, 564, 281, 172, 7, 0, 0, 0, 0, 626, 322, 72, 4, 0, 0, 0, 0
279, 349, 255, 102, 29, 10, 0, 0, 565, 295, 104, 37, 16, 7, 0, 0, 582, 307, 69, 33, 24, 9, 0, 0
264, 176, 134, 431, 19, 0, 0, 0, 421, 255, 346, 2, 0, 0, 0, 0, 446, 484, 94, 0, 0, 0, 0, 0
157, 247, 186, 425, 9, 0, 0, 0, 348, 343, 324, 8, 1, 0, 0, 0, 422, 493, 102, 6, 1, 0, 0, 0
196, 320, 236, 269, 3, 0, 0, 0, 460, 364, 197, 3, 0, 0, 0, 0, 527, 447, 49, 1, 0, 0, 0, 0
306, 233, 256, 207, 14, 8, 0, 0, 484, 362, 151, 15, 10, 2, 0, 0, 515, 422, 59, 17, 10, 1, 0, 0
226, 304, 287, 183, 14, 10, 0, 0, 440, 431, 117, 17, 10, 9, 0, 0, 514, 427, 55, 7, 13, 8, 0, 0
283, 284, 225, 205, 18, 9, 0, 0, 523, 285, 183, 12, 13, 8, 0, 0, 546, 332, 111, 13, 13, 9, 0, 0
368, 182, 134, 336, 4, 0, 0, 0, 544, 318, 162, 0, 0, 0, 0, 0, 586, 419, 19, 0, 0, 0, 0, 0
422, 262, 192, 145, 3, 0, 0, 0, 671, 263, 84, 3, 3, 0, 0, 0, 697, 293, 24, 7, 3, 0, 0, 0
178, 310, 415, 121, 0, 0, 0, 0, 422, 476, 121, 5, 0, 0, 0, 0, 576, 416, 27, 5, 0, 0, 0, 0
171, 327, 428, 98, 0, 0, 0, 0, 453, 528, 43, 0, 0, 0, 0, 0, 669, 348, 7, 0, 0, 0, 0, 0
54, 260, 568, 142, 0, 0, 0, 0, 294, 630, 100, 0, 0, 0, 0, 0, 496, 517, 11, 0, 0, 0, 0, 0
133, 345, 368, 178, 0, 0, 0, 0, 447, 519, 58, 0, 0, 0, 0, 0, 651, 365, 8, 0, 0, 0, 0, 0
237, 351, 261, 174, 1, 0, 0, 0, 498, 414, 112, 0, 0, 0, 0, 0, 621, 385, 18, 0, 0, 0, 0, 0
168, 374, 318, 164, 0, 0, 0, 0, 490, 430, 104, 0, 0, 0, 0, 0, 583, 410, 31, 0, 0, 0, 0, 0
242, 285, 331, 165, 0, 1, 0, 0, 515, 432, 76, 0, 1, 0, 0, 0, 599, 410, 13, 1, 0, 1, 0, 0
260, 373, 267, 122, 2, 0, 0, 0, 551, 373, 99, 1, 0, 0, 0, 0, 648, 352, 24, 0, 0, 0, 0, 0
275, 513, 205, 31, 0, 0, 0, 0, 713, 297, 14, 0, 0, 0, 0, 0, 757, 264, 3, 0, 0, 0, 0, 0
347, 406, 213, 58, 0, 0, 0, 0, 701, 273, 50, 0, 0, 0, 0, 0, 755, 255, 14, 0, 0, 0, 0, 0
261, 444, 279, 40, 0, 0, 0, 0, 646, 362, 16, 0, 0, 0, 0, 0, 762, 262, 0, 0, 0, 0, 0, 0
109, 366, 334, 214, 1, 0, 0, 0, 460, 475, 87, 2, 0, 0, 0, 0, 620, 384, 20, 0, 0, 0, 0, 0
176, 277, 476, 95, 0, 0, 0, 0, 421, 549, 54, 0, 0, 0, 0, 0, 616, 397, 11, 0, 0, 0, 0, 0
196, 250, 456, 122, 0, 0, 0, 0, 471, 492, 61, 0, 0, 0, 0, 0, 643, 361, 20, 0, 0, 0, 0, 0
185, 303, 342, 193, 1, 0, 0, 0, 468, 454, 102, 0, 0, 0, 0, 0, 592, 414, 18, 0, 0, 0, 0, 0
257, 256, 351, 144, 12, 4, 0, 0, 490, 462, 46, 15, 8, 3, 0, 0, 603, 369, 26, 13, 11, 2, 0, 0
272, 262, 379, 111, 0, 0, 0, 0, 523, 455, 46, 0, 0, 0, 0, 0, 664, 353, 7, 0, 0, 0, 0, 0
349, 177, 394, 104, 0, 0, 0, 0, 536, 462, 26, 0, 0, 0, 0, 0, 674, 348, 2, 0, 0, 0, 0, 0
506, 192, 248, 77, 1, 0, 0, 0, 691, 299, 34, 0, 0, 0, 0, 0, 778, 239, 7, 0, 0, 0, 0, 0
360, 311, 248, 105, 0, 0, 0, 0, 645, 323, 56, 0, 0, 0, 0, 0, 715, 291, 18, 0, 0, 0, 0, 0
460, 215, 178, 171, 0, 0, 0, 0, 639, 275, 110, 0, 0, 0, 0, 0, 663, 346, 15, 0, 0, 0, 0, 0
499, 199, 196, 127, 3, 0, 0, 0, 664, 293, 60, 6, 1, 0, 0, 0, 699, 298, 20, 6, 1, 0, 0, 0
412, 286, 273, 51, 2, 0, 0, 0, 658, 315, 44, 6, 1, 0, 0, 0, 706, 289, 21, 6, 2, 0, 0, 0
387, 280, 284, 73, 0, 0, 0, 0, 632, 351, 41, 0, 0, 0, 0, 0, 674, 339, 11, 0, 0, 0, 0, 0
246, 336, 354, 88, 0, 0, 0, 0, 528, 426, 70, 0, 0, 0, 0, 0, 658, 354, 12, 0, 0, 0, 0, 0
82, 271, 434, 237, 0, 0, 0, 0, 321, 556, 147, 0, 0, 0, 0, 0, 496, 503, 25, 0, 0, 0, 0, 0
280, 359, 296, 88, 1, 0, 0, 0, 594, 357, 73, 0, 0, 0, 0, 0, 710, 298, 16, 0, 0, 0, 0, 0
172, 326, 284, 241, 1, 0, 0, 0, 463, 416, 145, 0, 0, 0, 0, 0, 592, 422, 10, 0, 0, 0, 0, 0
269, 284, 303, 168, 0, 0, 0, 0, 545, 437, 42, 0, 0, 0, 0, 0, 682, 336, 6, 0, 0, 0, 0, 0
334, 329, 268, 92, 1, 0, 0, 0, 626, 334, 64, 0, 0, 0, 0, 0, 719, 294, 11, 0, 0, 0, 0, 0
319, 304, 267, 134, 0, 0, 0, 0, 608, 363, 53, 0, 0, 0, 0, 0, 714, 301, 9, 0, 0, 0, 0, 0
230, 279, 395, 116, 4, 0, 0, 0, 525, 421, 76, 2, 0, 0, 0, 0, 697, 302, 25, 0, 0, 0, 0, 0
323, 220, 301, 175, 5, 0, 0, 0, 523, 365, 136, 0, 0, 0, 0, 0, 619, 370, 35, 0, 0, 0, 0, 0
166, 293, 403, 156, 6, 0, 0, 0, 444, 446, 124, 10, 0, 0, 0, 0, 568, 416, 35, 5, 0, 0, 0, 0
182, 135, 347, 357, 3, 0, 0, 0, 337, 599, 86, 2, 0, 0, 0, 0, 539, 475, 10, 0, 0, 0, 0, 0
235, 166, 323, 300, 0, 0, 0, 0, 402, 479, 143, 0, 0, 0, 0, 0, 524, 483, 17, 0, 0, 0, 0, 0
195, 272, 408, 149, 0, 0, 0, 0, 494, 471, 58, 1, 0, 0, 0, 0, 658, 359, 7, 0, 0, 0, 0, 0
136, 318, 429, 141, 0, 0, 0, 0, 441, 524, 59, 0, 0, 0, 0, 0, 600, 414, 10, 0, 0, 0, 0, 0
280, 388, 279, 77, 0, 0, 0, 0, 630, 355, 39, 0, 0, 0, 0, 0, 712, 300, 12, 0, 0, 0, 0, 0
388, 337, 239, 60, 0, 0, 0, 0, 678, 302, 44, 0, 0, 0, 0, 0, 731, 281, 12, 0, 0, 0, 0, 0
369, 255, 231, 168, 1, 0, 0, 0, 578, 327, 119, 0, 0, 0, 0, 0, 651, 350, 23, 0, 0, 0, 0, 0
336, 260, 336, 92, 0, 0, 0, 0, 583, 411, 30, 0, 0, 0, 0, 0, 693, 331, 0, 0, 0, 0, 0, 0
218, 237, 379, 190, 0, 0, 0, 0, 453, 478, 93, 0, 0, 0, 0, 0, 583, 430, 11, 0, 0, 0, 0, 0
386, 324, 220, 94, 0, 0, 0, 0, 653, 290, 81, 0, 0, 0, 0, 0, 715, 296, 13, 0, 0, 0, 0, 0
264, 181, 410, 169, 0, 0, 0, 0, 452, 489, 83, 0, 0, 0, 0, 0, 589, 418, 17, 0, 0, 0, 0, 0
196, 265, 428, 135, 0, 0, 0, 0, 497, 465, 62, 0, 0, 0, 0, 0, 608, 406, 10, 0, 0, 0, 0, 0
181, 280, 498, 65, 0, 0, 0, 0, 468, 534, 22, 0, 0, 0, 0, 0, 585, 436, 3, 0, 0, 0, 0, 0
260, 295, 410, 59, 0, 0, 0, 0, 553, 429, 42, 0, 0, 0, 0, 0, 609, 409, 6, 0, 0, 0, 0, 0
179, 434, 320, 91, 0, 0, 0, 0, 341, 466, 174, 37, 6, 0, 0, 0, 462, 433, 98, 31, 0, 0, 0, 0
300, 410, 229, 85, 0, 0, 0, 0, 506, 388, 116, 14, 0, 0, 0, 0, 597, 371, 47, 9, 0, 0, 0, 0
197, 439, 289, 97, 2, 0, 0, 0, 474, 389, 138, 23, 0, 0, 0, 0, 539, 382, 83, 20, 0, 0, 0, 0
280, 382, 278, 74, 7, 1, 1, 1, 519, 334, 142, 20, 6, 1, 2, 0, 573, 333, 92, 18, 5, 1, 1, 1
241, 330, 315, 116, 11, 6, 3, 2, 443, 318, 217, 28, 6, 7, 3, 2, 510, 326, 153, 17, 10, 3, 3, 2
376, 290, 187, 101, 24, 15, 12, 19, 546, 236, 128, 40, 26, 17, 11, 20, 584, 238, 100, 28, 25, 17, 13, 19
181, 324, 273, 136, 13, 18, 21, 58, 384, 313, 166, 48, 15, 17, 22, 59, 454, 315, 108, 40, 12, 17, 20, 58
150, 295, 364, 208, 7, 0, 0, 0, 324, 390, 253, 51, 6, 0, 0, 0, 425, 409, 140, 46, 4, 0, 0, 0
152, 316, 331, 214, 10, 1, 0, 0, 354, 405, 223, 35, 6, 1, 0, 0, 407, 456, 127, 30, 4, 0, 0, 0
193, 381, 261, 185, 4, 0, 0, 0, 381, 443, 189, 11, 0, 0, 0, 0, 447, 491, 78, 8, 0, 0, 0, 0
259, 425, 244, 95, 1, 0, 0, 0, 473, 406, 142, 3, 0, 0, 0, 0, 552, 411, 57, 4, 0, 0, 0, 0
168, 304, 341, 132, 18, 15, 16, 30, 379, 349, 182, 36, 20, 12, 18, 28, 459, 367, 88, 31, 19, 12, 22, 26
326, 288, 236, 105, 30, 19, 12, 8, 536, 244, 140, 37, 29, 17, 12, 9, 571, 258, 91, 31, 31, 23, 9, 10
509, 311, 140, 59, 5, 0, 0, 0, 722, 201, 95, 6, 0, 0, 0, 0, 784, 188, 51, 1, 0, 0, 0, 0
209, 349, 261, 201, 4, 0, 0, 0, 446, 304, 240, 34, 0, 0, 0, 0, 508, 351, 142, 23, 0, 0, 0, 0
252, 241, 269, 198, 46, 18, 0, 0, 406, 283, 185, 80, 50, 19, 1, 0, 485, 320, 84, 65, 46, 23, 1, 0
223, 146, 225, 333, 72, 23, 2, 0, 334, 217, 288, 91, 68, 24, 2, 0, 375, 324, 143, 83, 77, 21, 1, 0
200, 229, 249, 274, 44, 28, 0, 0, 388, 284, 183, 96, 40, 32, 1, 0, 458, 331, 81, 83, 37, 32, 2, 0
322, 342, 214, 125, 7, 14, 0, 0, 530, 291, 142, 38, 7, 16, 0, 0, 596, 283, 87, 37, 9, 12, 0, 0
271, 365, 233, 63, 29, 13, 45, 5, 504, 324, 86, 26, 13, 21, 26, 24, 585, 275, 67, 20, 9, 17, 28, 23
283, 269, 230, 96, 20, 92, 34, 0, 473, 301, 89, 14, 16, 85, 46, 0, 541, 287, 40, 16, 16, 75, 48, 1
238, 200, 199, 102, 13, 261, 11, 0, 373, 248, 110, 8, 8, 188, 89, 0, 414, 275, 46, 7, 20, 67, 195, 0
266, 205, 136, 120, 11, 255, 31, 0, 402, 168, 140, 16, 12, 92, 194, 0, 426, 218, 68, 18, 13, 38, 243, 0
318, 181, 141, 70, 20, 169, 125, 0, 441, 156, 101, 11, 15, 44, 256, 0, 444, 175, 85, 14, 13, 40, 249, 4
16, 386, 521, 98, 3, 0, 0, 0, 36, 379, 488, 117, 4, 0, 0, 0, 83, 459, 400, 79, 3, 0, 0, 0
80, 532, 360, 51, 1, 0, 0, 0, 98, 526, 350, 49, 1, 0, 0, 0, 157, 558, 268, 38, 3, 0, 0, 0
111, 479, 307, 120, 6, 1, 0, 0, 134, 459, 296, 122, 12, 1, 0, 0, 114, 478, 297, 120, 14, 1, 0, 0
59, 402, 370, 148, 29, 11, 5, 0, 80, 400, 350, 148, 28, 14, 3, 1, 72, 383, 361, 152, 40, 12, 4, 0
7, 223, 469, 241, 48, 20, 14, 2, 12, 218, 458, 245, 49, 23, 13, 6, 14, 237, 432, 246, 56, 20, 13, 6
29, 443, 238, 103, 69, 39, 35, 68, 95, 402, 218, 93, 74, 39, 30, 73, 57, 432, 209, 100, 59, 52, 37, 78
50, 298, 256, 186, 36, 21, 39, 138, 143, 226, 242, 177, 38, 23, 40, 135, 68, 269, 242, 191, 46, 23, 33, 152
12, 281, 436, 242, 52, 1, 0, 0, 28, 290, 414, 235, 57, 0, 0, 0, 20, 320, 382, 237, 63, 2, 0, 0
170, 328, 367, 130, 21, 7, 0, 1, 243, 286, 359, 111, 19, 5, 0, 1, 190, 357, 346, 104, 19, 7, 1, 0
60, 447, 386, 105, 22, 2, 2, 0, 80, 459, 361, 95, 24, 3, 2, 0, 96, 466, 329, 97, 30, 4, 1, 1
22, 525, 358, 98, 19, 2, 0, 0, 61, 532, 306, 98, 25, 2, 0, 0, 112, 564, 228, 85, 33, 2, 0, 0
42, 518, 345, 62, 29, 17, 9, 2, 80, 548, 284, 58, 26, 19, 7, 2, 71, 515, 300, 67, 35, 19, 11, 6
34, 491, 332, 119, 23, 16, 6, 3, 92, 502, 278, 105, 23, 14, 6, 4, 80, 516, 260, 103, 39, 15, 7, 4
22, 478, 431, 82, 8, 1, 2, 0, 79, 466, 386, 81, 6, 4, 2, 0, 73, 509, 356, 75, 7, 2, 2, 0
2, 258, 597, 140, 21, 6, 0, 0, 15, 319, 543, 120, 19, 8, 0, 0, 14, 451, 420, 119, 20, 0, 0, 0
0, 119, 243, 317, 239, 105, 1, 0, 1, 202, 185, 280, 212, 140, 4, 0, 5, 135, 195, 318, 244, 116, 11, 0
0, 61, 185, 274, 338, 166, 0, 0, 3, 118, 164, 230, 314, 195, 0, 0, 0, 64, 141, 246, 330, 233, 10, 0
0, 27, 167, 336, 339, 155, 0, 0, 0, 52, 160, 308, 308, 195, 1, 0, 0, 18, 131, 297, 314, 257, 7, 0
0, 23, 155, 274, 249, 320, 3, 0, 0, 43, 142, 251, 240, 335, 12, 1, 0, 11, 133, 244, 186, 429, 20, 1
0, 5, 43, 147, 222, 300, 281, 26, 1, 9, 87, 132, 164, 310, 274, 47, 0, 4, 84, 104, 111, 329, 232, 160
1, 18, 60, 54, 119, 667, 105, 0, 10, 48, 38, 45, 95, 593, 195, 0, 0, 26, 47, 35, 59, 441, 415, 1
0, 31, 106, 90, 160, 618, 19, 0, 19, 61, 83, 80, 132, 560, 89, 0, 10, 30, 79, 74, 97, 257, 477, 0
1, 52, 94, 46, 95, 662, 74, 0, 34, 82, 43, 45, 76, 483, 261, 0, 18, 73, 49, 36, 49, 148, 651, 0
0, 0, 0, 0, 8, 313, 703, 0, 0, 0, 0, 0, 5, 107, 912, 0, 0, 0, 0, 0, 0, 13, 974, 37
51, 636, 246, 54, 5, 26, 6, 0, 389, 399, 146, 46, 12, 25, 7, 0, 429, 393, 134, 35, 5, 26, 2, 0
119, 693, 144, 24, 11, 20, 13, 0, 562, 338, 59, 18, 11, 25, 9, 2, 584, 330, 51, 15, 10, 23, 9, 2
269, 590, 115, 13, 5, 28, 4, 0, 631, 304, 44, 9, 12, 20, 4, 0, 620, 317, 40, 10, 17, 19, 1, 0
168, 502, 247, 64, 8, 33, 2, 0, 455, 373, 88, 65, 30, 11, 2, 0, 482, 335, 85, 76, 35, 9, 0, 2
118, 418, 241, 95, 58, 55, 16, 23, 327, 314, 152, 86, 77, 27, 16, 25, 293, 318, 159, 87, 93, 28, 15, 31
52, 360, 284, 120, 75, 61, 48, 24, 263, 299, 163, 102, 79, 49, 40, 29, 241, 299, 150, 115, 78, 58, 47, 36
6, 338, 312, 155, 101, 59, 24, 29, 178, 359, 131, 136, 116, 56, 19, 29, 162, 345, 138, 110, 141, 74, 23, 31
57, 412, 214, 172, 116, 48, 1, 4, 328, 215, 149, 152, 144, 30, 2, 4, 282, 236, 142, 144, 170, 44, 2, 4
135, 425, 232, 123, 77, 32, 0, 0, 423, 298, 87, 92, 107, 17, 0, 0, 406, 304, 69, 86, 150, 9, 0, 0
69, 379, 281, 125, 136, 34, 0, 0, 284, 329, 129, 113, 137, 32, 0, 0, 304, 277, 134, 97, 182, 30, 0, 0
34, 417, 273, 127, 136, 37, 0, 0, 312, 311, 107, 119, 158, 17, 0, 0, 306, 290, 114, 100, 183, 31, 0, 0
27, 433, 268, 116, 139, 40, 1, 0, 290, 360, 100, 94, 135, 45, 0, 0, 284, 341, 97, 84, 165, 53, 0, 0
58, 423, 262, 97, 147, 26, 10, 1, 363, 316, 82, 78, 142, 32, 11, 0, 367, 283, 85, 58, 179, 48, 4, 0
34, 473, 267, 89, 127, 30, 4, 0, 380, 348, 58, 75, 122, 37, 4, 0, 384, 324, 59, 65, 157, 33, 2, 0
10, 345, 390, 96, 145, 26, 12, 0, 260, 418, 100, 65, 124, 43, 14, 0, 281, 381, 106, 43, 154, 54, 5, 0
43, 388, 319, 106, 134, 21, 13, 0, 346, 328, 115, 79, 115, 28, 13, 0, 332, 340, 91, 68, 105, 76, 12, 0
95, 431, 328, 81, 50, 13, 23, 3, 405, 388, 98, 47, 48, 11, 20, 7, 386, 390, 82, 60, 43, 39, 20, 4
21, 525, 345, 73, 27, 11, 21, 1, 427, 413, 83, 50, 19, 9, 21, 2, 423, 398, 74, 48, 44, 19, 17, 1
69, 585, 243, 51, 40, 29, 7, 0, 514, 344, 55, 44, 30, 29, 7, 1, 475, 360, 53, 42, 46, 42, 6, 0
94, 547, 302, 35, 13, 10, 18, 5, 450, 427, 81, 23, 11, 9, 19, 4, 428, 428, 87, 33, 15, 10, 19, 4
18, 505, 286, 53, 35, 99, 19, 9, 354, 375, 109, 30, 29, 77, 38, 12, 273, 450, 108, 44, 22, 58, 56, 13
15, 414, 292, 79, 74, 131, 13, 6, 320, 346, 81, 53, 65, 103, 49, 7, 284, 382, 67, 57, 66, 96, 64, 8
38, 291, 198, 35, 40, 291, 109, 22, 235, 255, 47, 23, 31, 109, 293, 31, 202, 299, 40, 18, 39, 60, 333, 33
0, 0, 0, 0, 0, 217, 780, 27, 0, 0, 0, 0, 0, 34, 958, 32, 0, 0, 0, 0, 0, 1, 919, 104
