1, 46, 80, 61, 45, 42, 199, 550, 0, 29, 58, 75, 54, 38, 50, 720, 0, 19, 52, 68, 57, 44, 46, 738
19, 230, 223, 116, 81, 55, 83, 217, 9, 173, 220, 148, 92, 59, 68, 255, 15, 174, 191, 153, 89, 66, 55, 281
184, 437, 349, 42, 5, 5, 2, 0, 139, 383, 382, 101, 11, 1, 7, 0, 359, 451, 181, 20, 6, 1, 6, 0
297, 478, 216, 33, 0, 0, 0, 0, 267, 479, 228, 50, 0, 0, 0, 0, 501, 422, 99, 2, 0, 0, 0, 0
352, 272, 241, 129, 21, 6, 0, 3, 360, 238, 212, 171, 31, 7, 2, 3, 602, 316, 83, 16, 4, 3, 0, 0
101, 456, 338, 103, 19, 4, 2, 1, 233, 434, 240, 90, 23, 1, 3, 0, 397, 483, 121, 18, 2, 2, 1, 0
74, 251, 311, 208, 92, 48, 24, 16, 306, 326, 221, 90, 46, 25, 8, 2, 524, 271, 134, 55, 25, 12, 3, 0
2, 132, 269, 295, 152, 105, 39, 30, 128, 279, 289, 160, 99, 42, 16, 11, 302, 322, 201, 110, 58, 18, 13, 0
25, 313, 251, 155, 79, 61, 70, 70, 3, 220, 294, 169, 111, 64, 49, 114, 10, 216, 240, 175, 125, 69, 56, 133
68, 377, 230, 127, 65, 49, 43, 65, 34, 316, 270, 153, 79, 46, 45, 81, 45, 369, 216, 124, 89, 44, 46, 91
180, 486, 247, 53, 22, 14, 7, 15, 143, 466, 276, 77, 24, 14, 8, 16, 340, 430, 163, 36, 19, 15, 5, 16
383, 569, 67, 5, 0, 0, 0, 0, 441, 497, 78, 8, 0, 0, 0, 0, 643, 349, 32, 0, 0, 0, 0, 0
237, 374, 258, 122, 25, 3, 1, 4, 277, 329, 246, 131, 32, 4, 1, 4, 478, 399, 127, 14, 1, 1, 4, 0
21, 234, 311, 195, 100, 74, 35, 54, 60, 326, 302, 179, 78, 41, 31, 7, 234, 428, 204, 80, 48, 24, 6, 0
0, 97, 389, 283, 126, 74, 32, 23, 107, 423, 271, 132, 53, 21, 13, 4, 420, 332, 170, 65, 21, 14, 2, 0
64, 154, 233, 228, 172, 103, 53, 17, 208, 267, 210, 174, 99, 50, 13, 3, 381, 256, 191, 123, 49, 20, 4, 0
165, 541, 226, 67, 18, 4, 0, 3, 105, 545, 264, 78, 24, 4, 1, 3, 277, 505, 167, 44, 22, 6, 0, 3
132, 548, 270, 58, 9, 5, 0, 2, 87, 550, 297, 67, 16, 5, 0, 2, 259, 560, 154, 34, 10, 5, 0, 2
295, 571, 127, 24, 7, 0, 0, 0, 351, 524, 119, 24, 6, 0, 0, 0, 503, 441, 65, 14, 1, 0, 0, 0
405, 462, 130, 27, 0, 0, 0, 0, 497, 396, 110, 21, 0, 0, 0, 0, 619, 321, 78, 6, 0, 0, 0, 0
266, 341, 231, 136, 26, 13, 7, 4, 346, 272, 227, 132, 24, 12, 7, 4, 463, 401, 127, 12, 12, 6, 1, 2
3, 165, 339, 240, 68, 35, 44, 130, 30, 276, 341, 151, 41, 31, 44, 110, 88, 398, 266, 75, 32, 28, 38, 99
1, 32, 122, 481, 302, 38, 26, 22, 20, 108, 204, 564, 81, 19, 17, 11, 79, 140, 286, 446, 39, 19, 9, 6
55, 194, 225, 206, 157, 109, 45, 33, 171, 252, 190, 192, 133, 47, 27, 12, 307, 241, 213, 162, 58, 30, 12, 1
93, 516, 187, 61, 30, 33, 29, 75, 61, 493, 219, 73, 32, 32, 30, 84, 147, 461, 165, 74, 28, 31, 28, 90
120, 458, 173, 81, 60, 50, 36, 46, 98, 437, 184, 95, 70, 48, 34, 58, 168, 402, 148, 84, 63, 51, 37, 71
244, 554, 172, 38, 12, 1, 2, 1, 276, 507, 181, 44, 12, 1, 2, 1, 488, 411, 98, 17, 6, 1, 3, 0
456, 459, 91, 13, 5, 0, 0, 0, 529, 396, 79, 17, 3, 0, 0, 0, 699, 291, 29, 4, 1, 0, 0, 0
418, 341, 151, 68, 24, 14, 4, 4, 482, 289, 144, 64, 24, 15, 2, 4, 630, 283, 74, 21, 10, 4, 2, 0
20, 135, 468, 371, 19, 5, 1, 5, 38, 173, 535, 253, 15, 4, 2, 4, 59, 274, 513, 164, 8, 1, 3, 2
31, 182, 395, 393, 23, 0, 0, 0, 94, 281, 411, 236, 2, 0, 0, 0, 145, 339, 413, 127, 0, 0, 0, 0
189, 373, 229, 114, 55, 38, 20, 6, 378, 319, 171, 77, 44, 23, 9, 3, 444, 307, 171, 62, 27, 9, 3, 1
43, 330, 318, 168, 73, 41, 36, 15, 12, 243, 327, 223, 100, 42, 45, 32, 105, 342, 240, 117, 67, 59, 29, 65
83, 378, 271, 103, 44, 25, 27, 93, 69, 351, 273, 139, 44, 28, 25, 95, 218, 417, 165, 55, 29, 27, 22, 91
353, 459, 132, 69, 9, 1, 0, 1, 326, 452, 146, 80, 17, 2, 0, 1, 574, 356, 75, 15, 3, 0, 0, 1
278, 292, 272, 165, 15, 2, 0, 0, 261, 270, 244, 207, 40, 2, 0, 0, 477, 363, 166, 16, 2, 0, 0, 0
436, 398, 141, 49, 0, 0, 0, 0, 493, 355, 100, 72, 4, 0, 0, 0, 646, 307, 69, 2, 0, 0, 0, 0
70, 357, 384, 158, 39, 10, 6, 0, 131, 353, 347, 141, 37, 9, 6, 0, 233, 463, 248, 57, 15, 5, 3, 0
100, 445, 315, 121, 31, 11, 1, 0, 233, 447, 234, 88, 15, 7, 0, 0, 285, 444, 231, 52, 9, 3, 0, 0
235, 401, 233, 87, 40, 15, 6, 7, 478, 330, 128, 51, 22, 8, 7, 0, 568, 301, 99, 34, 14, 8, 0, 0
89, 431, 313, 125, 27, 32, 5, 2, 42, 368, 301, 206, 47, 25, 32, 3, 273, 440, 189, 39, 17, 18, 16, 32
13, 269, 273, 166, 70, 45, 34, 154, 8, 235, 296, 170, 75, 51, 34, 155, 75, 309, 229, 120, 65, 42, 31, 153
50, 301, 347, 235, 52, 11, 10, 18, 41, 264, 306, 284, 84, 16, 9, 20, 180, 450, 261, 77, 20, 8, 11, 17
73, 369, 402, 152, 20, 5, 1, 2, 72, 341, 402, 173, 28, 5, 1, 2, 250, 502, 215, 48, 5, 2, 2, 0
140, 534, 270, 75, 5, 0, 0, 0, 132, 467, 308, 104, 13, 0, 0, 0, 453, 440, 122, 9, 0, 0, 0, 0
19, 305, 463, 148, 53, 22, 13, 1, 19, 390, 417, 124, 47, 19, 7, 1, 208, 511, 189, 71, 26, 15, 4, 0
5, 234, 407, 299, 57, 15, 4, 3, 103, 379, 384, 135, 14, 5, 2, 2, 217, 476, 273, 43, 11, 1, 3, 0
18, 309, 392, 167, 76, 35, 14, 13, 156, 445, 252, 90, 50, 18, 6, 7, 321, 428, 172, 52, 34, 8, 8, 1
366, 485, 135, 24, 4, 6, 2, 2, 317, 486, 165, 40, 5, 7, 2, 2, 513, 402, 78, 16, 5, 5, 3, 2
176, 617, 163, 38, 27, 3, 0, 0, 141, 597, 212, 42, 29, 3, 0, 0, 357, 509, 105, 34, 17, 2, 0, 0
212, 443, 221, 108, 37, 3, 0, 0, 246, 379, 243, 116, 37, 2, 1, 0, 471, 330, 154, 56, 11, 2, 0, 0
224, 452, 267, 72, 8, 0, 1, 0, 177, 441, 301, 92, 12, 0, 1, 0, 477, 390, 130, 24, 2, 1, 0, 0
91, 569, 266, 74, 17, 6, 1, 0, 57, 545, 315, 81, 21, 4, 1, 0, 457, 412, 111, 35, 7, 2, 0, 0
28, 434, 446, 91, 16, 4, 4, 1, 66, 470, 380, 85, 13, 6, 3, 1, 248, 574, 161, 32, 3, 4, 2, 0
23, 216, 386, 299, 100, 0, 0, 0, 113, 313, 380, 204, 14, 0, 0, 0, 184, 393, 345, 100, 2, 0, 0, 0
21, 375, 439, 131, 27, 16, 7, 8, 235, 513, 205, 41, 15, 9, 3, 3, 409, 491, 90, 17, 10, 4, 3, 0
374, 498, 120, 22, 6, 3, 1, 0, 291, 526, 165, 27, 10, 4, 1, 0, 544, 387, 65, 18, 8, 1, 0, 1
337, 441, 179, 44, 11, 7, 4, 1, 279, 461, 190, 63, 18, 7, 4, 2, 488, 384, 113, 20, 7, 3, 7, 2
415, 482, 114, 9, 4, 0, 0, 0, 344, 504, 153, 17, 6, 0, 0, 0, 673, 302, 41, 6, 2, 0, 0, 0
458, 432, 107, 26, 1, 0, 0, 0, 409, 452, 122, 38, 3, 0, 0, 0, 726, 236, 54, 8, 0, 0, 0, 0
272, 534, 153, 57, 8, 0, 0, 0, 283, 507, 164, 58, 12, 0, 0, 0, 548, 385, 72, 17, 2, 0, 0, 0
51, 499, 354, 104, 13, 3, 0, 0, 41, 438, 405, 124, 14, 2, 0, 0, 345, 531, 128, 17, 3, 0, 0, 0
125, 569, 290, 35, 4, 1, 0, 0, 312, 533, 160, 15, 4, 0, 0, 0, 477, 455, 80, 9, 3, 0, 0, 0
71, 587, 195, 73, 65, 24, 5, 4, 497, 322, 89, 70, 32, 9, 5, 0, 653, 222, 83, 48, 12, 5, 1, 0
