126, 271, 228, 128, 91, 57, 67, 56, 227, 267, 203, 102, 70, 59, 56, 40, 279, 264, 182, 93, 68, 50, 58, 30
166, 357, 170, 102, 60, 41, 32, 96, 266, 328, 164, 70, 47, 36, 27, 86, 309, 332, 140, 59, 41, 35, 32, 76
54, 183, 133, 166, 120, 73, 77, 218, 106, 175, 143, 170, 85, 69, 73, 203, 127, 178, 141, 163, 79, 66, 77, 193
52, 199, 239, 150, 96, 74, 73, 141, 121, 238, 223, 121, 77, 69, 43, 132, 170, 265, 196, 96, 77, 54, 49, 117
128, 243, 154, 77, 59, 42, 44, 277, 234, 222, 117, 67, 53, 36, 39, 256, 297, 195, 116, 71, 39, 25, 46, 235
131, 144, 80, 116, 119, 118, 119, 197, 207, 110, 116, 126, 119, 94, 111, 141, 239, 109, 147, 130, 103, 105, 98, 93
108, 188, 115, 73, 80, 82, 103, 275, 201, 145, 102, 75, 67, 81, 105, 248, 251, 148, 82, 63, 71, 74, 113, 222
46, 113, 124, 157, 95, 96, 86, 307, 97, 142, 169, 109, 90, 86, 78, 253, 137, 156, 180, 113, 88, 73, 71, 206
0, 23, 119, 185, 198, 193, 173, 133, 24, 134, 198, 204, 178, 153, 103, 30, 115, 189, 268, 182, 136, 93, 39, 2
90, 130, 100, 173, 194, 154, 129, 54, 205, 126, 195, 203, 147, 111, 37, 0, 305, 232, 202, 160, 96, 27, 2, 0
74, 245, 124, 150, 158, 132, 96, 45, 313, 140, 172, 162, 133, 83, 18, 3, 404, 200, 157, 160, 86, 17, 0, 0
21, 130, 112, 201, 206, 138, 114, 102, 141, 133, 221, 200, 128, 113, 77, 11, 224, 231, 220, 163, 122, 53, 11, 0
14, 117, 111, 176, 182, 170, 136, 118, 134, 139, 185, 188, 163, 127, 81, 7, 270, 224, 192, 140, 143, 51, 4, 0
63, 127, 108, 193, 230, 145, 105, 53, 191, 144, 223, 205, 128, 100, 32, 1, 300, 236, 237, 146, 84, 20, 1, 0
124, 168, 45, 117, 165, 160, 127, 118, 292, 59, 139, 178, 148, 117, 83, 8, 328, 129, 217, 163, 116, 68, 3, 0
92, 142, 97, 155, 203, 178, 110, 47, 239, 123, 185, 190, 167, 95, 23, 2, 325, 204, 204, 174, 92, 21, 4, 0
31, 164, 133, 169, 173, 118, 125, 111, 181, 137, 191, 186, 113, 129, 83, 4, 236, 148, 251, 159, 136, 86, 8, 0
39, 187, 137, 246, 156, 93, 96, 70, 218, 105, 210, 223, 105, 92, 55, 16, 266, 117, 213, 240, 120, 48, 20, 0
137, 255, 178, 213, 161, 48, 27, 5, 358, 145, 217, 183, 86, 27, 7, 1, 388, 132, 227, 185, 69, 20, 3, 0
260, 133, 112, 91, 130, 164, 86, 48, 371, 125, 113, 178, 124, 84, 24, 5, 420, 159, 202, 146, 68, 26, 3, 0
154, 93, 58, 122, 176, 154, 110, 157, 243, 68, 156, 196, 118, 78, 90, 75, 281, 137, 228, 137, 88, 84, 69, 0
144, 132, 512, 150, 61, 16, 4, 5, 195, 514, 240, 57, 9, 6, 3, 0, 235, 585, 163, 30, 4, 7, 0, 0
91, 441, 410, 80, 2, 0, 0, 0, 314, 545, 162, 3, 0, 0, 0, 0, 319, 561, 141, 3, 0, 0, 0, 0
66, 327, 423, 204, 4, 0, 0, 0, 214, 424, 339, 47, 0, 0, 0, 0, 210, 423, 344, 47, 0, 0, 0, 0
43, 180, 225, 218, 123, 94, 68, 73, 94, 234, 242, 190, 89, 71, 57, 47, 139, 259, 256, 144, 72, 64, 62, 28
55, 138, 225, 273, 184, 89, 34, 26, 86, 223, 305, 235, 95, 48, 21, 11, 129, 267, 335, 169, 75, 26, 16, 7
31, 119, 176, 162, 149, 90, 84, 213, 61, 161, 174, 179, 108, 69, 82, 190, 92, 183, 182, 138, 97, 68, 92, 172
10, 125, 180, 151, 113, 78, 91, 276, 45, 184, 183, 121, 87, 74, 68, 262, 107, 186, 166, 108, 90, 71, 55, 241
7, 84, 95, 99, 56, 65, 95, 523, 20, 91, 110, 78, 61, 62, 99, 503, 26, 92, 113, 70, 70, 57, 101, 495
3, 48, 81, 147, 105, 103, 87, 450, 21, 86, 111, 128, 87, 85, 84, 422, 45, 94, 120, 116, 76, 81, 93, 399
6, 60, 186, 169, 73, 75, 81, 374, 26, 120, 200, 108, 68, 62, 92, 348, 41, 157, 183, 90, 66, 62, 114, 311
0, 2, 10, 21, 73, 120, 136, 662, 0, 8, 20, 76, 101, 128, 125, 566, 1, 20, 77, 103, 105, 119, 106, 493
0, 7, 79, 188, 204, 212, 174, 160, 6, 75, 204, 214, 210, 155, 103, 57, 52, 189, 235, 221, 151, 112, 64, 0
0, 0, 28, 198, 235, 255, 193, 115, 0, 52, 221, 268, 242, 151, 81, 9, 83, 230, 305, 229, 131, 44, 2, 0
0, 1, 47, 139, 263, 236, 192, 146, 2, 62, 183, 274, 222, 179, 93, 9, 52, 223, 306, 235, 140, 65, 3, 0
0, 7, 59, 243, 284, 182, 144, 105, 4, 73, 266, 278, 180, 135, 80, 8, 49, 244, 308, 198, 152, 63, 10, 0
0, 2, 23, 123, 202, 242, 202, 230, 4, 38, 155, 224, 241, 189, 152, 21, 45, 169, 284, 245, 203, 76, 2, 0
0, 1, 89, 145, 241, 234, 170, 144, 8, 100, 176, 274, 216, 156, 82, 12, 106, 192, 307, 234, 141, 41, 3, 0
0, 0, 5, 68, 202, 254, 250, 245, 0, 13, 109, 230, 258, 220, 165, 29, 26, 144, 268, 270, 205, 107, 4, 0
0, 21, 127, 216, 196, 181, 175, 108, 24, 145, 237, 200, 185, 151, 79, 3, 135, 218, 258, 204, 159, 46, 4, 0
0, 2, 16, 107, 241, 237, 206, 215, 4, 18, 113, 263, 239, 201, 171, 15, 17, 77, 247, 292, 230, 150, 11, 0
0, 36, 155, 217, 163, 161, 180, 112, 21, 111, 209, 252, 177, 177, 70, 7, 78, 147, 255, 300, 195, 39, 9, 1
1, 47, 236, 338, 256, 114, 23, 9, 44, 223, 344, 262, 117, 26, 8, 0, 137, 269, 337, 184, 80, 12, 5, 0
1, 39, 139, 210, 233, 213, 119, 70, 38, 154, 243, 272, 176, 96, 42, 3, 114, 238, 311, 214, 97, 42, 8, 0
1, 16, 98, 210, 189, 166, 232, 112, 17, 117, 212, 198, 185, 194, 84, 17, 66, 199, 264, 153, 195, 112, 35, 0
0, 273, 461, 139, 40, 36, 53, 22, 89, 603, 184, 48, 36, 44, 17, 3, 212, 551, 153, 43, 43, 18, 4, 0
82, 538, 359, 43, 2, 0, 0, 0, 393, 494, 129, 8, 0, 0, 0, 0, 406, 490, 123, 5, 0, 0, 0, 0
103, 169, 234, 145, 69, 126, 99, 79, 180, 225, 219, 120, 127, 70, 62, 21, 194, 242, 211, 120, 140, 48, 63, 6
10, 98, 311, 294, 139, 85, 45, 42, 22, 169, 369, 233, 106, 62, 33, 30, 45, 175, 360, 243, 95, 56, 33, 17
36, 215, 364, 249, 89, 36, 22, 13, 77, 273, 387, 169, 59, 28, 25, 6, 64, 251, 401, 193, 62, 25, 22, 6
11, 107, 138, 172, 156, 132, 112, 196, 46, 134, 173, 166, 140, 113, 115, 137, 76, 147, 180, 157, 122, 115, 118, 109
3, 82, 122, 119, 96, 113, 115, 374, 26, 118, 129, 112, 90, 108, 116, 325, 81, 127, 125, 77, 100, 107, 117, 290
16, 110, 194, 144, 115, 71, 118, 256, 34, 129, 203, 125, 99, 82, 112, 240, 46, 130, 202, 119, 101, 87, 117, 222
11, 117, 199, 164, 107, 88, 106, 232, 19, 176, 194, 139, 97, 85, 104, 210, 37, 205, 178, 114, 100, 86, 116, 188
12, 117, 243, 237, 146, 110, 59, 100, 58, 216, 273, 166, 111, 79, 52, 69, 130, 283, 218, 135, 102, 58, 50, 48
0, 6, 32, 52, 124, 229, 261, 320, 5, 27, 55, 141, 206, 220, 201, 169, 25, 65, 151, 195, 166, 195, 182, 45
0, 16, 78, 157, 253, 252, 158, 110, 13, 78, 194, 265, 234, 141, 71, 28, 75, 186, 296, 241, 133, 57, 32, 4
0, 9, 74, 197, 199, 192, 186, 167, 13, 78, 205, 210, 190, 182, 131, 15, 71, 226, 248, 237, 149, 76, 16, 1
0, 0, 28, 74, 166, 247, 266, 243, 3, 37, 96, 203, 268, 219, 178, 20, 49, 152, 246, 246, 230, 99, 2, 0
0, 2, 27, 87, 135, 209, 279, 285, 2, 34, 90, 151, 225, 286, 208, 28, 38, 110, 182, 277, 279, 127, 11, 0
0, 0, 14, 79, 173, 228, 274, 256, 2, 28, 117, 185, 235, 252, 176, 29, 64, 141, 226, 293, 228, 70, 2, 0
8, 50, 124, 245, 300, 203, 65, 29, 30, 97, 236, 334, 230, 73, 20, 4, 35, 135, 257, 312, 206, 69, 10, 0
0, 13, 25, 96, 136, 205, 328, 221, 7, 32, 107, 137, 239, 290, 178, 34, 30, 106, 148, 202, 274, 207, 57, 0
0, 1, 33, 133, 228, 193, 197, 239, 2, 40, 143, 240, 169, 207, 199, 24, 39, 152, 238, 237, 229, 122, 7, 0
0, 3, 88, 246, 176, 149, 182, 180, 0, 39, 233, 247, 150, 190, 147, 18, 10, 64, 288, 325, 185, 131, 21, 0
2, 57, 178, 222, 179, 132, 118, 136, 32, 144, 264, 214, 123, 113, 125, 9, 75, 239, 296, 196, 138, 79, 1, 0
1, 46, 199, 252, 229, 129, 93, 75, 34, 185, 270, 246, 127, 88, 67, 7, 120, 243, 290, 192, 109, 61, 9, 0
0, 4, 41, 76, 194, 223, 217, 269, 2, 41, 103, 205, 206, 203, 185, 79, 44, 120, 212, 210, 199, 191, 48, 0
0, 5, 13, 36, 174, 331, 267, 198, 5, 20, 41, 69, 494, 194, 141, 60, 20, 36, 59, 105, 367, 346, 89, 2
0, 7, 14, 29, 195, 446, 238, 95, 4, 24, 39, 114, 605, 162, 63, 13, 12, 38, 97, 126, 429, 312, 10, 0
17, 242, 415, 218, 76, 37, 15, 4, 167, 451, 282, 80, 34, 7, 3, 0, 234, 458, 255, 60, 13, 3, 1, 0
1, 63, 109, 140, 225, 276, 120, 90, 43, 114, 164, 282, 235, 86, 58, 42, 70, 139, 214, 365, 116, 60, 59, 1
60, 228, 432, 257, 45, 2, 0, 0, 85, 296, 419, 203, 19, 2, 0, 0, 74, 252, 370, 262, 59, 7, 0, 0
43, 250, 342, 201, 114, 55, 15, 4, 119, 348, 328, 155, 55, 14, 5, 0, 155, 372, 337, 131, 21, 8, 0, 0
0, 11, 46, 131, 164, 166, 151, 355, 3, 27, 92, 165, 154, 142, 142, 299, 11, 59, 138, 163, 129, 142, 146, 236
19, 79, 124, 158, 91, 86, 83, 384, 44, 107, 179, 120, 79, 70, 91, 334, 71, 146, 186, 85, 70, 58, 109, 299
90, 288, 316, 187, 54, 36, 13, 40, 140, 338, 350, 90, 47, 14, 16, 29, 191, 329, 304, 104, 44, 14, 19, 19
73, 280, 233, 122, 96, 89, 76, 55, 139, 313, 186, 106, 100, 74, 63, 43, 194, 299, 175, 106, 92, 73, 55, 30
2, 26, 50, 100, 157, 160, 221, 308, 13, 43, 92, 147, 150, 196, 177, 206, 37, 74, 145, 144, 168, 188, 172, 96
0, 12, 57, 106, 104, 133, 200, 412, 3, 38, 102, 96, 119, 154, 213, 299, 27, 81, 100, 118, 150, 187, 222, 139
0, 2, 25, 57, 62, 68, 136, 674, 0, 17, 61, 48, 66, 89, 165, 578, 9, 46, 60, 63, 79, 118, 248, 401
0, 0, 3, 16, 55, 71, 190, 689, 0, 2, 12, 42, 56, 138, 208, 566, 2, 14, 41, 68, 121, 184, 282, 312
0, 0, 0, 48, 201, 318, 319, 138, 0, 2, 74, 239, 302, 288, 91, 28, 6, 61, 248, 291, 260, 127, 31, 0
0, 0, 15, 47, 106, 216, 311, 329, 1, 13, 54, 130, 223, 310, 249, 44, 27, 59, 184, 254, 332, 166, 2, 0
0, 1, 15, 59, 162, 224, 264, 299, 0, 6, 69, 199, 226, 276, 222, 26, 9, 87, 198, 332, 305, 88, 4, 1
0, 16, 79, 183, 270, 186, 176, 114, 8, 67, 171, 294, 207, 177, 86, 14, 23, 97, 232, 301, 201, 115, 53, 2
2, 18, 36, 100, 152, 179, 332, 205, 9, 46, 103, 179, 236, 266, 139, 46, 30, 90, 193, 206, 276, 161, 65, 3
0, 0, 1, 23, 75, 177, 298, 450, 0, 6, 37, 84, 205, 311, 301, 80, 24, 68, 162, 284, 301, 162, 23, 0
0, 0, 3, 55, 125, 273, 274, 294, 0, 2, 75, 140, 286, 229, 189, 103, 9, 71, 185, 192, 234, 234, 97, 2
0, 6, 63, 165, 200, 178, 217, 195, 5, 62, 187, 205, 201, 183, 142, 39, 57, 174, 228, 212, 216, 109, 28, 0
0, 3, 11, 58, 167, 180, 230, 375, 2, 11, 57, 87, 248, 208, 210, 201, 11, 51, 71, 145, 306, 227, 185, 28
0, 2, 8, 38, 138, 229, 256, 353, 2, 11, 47, 167, 213, 251, 231, 102, 20, 75, 192, 243, 257, 174, 63, 0
0, 0, 15, 46, 189, 431, 171, 172, 1, 14, 59, 194, 411, 165, 110, 70, 8, 44, 111, 199, 420, 143, 92, 7
0, 47, 145, 193, 171, 159, 194, 115, 31, 172, 229, 163, 192, 170, 52, 15, 168, 285, 155, 209, 142, 42, 23, 0
30, 223, 282, 181, 144, 90, 54, 20, 157, 351, 231, 137, 90, 43, 15, 0, 221, 394, 227, 110, 53, 17, 2, 0
0, 11, 79, 209, 379, 202, 99, 45, 9, 99, 272, 382, 155, 77, 27, 3, 57, 211, 379, 262, 79, 29, 7, 0
38, 212, 324, 291, 126, 26, 5, 2, 104, 280, 343, 216, 71, 7, 1, 2, 123, 282, 315, 208, 82, 11, 2, 1
41, 295, 307, 210, 100, 48, 21, 2, 178, 363, 249, 150, 52, 27, 4, 1, 281, 362, 216, 98, 47, 18, 2, 0
1, 37, 152, 181, 111, 150, 139, 253, 10, 111, 174, 149, 101, 149, 115, 215, 42, 148, 166, 120, 114, 123, 115, 196
11, 135, 283, 185, 146, 115, 73, 76, 63, 282, 237, 173, 123, 64, 43, 39, 127, 323, 237, 152, 94, 35, 27, 29
8, 72, 151, 267, 198, 144, 92, 92, 46, 122, 264, 234, 166, 91, 86, 15, 81, 171, 281, 237, 132, 91, 30, 1
3, 7, 34, 54, 90, 122, 156, 558, 4, 14, 44, 70, 103, 134, 168, 487, 6, 20, 62, 84, 100, 142, 181, 429
3, 30, 59, 118, 86, 128, 136, 464, 10, 45, 93, 107, 94, 126, 147, 402, 24, 64, 100, 102, 106, 125, 168, 335
0, 4, 25, 49, 108, 106, 148, 584, 1, 19, 43, 92, 102, 97, 151, 519, 6, 30, 86, 86, 90, 111, 168, 447
0, 3, 14, 17, 24, 67, 143, 756, 1, 10, 17, 18, 45, 102, 173, 658, 7, 17, 16, 26, 69, 148, 189, 552
0, 2, 8, 35, 76, 155, 396, 352, 1, 10, 37, 75, 142, 377, 229, 153, 11, 43, 72, 110, 274, 321, 146, 47
0, 1, 24, 48, 87, 211, 382, 271, 0, 13, 61, 151, 301, 304, 148, 46, 3, 42, 188, 336, 283, 128, 44, 0
0, 0, 20, 92, 147, 222, 298, 245, 0, 16, 110, 162, 272, 214, 179, 71, 16, 100, 176, 213, 242, 192, 83, 2
4, 20, 69, 190, 173, 220, 192, 156, 13, 50, 173, 260, 224, 168, 114, 22, 22, 104, 308, 283, 189, 85, 33, 0
0, 23, 104, 154, 127, 233, 256, 127, 13, 106, 148, 154, 272, 219, 78, 34, 60, 143, 153, 226, 249, 145, 48, 0
0, 0, 33, 94, 156, 222, 276, 243, 2, 44, 94, 161, 240, 266, 136, 81, 57, 94, 169, 270, 259, 146, 29, 0
0, 2, 24, 78, 128, 198, 248, 346, 2, 29, 76, 135, 220, 240, 239, 83, 50, 97, 185, 234, 262, 170, 26, 0
0, 1, 14, 61, 191, 434, 142, 181, 2, 13, 56, 136, 506, 127, 116, 68, 5, 54, 101, 148, 410, 232, 72, 2
0, 4, 44, 72, 112, 214, 290, 288, 5, 43, 86, 136, 265, 231, 177, 81, 46, 101, 179, 259, 239, 140, 60, 0
0, 22, 82, 99, 176, 274, 188, 183, 19, 89, 99, 166, 320, 172, 96, 63, 90, 99, 162, 196, 294, 141, 42, 0
17, 81, 116, 124, 140, 175, 142, 229, 59, 135, 138, 165, 175, 119, 130, 103, 88, 178, 207, 198, 153, 122, 78, 0
0, 0, 5, 31, 67, 176, 354, 391, 0, 11, 28, 99, 217, 358, 183, 128, 13, 45, 130, 274, 317, 147, 98, 0
0, 2, 6, 21, 140, 334, 267, 254, 3, 9, 32, 104, 401, 219, 159, 97, 8, 35, 77, 169, 441, 234, 60, 0
0, 0, 4, 37, 266, 401, 212, 104, 0, 5, 51, 189, 572, 136, 64, 7, 9, 48, 148, 241, 374, 202, 2, 0
0, 19, 114, 163, 211, 242, 153, 122, 41, 130, 201, 249, 198, 116, 73, 16, 136, 215, 243, 221, 129, 71, 9, 0
45, 238, 267, 208, 84, 52, 28, 102, 140, 293, 241, 139, 49, 45, 22, 95, 205, 277, 237, 117, 47, 32, 22, 87
98, 355, 328, 168, 43, 20, 11, 1, 238, 383, 275, 80, 29, 12, 6, 1, 276, 408, 235, 66, 25, 10, 3, 1
19, 246, 263, 213, 156, 66, 35, 26, 123, 292, 293, 179, 71, 28, 22, 16, 180, 343, 274, 118, 53, 22, 19, 15
105, 247, 229, 231, 110, 52, 20, 30, 274, 257, 271, 109, 52, 25, 17, 19, 342, 333, 201, 66, 28, 20, 23, 11
58, 387, 167, 117, 115, 79, 57, 44, 335, 238, 123, 119, 85, 67, 47, 10, 398, 212, 125, 115, 78, 59, 34, 3
37, 426, 114, 26, 26, 32, 56, 307, 288, 260, 40, 23, 30, 28, 64, 291, 339, 220, 35, 22, 30, 35, 68, 275
8, 368, 258, 42, 36, 54, 41, 217, 184, 405, 64, 26, 48, 48, 40, 209, 247, 354, 61, 26, 49, 46, 55, 186
0, 68, 78, 59, 85, 127, 193, 414, 41, 89, 63, 70, 113, 182, 194, 272, 61, 98, 81, 110, 143, 184, 183, 164
0, 2, 103, 52, 66, 126, 165, 510, 2, 101, 62, 62, 120, 152, 120, 405, 61, 103, 70, 102, 139, 144, 88, 317
0, 1, 92, 116, 98, 98, 288, 331, 1, 100, 114, 96, 118, 292, 162, 141, 73, 144, 97, 140, 242, 192, 89, 47
0, 1, 72, 166, 214, 208, 201, 162, 4, 80, 208, 226, 184, 175, 119, 28, 94, 195, 235, 235, 176, 84, 5, 0
0, 1, 51, 104, 163, 246, 223, 236, 3, 68, 107, 183, 242, 206, 151, 64, 65, 110, 218, 272, 229, 97, 33, 0
0, 18, 95, 165, 228, 208, 167, 143, 24, 117, 198, 226, 207, 139, 99, 14, 160, 210, 282, 189, 124, 55, 4, 0
0, 45, 84, 105, 198, 353, 130, 109, 33, 100, 125, 238, 309, 122, 74, 23, 105, 140, 218, 216, 213, 125, 7, 0
0, 60, 85, 74, 110, 156, 243, 296, 76, 82, 91, 125, 190, 218, 170, 72, 170, 133, 163, 234, 200, 114, 10, 0
0, 1, 15, 75, 168, 288, 269, 208, 5, 27, 122, 182, 330, 203, 123, 32, 62, 132, 247, 252, 229, 88, 14, 0
1, 42, 110, 164, 199, 211, 141, 156, 68, 120, 185, 204, 179, 141, 83, 44, 194, 197, 203, 195, 144, 76, 15, 0
1, 68, 115, 132, 155, 187, 130, 236, 113, 96, 160, 175, 153, 117, 120, 90, 212, 186, 196, 150, 129, 93, 54, 4
18, 159, 137, 165, 190, 155, 112, 88, 197, 145, 204, 168, 168, 65, 50, 27, 268, 250, 188, 121, 142, 51, 4, 0
49, 51, 116, 137, 136, 214, 192, 129, 113, 122, 137, 157, 226, 151, 83, 35, 181, 149, 162, 163, 242, 107, 20, 0
0, 0, 6, 41, 317, 453, 130, 77, 1, 17, 60, 101, 649, 129, 57, 10, 18, 46, 82, 73, 367, 415, 19, 4
0, 7, 25, 98, 196, 305, 187, 206, 13, 29, 124, 171, 321, 168, 126, 72, 36, 124, 157, 166, 299, 190, 52, 0
18, 230, 64, 46, 94, 125, 131, 316, 254, 59, 60, 138, 82, 117, 207, 107, 294, 91, 149, 101, 188, 190, 11, 0
10, 35, 65, 116, 227, 224, 168, 179, 53, 72, 163, 246, 208, 138, 100, 44, 113, 160, 252, 203, 166, 100, 30, 0
29, 143, 191, 184, 117, 100, 106, 154, 74, 172, 187, 162, 108, 98, 109, 114, 100, 178, 185, 149, 110, 94, 110, 98
83, 245, 307, 166, 79, 53, 41, 50, 160, 308, 268, 113, 60, 41, 31, 43, 172, 330, 249, 110, 52, 47, 25, 39
11, 148, 187, 208, 198, 117, 82, 73, 93, 196, 209, 218, 132, 90, 59, 27, 164, 216, 222, 183, 125, 67, 35, 12
63, 178, 161, 129, 144, 138, 122, 89, 159, 189, 167, 141, 153, 117, 70, 28, 224, 217, 197, 151, 128, 66, 29, 12
82, 218, 197, 191, 129, 68, 65, 74, 186, 210, 215, 142, 103, 64, 50, 54, 235, 206, 214, 127, 90, 63, 51, 38
118, 178, 155, 103, 103, 73, 102, 192, 185, 166, 132, 111, 82, 80, 101, 167, 200, 171, 127, 111, 76, 85, 103, 151
8, 32, 36, 68, 82, 99, 163, 536, 25, 29, 47, 86, 81, 113, 171, 472, 36, 25, 58, 92, 101, 135, 151, 426
4, 94, 168, 170, 130, 90, 79, 289, 56, 145, 160, 169, 89, 82, 89, 234, 104, 127, 159, 183, 85, 79, 98, 189
4, 217, 116, 40, 47, 57, 109, 434, 167, 157, 43, 37, 47, 73, 132, 368, 235, 109, 46, 40, 49, 106, 143, 296
0, 235, 144, 27, 26, 45, 159, 388, 229, 149, 25, 30, 58, 186, 235, 112, 330, 66, 31, 52, 133, 286, 122, 4
0, 250, 311, 50, 36, 73, 127, 177, 261, 303, 46, 52, 68, 90, 120, 84, 456, 140, 65, 70, 67, 148, 76, 2
0, 48, 56, 57, 92, 161, 232, 378, 37, 72, 68, 124, 141, 226, 259, 97, 122, 91, 143, 165, 201, 206, 96, 0
0, 241, 186, 29, 58, 99, 184, 227, 242, 186, 31, 76, 85, 205, 142, 57, 414, 71, 86, 100, 183, 127, 43, 0
0, 78, 137, 41, 47, 190, 278, 253, 99, 124, 42, 69, 197, 254, 154, 85, 211, 65, 91, 129, 233, 187, 108, 0
0, 57, 55, 41, 104, 173, 291, 303, 60, 55, 61, 100, 204, 255, 217, 72, 123, 80, 163, 226, 235, 174, 23, 0
1, 38, 50, 77, 123, 213, 274, 248, 42, 60, 100, 149, 243, 255, 145, 30, 105, 124, 223, 269, 203, 84, 16, 0
0, 8, 47, 146, 163, 257, 220, 183, 9, 52, 171, 215, 255, 172, 106, 44, 54, 172, 266, 298, 138, 95, 1, 0
0, 0, 11, 40, 145, 251, 255, 322, 0, 19, 67, 173, 283, 190, 138, 154, 26, 120, 240, 247, 155, 110, 116, 10
0, 4, 29, 99, 113, 379, 225, 175, 3, 44, 101, 136, 377, 191, 89, 83, 42, 120, 178, 155, 230, 214, 78, 7
0, 69, 181, 148, 147, 177, 167, 135, 29, 262, 143, 146, 195, 127, 91, 31, 140, 290, 171, 167, 154, 81, 21, 0
4, 39, 92, 199, 186, 267, 109, 128, 42, 96, 184, 221, 270, 81, 91, 39, 78, 128, 200, 282, 209, 96, 29, 2
0, 0, 2, 9, 79, 255, 280, 399, 0, 3, 16, 124, 261, 255, 245, 120, 2, 24, 152, 257, 275, 224, 89, 1
0, 0, 4, 22, 26, 524, 221, 227, 0, 9, 26, 67, 579, 133, 123, 87, 14, 23, 49, 216, 473, 197, 52, 0
0, 0, 14, 130, 160, 255, 221, 244, 0, 28, 159, 177, 271, 183, 153, 53, 21, 138, 213, 228, 253, 161, 10, 0
209, 297, 219, 99, 89, 65, 30, 16, 402, 248, 149, 106, 68, 28, 12, 11, 447, 248, 150, 103, 42, 15, 10, 9
11, 80, 175, 284, 263, 117, 65, 29, 82, 142, 269, 322, 122, 64, 23, 0, 123, 177, 333, 256, 102, 30, 3, 0
13, 112, 80, 92, 185, 182, 169, 191, 116, 87, 119, 185, 170, 173, 119, 55, 170, 122, 186, 203, 169, 129, 39, 6
76, 508, 238, 49, 42, 25, 30, 56, 546, 240, 65, 51, 26, 24, 23, 49, 620, 195, 50, 39, 29, 26, 27, 38
132, 577, 169, 77, 28, 17, 20, 4, 618, 232, 95, 29, 25, 17, 8, 0, 685, 197, 72, 29, 20, 18, 3, 0
136, 468, 119, 96, 63, 49, 45, 48, 583, 117, 114, 72, 49, 43, 34, 12, 641, 148, 87, 68, 38, 33, 6, 3
3, 55, 78, 95, 196, 201, 200, 196, 32, 87, 126, 212, 197, 194, 138, 38, 85, 133, 229, 234, 188, 131, 24, 0
0, 37, 78, 103, 128, 152, 216, 310, 36, 84, 98, 144, 153, 206, 211, 92, 116, 112, 162, 183, 233, 172, 46, 0
2, 376, 235, 29, 18, 56, 110, 198, 389, 224, 30, 16, 42, 96, 108, 119, 556, 78, 23, 39, 87, 92, 115, 34
0, 286, 214, 47, 70, 84, 104, 219, 314, 186, 51, 62, 63, 93, 138, 117, 436, 97, 63, 73, 95, 135, 110, 15
0, 191, 165, 43, 106, 175, 176, 168, 230, 136, 47, 139, 186, 140, 90, 56, 334, 65, 132, 207, 145, 77, 56, 8
0, 92, 96, 81, 214, 252, 158, 131, 100, 84, 91, 276, 236, 133, 83, 21, 157, 57, 167, 320, 183, 115, 25, 0
0, 141, 205, 321, 235, 46, 39, 37, 159, 163, 323, 255, 56, 43, 25, 0, 231, 127, 355, 216, 70, 25, 0, 0
0, 68, 67, 160, 326, 129, 173, 101, 63, 63, 136, 285, 195, 172, 62, 48, 109, 68, 129, 199, 234, 194, 71, 20
0, 28, 25, 90, 276, 230, 182, 193, 25, 30, 76, 248, 308, 149, 139, 49, 49, 34, 89, 259, 364, 153, 71, 5
0, 6, 32, 53, 126, 174, 216, 417, 6, 35, 59, 127, 181, 190, 267, 159, 46, 38, 118, 195, 223, 253, 151, 0
0, 1, 17, 58, 154, 218, 358, 218, 2, 20, 73, 189, 267, 274, 116, 83, 26, 103, 191, 230, 279, 140, 54, 1
6, 40, 131, 218, 212, 180, 119, 118, 24, 127, 257, 246, 169, 85, 65, 51, 92, 268, 319, 186, 66, 51, 42, 0
22, 108, 258, 286, 92, 42, 94, 122, 59, 226, 334, 135, 48, 98, 72, 52, 115, 255, 304, 143, 56, 86, 62, 3
0, 9, 132, 168, 163, 216, 273, 63, 8, 90, 223, 190, 265, 184, 47, 17, 80, 137, 238, 211, 263, 81, 14, 0
0, 15, 120, 79, 99, 546, 123, 42, 1, 58, 141, 63, 612, 105, 29, 15, 6, 72, 142, 93, 387, 284, 26, 14
0, 0, 17, 41, 89, 350, 309, 218, 3, 32, 47, 141, 365, 256, 150, 30, 29, 44, 135, 252, 305, 254, 5, 0
0, 0, 4, 69, 108, 248, 194, 401, 0, 17, 74, 136, 236, 166, 236, 159, 20, 85, 134, 203, 234, 247, 101, 0
0, 2, 15, 88, 181, 232, 228, 278, 1, 12, 98, 209, 246, 203, 205, 50, 5, 63, 189, 250, 269, 204, 44, 0
102, 64, 97, 199, 140, 145, 137, 140, 137, 73, 163, 227, 166, 126, 111, 21, 161, 83, 176, 290, 198, 91, 25, 0
12, 102, 215, 264, 194, 119, 82, 36, 46, 210, 296, 264, 119, 60, 24, 5, 91, 284, 335, 229, 62, 19, 4, 0
7, 53, 52, 60, 119, 177, 220, 336, 54, 51, 78, 121, 166, 245, 217, 92, 94, 101, 162, 230, 246, 128, 48, 15
39, 151, 48, 131, 155, 149, 165, 186, 186, 44, 133, 154, 161, 138, 117, 91, 202, 104, 173, 169, 141, 120, 74, 41
8, 124, 97, 166, 159, 152, 129, 189, 125, 76, 166, 184, 136, 126, 111, 100, 164, 139, 201, 174, 121, 121, 89, 15
0, 23, 39, 166, 223, 195, 200, 178, 25, 41, 192, 232, 201, 194, 124, 15, 54, 175, 290, 267, 160, 69, 9, 0
0, 2, 31, 131, 219, 239, 198, 204, 4, 32, 114, 257, 242, 196, 139, 40, 32, 88, 221, 326, 208, 135, 14, 0
0, 1, 15, 88, 166, 213, 228, 313, 2, 25, 107, 178, 197, 182, 197, 136, 38, 106, 191, 211, 193, 203, 79, 3
0, 0, 6, 65, 103, 199, 306, 345, 0, 11, 63, 121, 197, 281, 219, 132, 10, 69, 119, 219, 276, 178, 122, 31
0, 0, 5, 35, 218, 377, 275, 114, 0, 14, 100, 329, 338, 185, 58, 0, 10, 98, 345, 354, 176, 41, 0, 0
0, 0, 3, 35, 97, 267, 369, 253, 0, 18, 54, 158, 319, 330, 138, 7, 24, 76, 210, 336, 299, 77, 2, 0
0, 0, 1, 42, 144, 278, 372, 187, 0, 13, 76, 183, 338, 322, 89, 3, 17, 107, 193, 344, 287, 73, 3, 0
0, 1, 27, 201, 273, 216, 159, 147, 1, 68, 255, 253, 192, 165, 89, 1, 34, 245, 267, 234, 190, 52, 2, 0
0, 4, 78, 223, 337, 274, 90, 18, 3, 74, 225, 315, 303, 89, 14, 1, 8, 96, 234, 323, 247, 104, 10, 2
0, 0, 37, 138, 432, 377, 37, 3, 0, 23, 102, 320, 437, 139, 3, 0, 1, 24, 76, 228, 441, 185, 69, 0
0, 1, 12, 96, 237, 160, 233, 285, 0, 8, 62, 235, 201, 211, 189, 118, 0, 8, 74, 231, 315, 251, 138, 7
0, 2, 27, 148, 291, 270, 167, 119, 2, 32, 159, 328, 260, 136, 90, 17, 2, 55, 236, 366, 238, 98, 29, 0
24, 126, 199, 337, 225, 50, 27, 36, 104, 180, 298, 319, 55, 31, 28, 9, 102, 184, 313, 304, 71, 39, 11, 0
36, 141, 233, 252, 83, 13, 132, 134, 83, 203, 282, 164, 22, 124, 81, 65, 74, 206, 288, 170, 34, 165, 81, 6
0, 11, 81, 213, 156, 204, 249, 110, 10, 61, 219, 186, 219, 225, 80, 24, 31, 107, 214, 223, 250, 172, 27, 0
0, 0, 28, 238, 230, 197, 186, 145, 0, 5, 158, 326, 227, 177, 111, 20, 1, 11, 137, 427, 251, 119, 65, 13
0, 0, 12, 64, 124, 251, 354, 219, 1, 15, 75, 151, 270, 321, 140, 51, 5, 53, 124, 196, 325, 199, 104, 18
0, 41, 130, 290, 238, 220, 62, 43, 44, 118, 306, 281, 186, 54, 34, 1, 109, 173, 328, 279, 88, 41, 6, 0
5, 89, 227, 307, 183, 125, 56, 32, 39, 230, 355, 206, 110, 59, 20, 5, 28, 188, 400, 254, 101, 36, 17, 0
35, 122, 212, 274, 177, 109, 68, 27, 66, 183, 311, 258, 133, 51, 22, 0, 97, 200, 341, 271, 98, 17, 0, 0
17, 135, 238, 252, 157, 111, 71, 43, 79, 261, 306, 203, 100, 55, 19, 1, 208, 344, 272, 146, 42, 11, 1, 0
0, 12, 137, 253, 270, 164, 116, 72, 19, 151, 288, 258, 157, 108, 43, 0, 116, 310, 285, 188, 100, 25, 0, 0
0, 0, 13, 88, 272, 265, 230, 156, 0, 24, 135, 322, 237, 209, 82, 15, 23, 185, 306, 247, 184, 66, 13, 0
0, 5, 111, 183, 222, 197, 153, 153, 15, 106, 219, 247, 165, 141, 100, 31, 105, 263, 288, 174, 113, 62, 19, 0
0, 23, 166, 321, 263, 133, 79, 39, 12, 142, 367, 278, 122, 71, 29, 3, 70, 274, 386, 189, 70, 32, 3, 0
0, 25, 178, 240, 208, 158, 135, 80, 28, 183, 255, 222, 172, 118, 45, 1, 100, 263, 289, 225, 113, 34, 0, 0
0, 35, 85, 51, 134, 185, 251, 283, 42, 83, 65, 143, 191, 237, 205, 58, 108, 74, 130, 225, 252, 179, 53, 3
0, 56, 342, 37, 56, 109, 207, 217, 76, 326, 39, 65, 110, 194, 155, 59, 253, 191, 62, 113, 183, 152, 67, 3
0, 48, 434, 48, 54, 241, 157, 42, 83, 424, 31, 149, 234, 86, 17, 0, 357, 179, 130, 241, 100, 17, 0, 0
0, 27, 423, 112, 51, 116, 153, 142, 62, 473, 39, 80, 130, 136, 90, 14, 294, 288, 96, 138, 130, 71, 7, 0
0, 11, 448, 157, 59, 113, 148, 88, 40, 532, 60, 75, 142, 125, 47, 3, 330, 295, 86, 142, 131, 35, 5, 0
0, 97, 435, 171, 88, 77, 81, 75, 101, 441, 168, 95, 85, 74, 53, 7, 336, 290, 149, 92, 104, 46, 7, 0
0, 380, 299, 59, 71, 126, 74, 15, 347, 334, 60, 76, 135, 68, 4, 0, 498, 204, 63, 100, 120, 39, 0, 0
70, 424, 177, 172, 107, 62, 9, 3, 403, 238, 182, 115, 72, 12, 2, 0, 464, 203, 162, 106, 70, 19, 0, 0
97, 238, 169, 238, 160, 52, 29, 41, 307, 133, 245, 188, 70, 36, 36, 9, 315, 146, 250, 165, 81, 37, 30, 0
6, 64, 149, 234, 221, 166, 111, 73, 46, 132, 246, 245, 168, 107, 67, 13, 51, 144, 280, 250, 163, 92, 43, 1
109, 226, 213, 144, 116, 96, 67, 53, 250, 234, 182, 141, 95, 67, 44, 11, 251, 238, 207, 152, 84, 60, 31, 1
51, 178, 215, 191, 140, 78, 76, 95, 164, 218, 219, 173, 88, 75, 71, 16, 185, 233, 220, 173, 91, 78, 42, 2
0, 3, 39, 44, 101, 235, 308, 294, 6, 42, 54, 135, 255, 298, 198, 36, 45, 59, 134, 226, 302, 212, 45, 1
0, 5, 53, 143, 244, 199, 163, 217, 6, 61, 162, 270, 181, 145, 165, 34, 14, 99, 303, 256, 173, 151, 28, 0
0, 3, 55, 156, 149, 237, 198, 226, 3, 49, 165, 171, 239, 186, 175, 36, 8, 74, 193, 219, 244, 197, 88, 1
6, 105, 375, 267, 119, 74, 45, 33, 27, 258, 422, 168, 81, 39, 28, 1, 22, 216, 449, 232, 62, 34, 9, 0
216, 476, 283, 45, 4, 0, 0, 0, 418, 457, 138, 11, 0, 0, 0, 0, 313, 485, 199, 27, 0, 0, 0, 0
26, 82, 158, 239, 207, 145, 110, 57, 49, 115, 258, 282, 168, 103, 44, 5, 57, 158, 327, 284, 136, 52, 10, 0
77, 259, 247, 194, 121, 81, 29, 16, 259, 268, 253, 130, 72, 28, 14, 0, 391, 289, 205, 89, 30, 19, 1, 0
106, 188, 86, 154, 196, 149, 92, 53, 287, 108, 176, 197, 136, 84, 34, 2, 350, 175, 202, 162, 99, 32, 4, 0
2, 259, 208, 98, 130, 130, 105, 92, 297, 197, 112, 119, 117, 112, 56, 14, 453, 158, 141, 121, 108, 39, 4, 0
0, 3, 50, 129, 169, 223, 231, 219, 6, 70, 162, 183, 213, 211, 129, 50, 96, 168, 222, 249, 173, 87, 29, 0
0, 11, 125, 225, 292, 191, 122, 58, 17, 144, 241, 305, 163, 110, 40, 4, 106, 234, 294, 227, 117, 42, 4, 0
0, 64, 170, 156, 126, 159, 175, 174, 53, 189, 179, 152, 158, 142, 97, 54, 154, 238, 194, 187, 133, 83, 32, 3
0, 3, 116, 39, 91, 145, 203, 427, 18, 114, 41, 90, 150, 176, 237, 198, 110, 75, 96, 165, 182, 201, 153, 42
0, 0, 173, 71, 47, 86, 174, 473, 15, 208, 42, 43, 68, 139, 192, 317, 187, 76, 45, 82, 149, 168, 213, 104
0, 1, 100, 41, 52, 111, 258, 461, 4, 114, 42, 51, 133, 230, 311, 139, 116, 51, 58, 160, 283, 285, 58, 13
0, 0, 69, 34, 60, 209, 264, 388, 0, 76, 45, 169, 199, 204, 284, 47, 81, 39, 177, 246, 265, 203, 13, 0
0, 0, 36, 43, 153, 280, 232, 280, 2, 43, 73, 224, 253, 210, 174, 45, 40, 55, 228, 269, 247, 154, 31, 0
0, 1, 24, 201, 244, 144, 144, 266, 1, 28, 296, 191, 125, 129, 194, 60, 24, 167, 308, 146, 168, 194, 17, 0
0, 1, 59, 282, 181, 153, 227, 121, 2, 82, 299, 170, 186, 217, 67, 1, 30, 180, 270, 205, 228, 106, 5, 0
5, 33, 52, 109, 282, 297, 192, 54, 27, 58, 108, 305, 302, 185, 35, 4, 41, 57, 147, 299, 281, 162, 36, 1
76, 202, 115, 166, 265, 105, 74, 21, 245, 115, 206, 276, 91, 75, 15, 1, 268, 126, 231, 258, 74, 59, 8, 0
0, 12, 177, 531, 174, 50, 20, 60, 2, 77, 469, 335, 54, 21, 44, 22, 2, 63, 422, 398, 63, 38, 37, 1
123, 124, 170, 159, 204, 80, 81, 83, 177, 139, 193, 177, 149, 80, 80, 29, 154, 153, 205, 157, 180, 107, 64, 4
1, 3, 14, 38, 176, 252, 247, 293, 2, 11, 38, 123, 280, 233, 267, 70, 11, 24, 80, 126, 309, 341, 129, 4
0, 1, 37, 148, 224, 236, 198, 180, 0, 23, 165, 276, 245, 188, 112, 15, 5, 65, 268, 313, 230, 118, 25, 0
0, 32, 170, 300, 210, 157, 105, 50, 6, 119, 348, 260, 158, 93, 37, 3, 5, 123, 370, 335, 137, 51, 3, 0
58, 226, 471, 251, 18, 0, 0, 0, 101, 379, 447, 97, 0, 0, 0, 0, 43, 236, 507, 231, 7, 0, 0, 0
27, 126, 335, 448, 88, 0, 0, 0, 67, 183, 501, 269, 4, 0, 0, 0, 23, 112, 311, 469, 109, 0, 0, 0
11, 169, 391, 384, 69, 0, 0, 0, 33, 285, 394, 307, 5, 0, 0, 0, 3, 170, 365, 314, 172, 0, 0, 0
1, 28, 120, 136, 179, 171, 195, 194, 25, 115, 153, 187, 175, 189, 146, 34, 118, 155, 189, 193, 200, 126, 41, 2
13, 99, 173, 199, 222, 165, 95, 58, 83, 154, 214, 270, 156, 94, 41, 12, 148, 179, 279, 240, 103, 53, 22, 0
4, 88, 82, 92, 148, 194, 210, 206, 87, 99, 108, 168, 191, 202, 127, 42, 157, 155, 202, 211, 171, 105, 23, 0
0, 52, 89, 56, 143, 229, 227, 228, 64, 81, 63, 203, 214, 203, 129, 67, 121, 105, 255, 211, 157, 92, 76, 7
0, 0, 11, 51, 117, 208, 259, 378, 1, 26, 58, 132, 190, 219, 252, 146, 10, 74, 176, 199, 244, 207, 109, 5
0, 16, 79, 247, 301, 173, 117, 91, 26, 85, 262, 312, 146, 113, 69, 11, 64, 214, 338, 215, 137, 55, 1, 0
0, 9, 48, 136, 149, 144, 209, 329, 13, 56, 116, 161, 137, 203, 214, 124, 40, 96, 169, 228, 224, 190, 72, 5
0, 0, 0, 20, 84, 181, 312, 427, 0, 0, 17, 107, 228, 305, 207, 160, 0, 13, 122, 268, 295, 192, 100, 34
0, 0, 0, 0, 145, 194, 261, 424, 0, 0, 18, 188, 216, 212, 182, 208, 0, 7, 240, 238, 194, 156, 111, 78
0, 0, 0, 0, 27, 207, 340, 450, 0, 0, 1, 105, 239, 309, 280, 90, 0, 9, 139, 312, 304, 198, 59, 3
0, 0, 0, 0, 23, 407, 458, 136, 0, 0, 5, 304, 481, 204, 29, 1, 0, 13, 363, 450, 177, 21, 0, 0
0, 0, 0, 0, 178, 429, 280, 137, 0, 0, 52, 416, 309, 176, 68, 3, 0, 24, 363, 355, 224, 58, 0, 0
0, 0, 11, 128, 311, 228, 178, 168, 0, 18, 211, 295, 200, 164, 116, 20, 1, 67, 318, 324, 222, 80, 12, 0
0, 2, 14, 119, 222, 258, 215, 194, 2, 12, 128, 251, 264, 188, 155, 24, 6, 45, 213, 326, 249, 155, 30, 0
0, 0, 1, 29, 151, 272, 296, 275, 0, 3, 44, 196, 282, 271, 166, 62, 1, 33, 162, 297, 282, 217, 32, 0
0, 0, 30, 137, 283, 219, 166, 189, 6, 38, 179, 273, 209, 151, 120, 48, 24, 97, 278, 275, 175, 122, 50, 3
0, 2, 55, 167, 224, 220, 182, 174, 6, 85, 181, 243, 206, 150, 116, 37, 74, 185, 255, 239, 155, 93, 23, 0
0, 5, 73, 192, 146, 157, 199, 252, 3, 43, 193, 179, 182, 186, 162, 76, 17, 96, 235, 246, 217, 167, 42, 4
0, 72, 276, 245, 132, 104, 93, 102, 30, 246, 291, 154, 114, 92, 87, 10, 50, 320, 275, 136, 119, 86, 38, 0
2, 114, 379, 297, 120, 69, 33, 10, 36, 300, 416, 166, 69, 25, 12, 0, 55, 298, 414, 171, 60, 21, 5, 0
10, 321, 559, 106, 17, 11, 0, 0, 54, 583, 338, 37, 11, 1, 0, 0, 17, 458, 486, 51, 11, 1, 0, 0
62, 286, 496, 176, 4, 0, 0, 0, 113, 348, 474, 89, 0, 0, 0, 0, 58, 221, 415, 317, 13, 0, 0, 0
9, 141, 470, 396, 8, 0, 0, 0, 15, 224, 514, 271, 0, 0, 0, 0, 5, 46, 338, 459, 176, 0, 0, 0
40, 51, 55, 259, 554, 58, 7, 0, 57, 45, 57, 758, 101, 6, 0, 0, 16, 57, 41, 92, 716, 102, 0, 0
0, 6, 20, 47, 75, 150, 271, 455, 8, 21, 54, 71, 154, 232, 274, 210, 21, 58, 81, 139, 223, 245, 227, 30
3, 35, 53, 107, 194, 199, 193, 240, 30, 62, 140, 206, 186, 186, 137, 77, 96, 137, 228, 193, 179, 116, 59, 16
4, 97, 155, 137, 155, 160, 140, 176, 80, 179, 149, 159, 145, 127, 114, 71, 179, 192, 176, 161, 125, 101, 86, 4
2, 64, 101, 116, 132, 194, 227, 188, 72, 116, 124, 162, 212, 204, 107, 27, 166, 154, 218, 242, 158, 57, 28, 1
0, 0, 5, 17, 53, 176, 288, 485, 0, 6, 26, 94, 212, 233, 250, 203, 6, 34, 196, 245, 226, 173, 102, 42
0, 0, 10, 85, 172, 174, 194, 389, 1, 21, 118, 181, 154, 178, 199, 172, 16, 125, 220, 201, 201, 163, 85, 13
0, 5, 60, 174, 219, 186, 180, 200, 4, 55, 233, 220, 180, 166, 133, 33, 48, 176, 285, 217, 193, 99, 6, 0
0, 0, 0, 10, 42, 113, 262, 597, 0, 0, 10, 52, 146, 242, 317, 257, 0, 1, 80, 252, 281, 250, 127, 33
0, 0, 0, 0, 0, 70, 491, 463, 0, 0, 0, 19, 335, 391, 206, 73, 0, 0, 189, 447, 256, 95, 27, 10
0, 0, 0, 0, 0, 19, 335, 670, 0, 0, 0, 4, 180, 413, 367, 60, 0, 2, 138, 408, 360, 101, 15, 0
0, 0, 0, 0, 8, 172, 451, 393, 0, 0, 0, 112, 347, 323, 192, 50, 0, 3, 264, 391, 264, 97, 5, 0
0, 0, 0, 0, 97, 406, 407, 114, 0, 0, 34, 330, 439, 189, 30, 2, 0, 28, 300, 500, 183, 13, 0, 0
0, 0, 0, 5, 169, 394, 261, 195, 0, 0, 68, 295, 343, 140, 119, 59, 0, 44, 259, 381, 192, 124, 24, 0
0, 0, 0, 37, 203, 188, 203, 393, 0, 1, 86, 195, 160, 194, 251, 137, 0, 63, 225, 221, 218, 246, 51, 0
0, 5, 17, 97, 193, 219, 213, 280, 6, 21, 122, 212, 213, 218, 176, 56, 20, 113, 264, 233, 224, 127, 43, 0
0, 45, 157, 221, 256, 163, 109, 73, 53, 170, 269, 232, 154, 82, 55, 9, 152, 249, 297, 186, 77, 57, 6, 0
8, 66, 128, 334, 240, 163, 69, 16, 60, 135, 344, 269, 142, 60, 12, 2, 112, 218, 349, 216, 102, 22, 5, 0
31, 77, 221, 250, 227, 133, 63, 22, 80, 214, 294, 227, 138, 53, 16, 2, 145, 294, 306, 182, 73, 23, 1, 0
99, 196, 439, 171, 71, 36, 11, 1, 150, 350, 373, 105, 39, 7, 0, 0, 166, 358, 378, 92, 29, 1, 0, 0
192, 395, 345, 67, 15, 9, 1, 0, 283, 471, 235, 26, 7, 2, 0, 0, 267, 447, 268, 36, 6, 0, 0, 0
190, 428, 267, 132, 7, 0, 0, 0, 313, 413, 242, 56, 0, 0, 0, 0, 224, 428, 229, 132, 11, 0, 0, 0
20, 215, 546, 231, 12, 0, 0, 0, 48, 376, 494, 104, 2, 0, 0, 0, 18, 155, 566, 276, 9, 0, 0, 0
95, 330, 241, 125, 67, 131, 35, 0, 157, 385, 193, 137, 123, 29, 0, 0, 84, 296, 265, 202, 131, 45, 1, 0
0, 2, 15, 108, 464, 379, 56, 0, 1, 2, 80, 466, 431, 44, 0, 0, 0, 1, 49, 328, 520, 124, 2, 0
0, 6, 38, 120, 165, 165, 193, 337, 10, 46, 132, 146, 138, 165, 194, 193, 49, 120, 129, 159, 148, 185, 177, 57
1, 18, 59, 111, 111, 134, 181, 409, 19, 60, 104, 125, 128, 144, 137, 307, 55, 97, 140, 140, 145, 131, 125, 191
1, 132, 217, 155, 141, 154, 98, 126, 101, 232, 169, 147, 154, 95, 58, 68, 246, 213, 153, 147, 112, 71, 51, 31
3, 64, 151, 150, 161, 149, 152, 194, 63, 159, 162, 156, 146, 128, 105, 105, 164, 192, 154, 155, 132, 98, 106, 23
0, 0, 1, 4, 15, 49, 122, 833, 0, 2, 4, 18, 39, 66, 142, 753, 2, 7, 26, 36, 68, 105, 197, 583
0, 0, 0, 13, 41, 64, 85, 821, 0, 0, 25, 36, 47, 57, 126, 733, 0, 18, 40, 53, 59, 120, 192, 542
0, 0, 0, 77, 190, 170, 195, 392, 0, 6, 97, 188, 161, 184, 211, 177, 4, 64, 205, 212, 183, 214, 103, 39
0, 0, 0, 2, 35, 93, 189, 705, 0, 0, 3, 35, 70, 135, 213, 568, 0, 3, 27, 67, 137, 212, 340, 238
0, 0, 0, 0, 0, 11, 121, 892, 0, 0, 0, 0, 10, 85, 174, 755, 0, 0, 1, 31, 104, 155, 193, 540
0, 0, 0, 0, 0, 9, 218, 797, 0, 0, 0, 0, 35, 299, 406, 284, 0, 0, 4, 163, 367, 354, 127, 9
0, 0, 0, 0, 2, 71, 369, 582, 0, 0, 0, 16, 180, 359, 356, 113, 0, 0, 42, 281, 467, 217, 17, 0
0, 0, 0, 0, 4, 222, 528, 270, 0, 0, 1, 79, 476, 367, 101, 0, 0, 4, 91, 424, 421, 84, 0, 0
0, 0, 0, 9, 80, 360, 439, 136, 0, 0, 24, 198, 489, 291, 22, 0, 0, 11, 110, 439, 427, 37, 0, 0
0, 0, 0, 78, 481, 378, 69, 18, 0, 1, 207, 544, 234, 21, 11, 6, 0, 48, 391, 467, 96, 15, 7, 0
0, 0, 8, 64, 141, 197, 294, 320, 0, 11, 62, 151, 202, 291, 264, 43, 10, 46, 130, 203, 264, 274, 97, 0
0, 4, 57, 191, 261, 227, 196, 88, 1, 72, 204, 270, 237, 182, 54, 4, 18, 139, 280, 286, 229, 66, 6, 0
32, 120, 415, 296, 107, 35, 17, 2, 76, 313, 427, 147, 42, 16, 3, 0, 106, 363, 400, 119, 33, 3, 0, 0
40, 147, 286, 330, 113, 60, 33, 15, 74, 239, 403, 201, 63, 33, 11, 0, 82, 265, 341, 249, 59, 26, 2, 0
16, 157, 469, 308, 59, 10, 5, 0, 38, 321, 497, 149, 17, 2, 0, 0, 40, 313, 450, 190, 31, 0, 0, 0
75, 365, 516, 68, 0, 0, 0, 0, 137, 467, 396, 24, 0, 0, 0, 0, 72, 367, 494, 90, 1, 0, 0, 0
404, 308, 239, 68, 4, 1, 0, 0, 477, 282, 227, 34, 4, 0, 0, 0, 338, 333, 247, 101, 5, 0, 0, 0
37, 195, 464, 249, 65, 12, 2, 0, 61, 259, 499, 185, 16, 4, 0, 0, 14, 142, 409, 373, 76, 9, 1, 0
5, 46, 143, 183, 334, 240, 69, 4, 14, 104, 222, 381, 236, 65, 2, 0, 5, 46, 197, 347, 336, 90, 3, 0
0, 2, 34, 172, 488, 280, 48, 0, 0, 26, 161, 546, 263, 28, 0, 0, 0, 12, 147, 523, 291, 50, 1, 0
0, 4, 44, 163, 222, 191, 167, 233, 4, 59, 184, 198, 183, 138, 134, 124, 35, 161, 225, 195, 125, 112, 118, 53
0, 4, 6, 28, 69, 93, 164, 660, 4, 9, 30, 71, 97, 112, 190, 511, 9, 44, 71, 82, 103, 161, 128, 426
0, 47, 168, 162, 132, 114, 123, 278, 27, 163, 175, 132, 110, 102, 105, 210, 111, 205, 145, 120, 93, 97, 93, 160
1, 33, 179, 160, 144, 150, 162, 195, 28, 180, 153, 152, 143, 152, 132, 84, 139, 176, 165, 145, 156, 147, 88, 8
0, 18, 56, 55, 66, 52, 59, 718, 8, 56, 47, 64, 48, 57, 66, 678, 31, 61, 55, 65, 46, 69, 86, 611
0, 0, 0, 0, 0, 2, 7, 1015, 0, 0, 0, 0, 0, 2, 10, 1012, 0, 0, 0, 0, 1, 4, 60, 959
0, 0, 0, 2, 46, 127, 87, 762, 0, 0, 6, 75, 94, 62, 86, 701, 0, 6, 69, 95, 64, 84, 96, 610
0, 0, 0, 0, 12, 51, 95, 866, 0, 0, 0, 15, 49, 67, 140, 753, 0, 0, 26, 46, 69, 127, 243, 513
0, 0, 0, 0, 0, 8, 86, 930, 0, 0, 0, 0, 0, 38, 265, 721, 0, 0, 0, 13, 106, 216, 260, 429
0, 0, 0, 0, 0, 2, 210, 812, 0, 0, 0, 0, 20, 426, 454, 124, 0, 0, 11, 302, 495, 154, 57, 5
0, 0, 0, 0, 0, 44, 528, 452, 0, 0, 0, 6, 313, 537, 166, 2, 0, 0, 37, 532, 412, 43, 0, 0
0, 0, 0, 0, 63, 360, 460, 141, 0, 0, 8, 220, 529, 207, 57, 3, 0, 1, 164, 520, 264, 71, 4, 0
0, 0, 0, 41, 233, 442, 240, 68, 0, 0, 82, 302, 400, 196, 43, 1, 0, 15, 127, 387, 323, 131, 41, 0
0, 0, 17, 61, 389, 424, 107, 26, 2, 17, 87, 454, 373, 73, 14, 4, 12, 26, 170, 491, 291, 29, 5, 0
0, 11, 96, 247, 345, 171, 107, 47, 5, 53, 214, 392, 196, 122, 38, 4, 4, 42, 237, 386, 226, 105, 23, 1
149, 136, 143, 214, 246, 107, 27, 2, 183, 167, 217, 282, 142, 31, 2, 0, 178, 175, 232, 249, 155, 32, 3, 0
25, 169, 412, 342, 59, 10, 7, 0, 79, 230, 452, 232, 26, 5, 0, 0, 65, 173, 354, 342, 84, 6, 0, 0
15, 182, 454, 320, 51, 2, 0, 0, 43, 255, 490, 226, 10, 0, 0, 0, 13, 156, 418, 362, 74, 1, 0, 0
3, 61, 389, 523, 48, 0, 0, 0, 5, 121, 523, 367, 8, 0, 0, 0, 2, 52, 329, 560, 81, 0, 0, 0
4, 114, 461, 399, 46, 0, 0, 0, 8, 261, 552, 203, 0, 0, 0, 0, 2, 87, 566, 362, 7, 0, 0, 0
34, 112, 316, 241, 216, 103, 2, 0, 47, 199, 378, 275, 122, 3, 0, 0, 37, 121, 359, 328, 170, 9, 0, 0
0, 14, 131, 389, 344, 124, 20, 2, 4, 59, 369, 441, 134, 16, 1, 0, 2, 22, 214, 534, 225, 26, 1, 0
0, 20, 129, 280, 402, 166, 25, 2, 1, 73, 299, 485, 156, 9, 1, 0, 0, 30, 204, 554, 224, 12, 0, 0
6, 146, 383, 408, 78, 3, 0, 0, 38, 255, 501, 227, 3, 0, 0, 0, 4, 145, 471, 390, 14, 0, 0, 0
340, 312, 103, 60, 67, 64, 48, 30, 573, 185, 69, 64, 65, 41, 21, 6, 609, 205, 75, 62, 54, 16, 3, 0
275, 359, 91, 16, 38, 35, 67, 143, 557, 160, 24, 38, 36, 62, 54, 93, 571, 163, 42, 40, 69, 52, 49, 38
223, 397, 142, 33, 24, 13, 13, 179, 487, 254, 44, 27, 15, 8, 18, 171, 564, 200, 32, 23, 13, 7, 25, 160
225, 408, 201, 114, 42, 20, 7, 7, 545, 284, 117, 45, 21, 6, 2, 4, 628, 280, 74, 26, 10, 4, 2, 0
223, 303, 185, 97, 58, 45, 35, 78, 478, 226, 96, 53, 45, 32, 37, 57, 551, 227, 66, 51, 26, 34, 53, 16
105, 315, 150, 23, 11, 20, 70, 330, 384, 179, 28, 9, 11, 46, 73, 294, 422, 154, 21, 8, 27, 59, 125, 208
84, 297, 159, 19, 19, 19, 27, 400, 375, 163, 18, 18, 19, 17, 43, 371, 434, 116, 17, 20, 18, 32, 49, 338
87, 191, 164, 41, 11, 17, 29, 484, 257, 186, 37, 13, 8, 31, 20, 472, 340, 126, 23, 5, 25, 22, 33, 450
83, 197, 137, 54, 13, 17, 45, 478, 265, 166, 40, 14, 13, 31, 154, 341, 321, 139, 19, 32, 59, 134, 117, 203
116, 183, 134, 23, 17, 12, 101, 438, 303, 124, 31, 19, 9, 143, 365, 30, 353, 102, 20, 112, 298, 139, 0, 0
100, 249, 66, 7, 12, 35, 208, 347, 331, 85, 6, 14, 74, 260, 224, 30, 362, 59, 28, 172, 273, 127, 3, 0
181, 195, 29, 76, 269, 179, 66, 29, 368, 39, 166, 322, 90, 34, 5, 0, 378, 100, 355, 156, 32, 3, 0, 0
245, 139, 113, 191, 213, 61, 37, 25, 339, 139, 204, 212, 69, 40, 21, 0, 334, 157, 208, 214, 61, 43, 7, 0
210, 105, 99, 235, 219, 98, 48, 10, 289, 72, 229, 276, 115, 38, 5, 0, 286, 82, 245, 280, 116, 15, 0, 0
87, 110, 229, 372, 156, 65, 5, 0, 169, 127, 285, 307, 94, 38, 4, 0, 185, 80, 177, 325, 144, 69, 43, 1
403, 150, 211, 190, 68, 2, 0, 0, 458, 161, 211, 160, 34, 0, 0, 0, 434, 142, 190, 186, 70, 2, 0, 0
160, 79, 253, 470, 62, 0, 0, 0, 185, 134, 326, 368, 11, 0, 0, 0, 163, 93, 176, 422, 170, 0, 0, 0
100, 36, 136, 416, 294, 42, 0, 0, 109, 57, 279, 472, 106, 1, 0, 0, 103, 27, 104, 471, 303, 16, 0, 0
53, 38, 215, 573, 144, 1, 0, 0, 58, 63, 426, 459, 18, 0, 0, 0, 54, 44, 186, 663, 77, 0, 0, 0
5, 52, 449, 416, 100, 2, 0, 0, 9, 137, 629, 246, 3, 0, 0, 0, 6, 41, 508, 461, 8, 0, 0, 0
13, 208, 442, 209, 116, 35, 1, 0, 22, 307, 452, 187, 55, 1, 0, 0, 3, 141, 503, 247, 120, 10, 0, 0
0, 4, 89, 466, 383, 82, 0, 0, 1, 37, 385, 500, 101, 0, 0, 0, 0, 14, 230, 596, 179, 5, 0, 0
119, 236, 353, 287, 29, 0, 0, 0, 204, 304, 374, 140, 2, 0, 0, 0, 115, 261, 342, 271, 35, 0, 0, 0
386, 350, 250, 37, 1, 0, 0, 0, 475, 348, 182, 19, 0, 0, 0, 0, 356, 357, 244, 63, 4, 0, 0, 0
234, 514, 250, 24, 2, 0, 0, 0, 692, 303, 22, 7, 0, 0, 0, 0, 703, 288, 27, 6, 0, 0, 0, 0
407, 466, 149, 2, 0, 0, 0, 0, 804, 209, 11, 0, 0, 0, 0, 0, 801, 215, 8, 0, 0, 0, 0, 0
267, 536, 210, 11, 0, 0, 0, 0, 742, 265, 17, 0, 0, 0, 0, 0, 772, 242, 10, 0, 0, 0, 0, 0
276, 482, 235, 31, 0, 0, 0, 0, 704, 289, 31, 0, 0, 0, 0, 0, 710, 283, 31, 0, 0, 0, 0, 0
181, 499, 308, 34, 2, 0, 0, 0, 665, 333, 25, 1, 0, 0, 0, 0, 705, 303, 16, 0, 0, 0, 0, 0
111, 486, 382, 43, 2, 0, 0, 0, 607, 396, 21, 0, 0, 0, 0, 0, 728, 293, 3, 0, 0, 0, 0, 0
76, 484, 380, 84, 0, 0, 0, 0, 585, 415, 24, 0, 0, 0, 0, 0, 698, 325, 1, 0, 0, 0, 0, 0
91, 513, 333, 86, 1, 0, 0, 0, 625, 358, 41, 0, 0, 0, 0, 0, 699, 311, 14, 0, 0, 0, 0, 0
111, 527, 321, 65, 0, 0, 0, 0, 678, 331, 15, 0, 0, 0, 0, 0, 771, 250, 3, 0, 0, 0, 0, 0
211, 522, 255, 36, 0, 0, 0, 0, 739, 259, 26, 0, 0, 0, 0, 0, 774, 224, 26, 0, 0, 0, 0, 0
244, 487, 266, 27, 0, 0, 0, 0, 756, 260, 8, 0, 0, 0, 0, 0, 763, 254, 7, 0, 0, 0, 0, 0
396, 375, 233, 20, 0, 0, 0, 0, 772, 247, 5, 0, 0, 0, 0, 0, 794, 227, 3, 0, 0, 0, 0, 0
373, 443, 201, 7, 0, 0, 0, 0, 818, 205, 1, 0, 0, 0, 0, 0, 875, 149, 0, 0, 0, 0, 0, 0
312, 476, 211, 25, 0, 0, 0, 0, 808, 215, 1, 0, 0, 0, 0, 0, 862, 162, 0, 0, 0, 0, 0, 0
287, 409, 254, 71, 3, 0, 0, 0, 718, 293, 13, 0, 0, 0, 0, 0, 803, 214, 7, 0, 0, 0, 0, 0
315, 414, 258, 37, 0, 0, 0, 0, 763, 253, 8, 0, 0, 0, 0, 0, 855, 168, 1, 0, 0, 0, 0, 0
470, 282, 225, 47, 0, 0, 0, 0, 770, 248, 6, 0, 0, 0, 0, 0, 840, 180, 4, 0, 0, 0, 0, 0
370, 310, 253, 91, 0, 0, 0, 0, 744, 259, 21, 0, 0, 0, 0, 0, 804, 208, 12, 0, 0, 0, 0, 0
391, 269, 279, 85, 0, 0, 0, 0, 754, 243, 27, 0, 0, 0, 0, 0, 828, 192, 4, 0, 0, 0, 0, 0
425, 218, 277, 104, 0, 0, 0, 0, 719, 279, 26, 0, 0, 0, 0, 0, 830, 173, 21, 0, 0, 0, 0, 0
464, 266, 230, 62, 2, 0, 0, 0, 746, 217, 49, 12, 0, 0, 0, 0, 807, 158, 33, 26, 0, 0, 0, 0
329, 206, 367, 96, 25, 1, 0, 0, 620, 292, 72, 32, 8, 0, 0, 0, 716, 188, 64, 42, 14, 0, 0, 0
384, 372, 232, 35, 1, 0, 0, 0, 734, 228, 49, 13, 0, 0, 0, 0, 777, 176, 48, 21, 2, 0, 0, 0
703, 297, 24, 0, 0, 0, 0, 0, 975, 49, 0, 0, 0, 0, 0, 0, 970, 54, 0, 0, 0, 0, 0, 0
230, 468, 281, 36, 9, 0, 0, 0, 591, 383, 40, 10, 0, 0, 0, 0, 608, 368, 38, 10, 0, 0, 0, 0
155, 393, 428, 46, 2, 0, 0, 0, 531, 461, 28, 4, 0, 0, 0, 0, 581, 415, 24, 4, 0, 0, 0, 0
120, 440, 411, 41, 11, 1, 0, 0, 526, 441, 42, 13, 2, 0, 0, 0, 558, 417, 35, 13, 1, 0, 0, 0
111, 402, 288, 95, 65, 57, 6, 0, 434, 335, 116, 61, 64, 14, 0, 0, 454, 313, 112, 59, 63, 23, 0, 0
22, 430, 447, 118, 7, 0, 0, 0, 511, 442, 62, 9, 0, 0, 0, 0, 604, 374, 36, 10, 0, 0, 0, 0
0, 154, 411, 316, 116, 25, 2, 0, 221, 572, 210, 19, 2, 0, 0, 0, 406, 571, 43, 4, 0, 0, 0, 0
4, 115, 356, 296, 162, 67, 20, 4, 132, 497, 280, 69, 30, 16, 0, 0, 286, 554, 123, 27, 29, 5, 0, 0
8, 329, 334, 269, 79, 5, 0, 0, 328, 474, 205, 14, 3, 0, 0, 0, 435, 495, 84, 10, 0, 0, 0, 0
25, 405, 376, 205, 10, 3, 0, 0, 458, 436, 120, 10, 0, 0, 0, 0, 529, 422, 67, 6, 0, 0, 0, 0
159, 461, 289, 112, 3, 0, 0, 0, 588, 366, 67, 3, 0, 0, 0, 0, 623, 376, 22, 2, 1, 0, 0, 0
138, 388, 335, 133, 20, 8, 2, 0, 484, 423, 81, 24, 8, 4, 0, 0, 508, 425, 55, 22, 10, 4, 0, 0
257, 474, 233, 52, 8, 0, 0, 0, 701, 269, 45, 9, 0, 0, 0, 0, 720, 252, 43, 7, 2, 0, 0, 0
370, 467, 153, 22, 8, 3, 1, 0, 792, 201, 18, 7, 4, 2, 0, 0, 808, 183, 19, 8, 4, 2, 0, 0
346, 437, 178, 32, 22, 7, 2, 0, 728, 219, 41, 22, 12, 2, 0, 0, 736, 213, 37, 22, 14, 2, 0, 0
315, 462, 179, 45, 17, 5, 1, 0, 699, 258, 41, 17, 8, 1, 0, 0, 718, 241, 39, 18, 7, 1, 0, 0
346, 392, 237, 32, 8, 6, 3, 0, 676, 302, 27, 9, 6, 4, 0, 0, 688, 294, 23, 10, 6, 3, 0, 0
378, 376, 203, 66, 1, 0, 0, 0, 729, 267, 23, 5, 0, 0, 0, 0, 792, 214, 13, 5, 0, 0, 0, 0
437, 399, 180, 7, 1, 0, 0, 0, 812, 204, 7, 1, 0, 0, 0, 0, 867, 152, 4, 1, 0, 0, 0, 0
512, 338, 148, 26, 0, 0, 0, 0, 849, 165, 10, 0, 0, 0, 0, 0, 903, 118, 3, 0, 0, 0, 0, 0
530, 278, 130, 84, 2, 0, 0, 0, 825, 186, 11, 2, 0, 0, 0, 0, 875, 141, 6, 2, 0, 0, 0, 0
478, 317, 207, 21, 1, 0, 0, 0, 800, 205, 17, 2, 0, 0, 0, 0, 827, 180, 14, 3, 0, 0, 0, 0
652, 226, 142, 4, 0, 0, 0, 0, 885, 131, 6, 2, 0, 0, 0, 0, 935, 80, 7, 2, 0, 0, 0, 0
712, 194, 97, 14, 7, 0, 0, 0, 876, 120, 11, 14, 3, 0, 0, 0, 869, 124, 12, 14, 5, 0, 0, 0
904, 118, 2, 0, 0, 0, 0, 0, 994, 30, 0, 0, 0, 0, 0, 0, 987, 37, 0, 0, 0, 0, 0, 0
98, 173, 84, 55, 59, 78, 114, 363, 219, 121, 60, 56, 67, 87, 142, 272, 243, 113, 78, 67, 76, 118, 191, 138
57, 200, 256, 112, 95, 97, 92, 115, 187, 276, 140, 93, 101, 81, 82, 64, 238, 300, 107, 112, 87, 82, 81, 17
34, 122, 234, 149, 137, 112, 83, 153, 135, 255, 182, 132, 97, 68, 76, 79, 192, 303, 192, 114, 83, 79, 57, 4
11, 93, 115, 142, 144, 143, 116, 260, 90, 123, 153, 163, 117, 88, 124, 166, 105, 150, 194, 167, 125, 127, 122, 34
8, 151, 141, 165, 40, 21, 46, 452, 156, 194, 140, 18, 19, 24, 53, 420, 227, 240, 42, 19, 27, 48, 224, 197
0, 9, 45, 108, 103, 97, 107, 555, 18, 110, 125, 119, 75, 68, 50, 459, 54, 167, 177, 93, 62, 31, 101, 339
0, 0, 0, 20, 84, 136, 144, 640, 0, 19, 105, 136, 109, 92, 88, 475, 11, 131, 178, 124, 85, 67, 95, 333
4, 95, 190, 213, 154, 59, 22, 287, 123, 274, 201, 86, 36, 15, 18, 271, 195, 345, 108, 54, 30, 36, 178, 78
23, 222, 274, 208, 53, 40, 28, 176, 224, 344, 157, 52, 39, 25, 100, 83, 290, 341, 110, 63, 90, 97, 33, 0
73, 205, 310, 209, 61, 52, 51, 63, 260, 367, 173, 62, 55, 46, 60, 1, 299, 375, 140, 71, 85, 51, 3, 0
90, 184, 301, 233, 103, 56, 34, 23, 244, 375, 181, 100, 62, 39, 22, 1, 282, 383, 154, 91, 59, 49, 6, 0
130, 244, 230, 130, 126, 136, 20, 8, 324, 264, 127, 123, 146, 31, 8, 1, 349, 235, 120, 114, 133, 66, 7, 0
233, 344, 374, 57, 13, 3, 0, 0, 507, 434, 56, 20, 7, 0, 0, 0, 551, 402, 48, 14, 9, 0, 0, 0
162, 303, 245, 147, 97, 63, 7, 0, 353, 294, 154, 118, 86, 19, 0, 0, 350, 275, 162, 119, 93, 25, 0, 0
299, 266, 257, 96, 62, 34, 10, 0, 489, 295, 112, 64, 46, 17, 1, 0, 467, 306, 120, 60, 48, 22, 1, 0
353, 243, 272, 109, 29, 18, 0, 0, 512, 342, 107, 33, 21, 9, 0, 0, 542, 332, 83, 34, 18, 15, 0, 0
341, 236, 242, 115, 54, 34, 2, 0, 506, 308, 104, 55, 41, 10, 0, 0, 516, 299, 101, 46, 48, 14, 0, 0
301, 200, 331, 102, 65, 25, 0, 0, 454, 353, 106, 73, 35, 3, 0, 0, 455, 347, 113, 70, 35, 4, 0, 0
242, 244, 300, 123, 85, 30, 0, 0, 407, 325, 148, 97, 46, 1, 0, 0, 401, 320, 146, 93, 56, 8, 0, 0
311, 276, 335, 68, 26, 8, 0, 0, 525, 388, 72, 29, 9, 1, 0, 0, 529, 386, 64, 31, 13, 1, 0, 0
543, 228, 207, 24, 18, 4, 0, 0, 715, 252, 31, 15, 9, 2, 0, 0, 733, 229, 35, 10, 14, 3, 0, 0
485, 219, 154, 57, 44, 59, 6, 0, 651, 180, 64, 55, 45, 28, 1, 0, 631, 184, 70, 47, 46, 44, 2, 0
482, 202, 153, 97, 73, 17, 0, 0, 585, 204, 113, 77, 45, 0, 0, 0, 549, 184, 131, 83, 63, 14, 0, 0
234, 181, 148, 86, 73, 298, 4, 0, 378, 158, 87, 70, 245, 86, 0, 0, 355, 160, 83, 72, 49, 296, 9, 0
2, 41, 97, 125, 132, 139, 188, 300, 20, 78, 121, 142, 114, 181, 186, 182, 27, 100, 131, 142, 135, 183, 166, 140
117, 258, 260, 162, 87, 52, 47, 41, 278, 292, 206, 95, 61, 40, 37, 15, 363, 290, 161, 91, 53, 42, 22, 2
2, 107, 291, 243, 201, 93, 46, 41, 101, 308, 263, 198, 80, 37, 29, 8, 266, 287, 228, 148, 54, 28, 13, 0
0, 25, 133, 223, 239, 175, 131, 98, 39, 165, 267, 228, 160, 91, 61, 13, 155, 301, 241, 153, 104, 56, 13, 1
0, 0, 10, 82, 98, 93, 160, 581, 0, 42, 101, 101, 86, 134, 184, 376, 37, 124, 109, 106, 145, 163, 234, 106
0, 0, 0, 10, 49, 70, 148, 747, 0, 1, 34, 54, 72, 120, 228, 515, 9, 57, 51, 119, 202, 189, 253, 144
0, 0, 0, 0, 0, 4, 25, 995, 0, 0, 0, 0, 0, 9, 91, 924, 0, 0, 0, 3, 20, 158, 322, 521
0, 0, 0, 0, 0, 0, 33, 991, 0, 0, 0, 0, 0, 3, 65, 956, 0, 0, 0, 0, 23, 152, 432, 417
0, 0, 0, 0, 0, 9, 115, 900, 0, 0, 0, 0, 5, 90, 352, 577, 0, 0, 4, 58, 229, 402, 238, 93
0, 0, 0, 1, 68, 259, 364, 332, 0, 0, 18, 199, 320, 343, 134, 10, 0, 9, 185, 460, 307, 62, 1, 0
0, 0, 15, 181, 426, 278, 99, 25, 0, 34, 333, 403, 191, 54, 9, 0, 8, 178, 404, 308, 105, 21, 0, 0
0, 4, 177, 447, 229, 90, 42, 35, 5, 213, 367, 285, 83, 36, 16, 19, 104, 187, 354, 272, 45, 33, 28, 1
3, 229, 319, 187, 100, 87, 45, 54, 209, 277, 211, 126, 95, 41, 50, 15, 265, 235, 213, 126, 91, 59, 34, 1
15, 143, 221, 243, 213, 110, 36, 43, 100, 212, 238, 244, 142, 44, 31, 13, 121, 201, 245, 242, 147, 32, 32, 4
127, 201, 212, 221, 169, 48, 30, 16, 209, 231, 206, 219, 97, 33, 28, 1, 194, 215, 208, 219, 124, 41, 23, 0
110, 245, 255, 215, 137, 36, 18, 8, 198, 280, 238, 190, 80, 22, 16, 0, 175, 243, 242, 200, 127, 24, 13, 0
115, 221, 275, 245, 104, 37, 20, 7, 188, 248, 282, 194, 80, 24, 8, 0, 165, 197, 265, 218, 145, 26, 8, 0
185, 213, 214, 234, 114, 50, 11, 3, 265, 220, 202, 221, 88, 23, 4, 1, 215, 208, 211, 174, 181, 29, 5, 1
122, 153, 184, 154, 322, 63, 23, 3, 187, 206, 142, 179, 274, 28, 8, 0, 182, 173, 128, 147, 182, 199, 13, 0
108, 198, 290, 219, 162, 44, 3, 0, 229, 276, 212, 234, 66, 7, 0, 0, 216, 252, 195, 206, 142, 13, 0, 0
42, 155, 241, 169, 188, 138, 60, 31, 131, 246, 179, 220, 127, 86, 21, 14, 96, 233, 206, 219, 144, 90, 23, 13
43, 160, 150, 142, 141, 316, 69, 3, 100, 183, 172, 173, 272, 121, 3, 0, 106, 179, 161, 173, 179, 222, 4, 0
19, 130, 129, 152, 131, 446, 17, 0, 107, 140, 114, 145, 365, 153, 0, 0, 70, 147, 99, 116, 129, 447, 16, 0
36, 77, 69, 60, 201, 581, 0, 0, 80, 73, 70, 125, 640, 36, 0, 0, 79, 71, 66, 108, 210, 479, 11, 0
52, 122, 73, 50, 41, 46, 68, 572, 121, 95, 58, 48, 41, 46, 78, 537, 134, 92, 56, 47, 47, 50, 96, 502
271, 251, 184, 149, 83, 45, 22, 19, 421, 237, 157, 110, 47, 31, 15, 6, 478, 209, 161, 92, 42, 22, 18, 2
137, 347, 227, 128, 78, 51, 34, 22, 408, 260, 154, 89, 54, 30, 25, 4, 484, 257, 122, 71, 49, 25, 16, 0
33, 385, 153, 143, 110, 74, 61, 65, 352, 244, 144, 113, 67, 60, 37, 7, 500, 218, 134, 76, 58, 31, 7, 0
2, 350, 316, 159, 109, 56, 25, 7, 295, 417, 159, 91, 42, 18, 2, 0, 605, 211, 114, 69, 20, 4, 1, 0
0, 95, 203, 286, 166, 65, 64, 145, 84, 327, 236, 118, 72, 47, 66, 74, 303, 294, 163, 81, 63, 57, 63, 0
0, 0, 29, 254, 235, 170, 72, 264, 1, 196, 306, 156, 52, 40, 68, 205, 133, 360, 180, 45, 45, 77, 147, 37
0, 0, 27, 251, 231, 197, 123, 195, 0, 218, 350, 185, 74, 25, 35, 137, 103, 522, 170, 47, 30, 60, 89, 3
0, 0, 29, 303, 350, 215, 37, 90, 1, 205, 457, 239, 20, 26, 46, 30, 80, 510, 300, 45, 39, 47, 3, 0
0, 0, 166, 427, 172, 203, 29, 27, 15, 443, 348, 169, 22, 19, 8, 0, 285, 562, 142, 13, 22, 0, 0, 0
0, 0, 117, 642, 232, 33, 0, 0, 11, 621, 379, 13, 0, 0, 0, 0, 300, 688, 34, 2, 0, 0, 0, 0
0, 11, 672, 299, 39, 3, 0, 0, 98, 795, 104, 27, 0, 0, 0, 0, 631, 312, 70, 11, 0, 0, 0, 0
1, 461, 416, 89, 44, 9, 3, 1, 583, 300, 77, 50, 10, 3, 1, 0, 807, 77, 83, 43, 10, 3, 1, 0
149, 596, 70, 87, 72, 49, 1, 0, 704, 84, 74, 74, 74, 14, 0, 0, 700, 77, 72, 77, 55, 19, 24, 0
337, 214, 117, 134, 117, 83, 22, 0, 481, 119, 127, 121, 72, 89, 15, 0, 453, 114, 129, 117, 64, 36, 96, 15
72, 164, 335, 239, 87, 9, 32, 86, 125, 217, 334, 186, 43, 24, 48, 47, 92, 207, 297, 206, 101, 34, 45, 42
7, 97, 297, 485, 69, 11, 18, 40, 23, 151, 408, 355, 25, 11, 22, 29, 4, 61, 276, 518, 102, 19, 22, 22
159, 141, 211, 243, 270, 0, 0, 0, 175, 163, 222, 350, 114, 0, 0, 0, 120, 109, 201, 188, 301, 105, 0, 0
3, 25, 95, 330, 571, 0, 0, 0, 5, 34, 124, 445, 416, 0, 0, 0, 0, 8, 46, 155, 413, 402, 0, 0
0, 25, 192, 339, 218, 150, 64, 36, 5, 104, 259, 369, 204, 53, 25, 5, 4, 82, 221, 303, 304, 92, 14, 4
0, 0, 38, 135, 180, 178, 302, 191, 1, 58, 150, 186, 198, 238, 131, 62, 29, 131, 186, 158, 202, 187, 109, 22
1, 51, 132, 246, 164, 159, 179, 92, 29, 150, 264, 180, 173, 145, 67, 16, 55, 195, 294, 196, 147, 88, 44, 5
18, 100, 153, 119, 181, 435, 18, 0, 73, 158, 127, 181, 439, 45, 1, 0, 65, 141, 150, 170, 231, 265, 2, 0
5, 36, 109, 178, 227, 278, 87, 104, 28, 94, 180, 195, 335, 68, 94, 30, 45, 111, 172, 178, 253, 174, 82, 9
131, 465, 114, 75, 55, 39, 58, 87, 558, 137, 56, 69, 52, 37, 51, 64, 621, 90, 57, 63, 50, 54, 30, 59
77, 619, 87, 50, 29, 20, 42, 100, 661, 105, 51, 31, 26, 29, 44, 77, 698, 88, 45, 30, 22, 32, 58, 51
125, 603, 78, 23, 38, 34, 43, 80, 658, 131, 28, 38, 26, 40, 39, 64, 707, 93, 31, 35, 30, 37, 43, 48
21, 553, 109, 39, 42, 40, 48, 172, 527, 149, 32, 40, 41, 45, 62, 128, 600, 97, 45, 34, 43, 54, 84, 67
16, 453, 235, 92, 49, 56, 74, 49, 338, 321, 113, 70, 52, 70, 47, 13, 455, 261, 107, 60, 67, 51, 19, 4
11, 191, 172, 121, 38, 55, 111, 325, 184, 222, 85, 44, 50, 84, 159, 196, 314, 141, 88, 57, 109, 125, 133, 57
0, 6, 161, 170, 101, 99, 178, 309, 21, 249, 85, 84, 86, 154, 198, 147, 184, 146, 100, 116, 163, 190, 125, 0
0, 0, 123, 188, 81, 108, 180, 344, 7, 225, 98, 80, 106, 149, 188, 171, 149, 174, 101, 131, 147, 181, 110, 31
0, 0, 23, 185, 288, 195, 142, 191, 1, 64, 225, 260, 160, 132, 135, 47, 33, 203, 275, 209, 152, 130, 22, 0
0, 1, 47, 120, 193, 295, 241, 127, 8, 81, 149, 260, 296, 179, 49, 2, 68, 154, 291, 334, 149, 27, 1, 0
0, 3, 59, 228, 318, 273, 117, 26, 10, 85, 255, 337, 235, 88, 14, 0, 36, 201, 324, 277, 162, 24, 0, 0
0, 23, 137, 285, 365, 184, 29, 1, 25, 143, 316, 350, 165, 24, 1, 0, 58, 217, 343, 270, 127, 9, 0, 0
0, 145, 185, 170, 226, 200, 81, 17, 98, 202, 143, 205, 227, 118, 30, 1, 123, 186, 130, 149, 188, 175, 68, 5
12, 130, 149, 116, 209, 149, 89, 170, 100, 133, 126, 171, 177, 119, 112, 86, 92, 124, 118, 140, 180, 132, 229, 9
35, 205, 179, 163, 153, 250, 39, 0, 134, 183, 173, 135, 166, 224, 9, 0, 146, 159, 142, 126, 95, 95, 252, 9
60, 114, 78, 176, 94, 114, 221, 167, 148, 68, 169, 139, 110, 207, 83, 100, 142, 76, 169, 151, 131, 183, 118, 54
0, 0, 2, 22, 52, 99, 242, 607, 0, 1, 18, 73, 78, 268, 284, 302, 1, 14, 52, 96, 144, 404, 266, 47
1, 28, 83, 120, 176, 62, 113, 441, 3, 38, 111, 123, 197, 179, 255, 118, 0, 20, 77, 189, 212, 324, 151, 51
0, 1, 42, 286, 435, 41, 69, 150, 0, 3, 55, 466, 262, 71, 53, 114, 0, 0, 15, 105, 546, 211, 52, 95
0, 0, 8, 33, 196, 321, 225, 241, 0, 3, 26, 120, 353, 245, 138, 139, 0, 3, 22, 79, 290, 373, 169, 88
0, 3, 11, 17, 43, 234, 365, 351, 3, 9, 18, 72, 292, 317, 218, 95, 12, 19, 66, 168, 334, 306, 119, 0
2, 15, 148, 219, 200, 207, 131, 102, 10, 154, 215, 233, 214, 109, 74, 15, 80, 183, 218, 243, 196, 84, 20, 0
7, 53, 210, 424, 285, 40, 4, 1, 24, 135, 407, 373, 80, 4, 1, 0, 23, 109, 313, 429, 149, 1, 0, 0
7, 95, 345, 338, 185, 35, 15, 4, 24, 188, 416, 307, 73, 14, 2, 0, 28, 159, 341, 349, 138, 9, 0, 0
87, 138, 128, 121, 139, 99, 100, 212, 172, 146, 122, 128, 117, 89, 95, 155, 223, 145, 126, 107, 119, 82, 96, 126
0, 12, 52, 92, 99, 108, 121, 540, 11, 49, 80, 102, 92, 98, 149, 443, 42, 66, 89, 107, 103, 115, 179, 323
0, 6, 46, 97, 130, 177, 228, 340, 10, 59, 93, 151, 153, 209, 173, 176, 42, 93, 158, 159, 194, 167, 135, 76
2, 11, 14, 23, 44, 80, 140, 710, 8, 16, 17, 29, 72, 109, 173, 600, 18, 17, 31, 65, 100, 144, 250, 399
0, 23, 28, 37, 55, 83, 125, 673, 20, 22, 33, 55, 80, 86, 166, 562, 27, 36, 49, 85, 88, 117, 240, 382
0, 0, 26, 85, 138, 155, 211, 409, 5, 31, 99, 134, 160, 184, 173, 238, 24, 95, 155, 185, 187, 137, 83, 158
1, 63, 78, 116, 102, 120, 118, 426, 57, 86, 110, 106, 110, 102, 156, 297, 104, 118, 125, 108, 112, 152, 173, 132
3, 119, 142, 80, 103, 164, 175, 238, 102, 153, 105, 111, 168, 165, 148, 72, 186, 155, 160, 162, 170, 135, 56, 0
5, 91, 113, 81, 122, 169, 198, 245, 74, 116, 115, 156, 184, 199, 162, 18, 123, 161, 224, 191, 218, 104, 3, 0
15, 364, 179, 90, 122, 122, 92, 40, 410, 151, 113, 142, 115, 72, 20, 1, 462, 146, 181, 149, 70, 15, 1, 0
7, 661, 134, 50, 64, 54, 37, 17, 666, 136, 57, 58, 60, 30, 15, 2, 735, 96, 55, 69, 36, 31, 2, 0
7, 371, 144, 63, 110, 133, 127, 69, 377, 152, 62, 118, 133, 121, 54, 7, 466, 107, 102, 138, 122, 77, 12, 0
1, 114, 97, 85, 116, 122, 239, 250, 117, 92, 85, 117, 144, 256, 170, 43, 149, 103, 110, 133, 161, 239, 123, 6
7, 91, 112, 250, 288, 131, 66, 79, 81, 120, 239, 314, 128, 67, 52, 23, 130, 152, 263, 273, 120, 64, 22, 0
14, 64, 138, 178, 217, 181, 147, 85, 57, 143, 195, 229, 168, 162, 67, 3, 101, 166, 225, 226, 176, 103, 27, 0
11, 54, 130, 243, 248, 66, 64, 208, 55, 105, 245, 261, 77, 62, 70, 149, 71, 160, 263, 180, 93, 81, 121, 55
3, 14, 20, 79, 128, 545, 137, 98, 13, 26, 95, 134, 447, 220, 56, 33, 19, 94, 109, 98, 240, 385, 72, 7
0, 0, 4, 62, 184, 280, 290, 204, 0, 10, 84, 154, 342, 220, 92, 122, 5, 53, 135, 169, 308, 212, 112, 30
8, 7, 34, 61, 203, 258, 222, 231, 13, 33, 101, 205, 267, 170, 108, 127, 25, 64, 195, 188, 249, 128, 139, 36
0, 14, 60, 128, 270, 292, 105, 155, 13, 71, 147, 288, 265, 85, 69, 86, 38, 121, 231, 294, 202, 85, 51, 2
0, 4, 27, 62, 223, 526, 109, 73, 4, 34, 82, 249, 522, 67, 41, 25, 23, 54, 136, 282, 400, 101, 28, 0
2, 58, 155, 232, 326, 218, 28, 5, 40, 176, 267, 352, 168, 21, 0, 0, 113, 245, 307, 240, 110, 9, 0, 0
268, 263, 196, 183, 70, 31, 13, 0, 424, 248, 207, 110, 29, 6, 0, 0, 482, 235, 195, 96, 14, 2, 0, 0
48, 312, 355, 221, 50, 13, 16, 9, 178, 395, 318, 92, 16, 19, 5, 1, 269, 377, 269, 80, 21, 7, 1, 0
427, 200, 100, 69, 52, 63, 45, 68, 575, 117, 94, 55, 63, 49, 44, 27, 626, 104, 87, 61, 57, 47, 28, 14
222, 301, 193, 48, 50, 54, 71, 85, 389, 229, 132, 54, 54, 74, 64, 28, 403, 216, 136, 71, 80, 66, 50, 2
134, 399, 244, 115, 90, 28, 9, 5, 304, 413, 171, 100, 23, 9, 3, 1, 371, 404, 183, 48, 13, 3, 2, 0
123, 299, 179, 150, 103, 84, 50, 36, 292, 249, 186, 108, 94, 43, 29, 23, 338, 242, 190, 101, 77, 38, 26, 12
142, 319, 259, 159, 64, 49, 25, 7, 317, 279, 241, 114, 49, 18, 6, 0, 359, 283, 245, 111, 23, 2, 1, 0
10, 146, 271, 218, 141, 104, 65, 69, 68, 328, 248, 140, 99, 58, 57, 26, 243, 298, 197, 121, 65, 48, 48, 4
18, 208, 220, 191, 137, 91, 76, 83, 142, 249, 221, 142, 96, 81, 56, 37, 216, 245, 213, 134, 90, 63, 50, 13
4, 112, 141, 105, 108, 127, 131, 296, 66, 140, 137, 103, 135, 104, 127, 212, 119, 160, 137, 123, 108, 117, 157, 103
4, 102, 123, 70, 75, 95, 144, 411, 73, 125, 83, 64, 88, 110, 185, 296, 106, 133, 74, 88, 90, 149, 198, 186
0, 38, 167, 203, 190, 141, 157, 128, 22, 145, 220, 203, 151, 150, 107, 26, 60, 187, 238, 208, 155, 128, 47, 1
0, 56, 180, 237, 262, 165, 81, 43, 38, 152, 257, 270, 172, 87, 36, 12, 60, 168, 275, 241, 182, 76, 21, 1
10, 265, 218, 172, 184, 124, 38, 13, 141, 268, 211, 189, 168, 36, 11, 0, 193, 253, 172, 161, 175, 65, 3, 2
0, 38, 78, 83, 128, 153, 387, 157, 16, 78, 102, 123, 129, 431, 105, 40, 31, 90, 121, 131, 120, 367, 132, 32
1, 32, 80, 135, 284, 241, 137, 114, 17, 74, 155, 325, 200, 156, 66, 31, 34, 105, 206, 320, 178, 114, 64, 3
0, 9, 37, 157, 249, 232, 191, 149, 1, 33, 117, 272, 210, 209, 115, 67, 6, 35, 123, 248, 216, 190, 143, 63
0, 8, 49, 24, 32, 77, 479, 355, 1, 43, 33, 42, 105, 451, 219, 130, 16, 52, 38, 57, 203, 349, 283, 26
4, 62, 157, 170, 136, 169, 124, 202, 27, 136, 176, 162, 186, 139, 117, 81, 53, 140, 175, 159, 208, 173, 106, 10
0, 33, 122, 143, 207, 340, 81, 98, 19, 114, 175, 236, 308, 75, 53, 44, 77, 134, 182, 326, 197, 55, 46, 7
14, 20, 56, 95, 89, 354, 196, 200, 18, 51, 87, 124, 348, 209, 109, 78, 21, 63, 102, 149, 337, 257, 88, 7
0, 0, 35, 144, 202, 181, 170, 292, 3, 70, 173, 200, 148, 143, 132, 155, 85, 202, 204, 157, 108, 141, 118, 9
0, 11, 48, 180, 299, 291, 95, 100, 15, 75, 201, 334, 239, 87, 63, 10, 94, 177, 204, 287, 221, 38, 3, 0
0, 14, 66, 169, 331, 220, 89, 135, 9, 91, 172, 296, 245, 76, 96, 39, 70, 153, 183, 268, 233, 107, 10, 0
45, 128, 89, 80, 196, 460, 17, 9, 99, 147, 84, 203, 465, 17, 8, 1, 121, 131, 100, 183, 328, 157, 4, 0
11, 64, 200, 215, 178, 117, 137, 102, 68, 178, 256, 190, 147, 131, 53, 1, 119, 225, 279, 212, 148, 40, 1, 0
95, 268, 294, 210, 100, 45, 9, 3, 190, 296, 310, 156, 56, 13, 3, 0, 204, 276, 348, 138, 51, 5, 2, 0
29, 235, 306, 271, 107, 43, 23, 10, 92, 321, 335, 173, 59, 33, 9, 2, 109, 315, 342, 172, 50, 27, 7, 2
136, 381, 293, 132, 52, 23, 6, 1, 192, 448, 253, 83, 34, 11, 3, 0, 216, 453, 238, 73, 31, 11, 2, 0
147, 277, 237, 128, 122, 41, 46, 26, 239, 310, 208, 138, 52, 36, 33, 8, 258, 324, 218, 118, 55, 39, 11, 1
260, 366, 164, 99, 51, 35, 30, 19, 503, 230, 130, 64, 38, 35, 16, 8, 548, 226, 116, 53, 32, 32, 16, 1
6, 93, 224, 197, 207, 154, 93, 50, 54, 238, 225, 208, 160, 87, 38, 14, 176, 271, 216, 174, 102, 58, 23, 4
26, 154, 137, 165, 146, 108, 109, 179, 102, 179, 173, 143, 110, 106, 113, 98, 190, 165, 166, 142, 105, 100, 122, 34
0, 14, 95, 181, 226, 186, 161, 161, 10, 92, 217, 213, 191, 145, 97, 59, 62, 191, 240, 195, 146, 94, 80, 16
0, 34, 103, 202, 264, 234, 133, 54, 25, 112, 220, 276, 238, 107, 32, 14, 72, 187, 270, 271, 155, 46, 21, 2
1, 10, 60, 149, 186, 154, 261, 203, 6, 61, 172, 177, 151, 242, 158, 57, 33, 144, 198, 142, 158, 229, 109, 11
0, 9, 160, 353, 257, 109, 49, 87, 0, 57, 349, 342, 139, 49, 51, 37, 0, 72, 379, 343, 128, 56, 39, 7
0, 13, 155, 303, 211, 147, 80, 115, 4, 116, 251, 264, 179, 93, 53, 64, 21, 153, 227, 241, 187, 112, 69, 14
0, 3, 19, 36, 66, 184, 308, 408, 1, 18, 38, 73, 196, 269, 258, 171, 14, 32, 79, 158, 246, 301, 172, 22
0, 1, 11, 47, 147, 193, 303, 322, 0, 3, 46, 131, 202, 338, 214, 90, 2, 22, 102, 168, 224, 374, 124, 8
0, 4, 46, 105, 125, 425, 172, 147, 2, 41, 85, 139, 344, 245, 87, 81, 12, 48, 93, 146, 225, 349, 115, 36
0, 0, 16, 96, 220, 160, 386, 146, 1, 13, 80, 274, 179, 344, 89, 44, 2, 35, 125, 288, 246, 266, 56, 6
12, 61, 63, 87, 145, 187, 295, 174, 37, 81, 134, 183, 199, 242, 103, 45, 71, 168, 202, 175, 237, 148, 23, 0
8, 38, 90, 87, 91, 159, 251, 300, 18, 56, 92, 143, 181, 259, 152, 123, 21, 61, 140, 227, 240, 168, 140, 27
0, 5, 18, 69, 296, 299, 170, 167, 9, 19, 77, 314, 282, 170, 91, 62, 17, 41, 141, 296, 343, 142, 44, 0
0, 32, 94, 153, 211, 206, 216, 112, 40, 106, 171, 248, 207, 178, 68, 6, 119, 192, 218, 229, 163, 85, 18, 0
43, 163, 171, 176, 137, 110, 100, 124, 169, 222, 190, 125, 102, 102, 75, 39, 304, 267, 165, 109, 81, 65, 33, 0
45, 257, 470, 181, 60, 11, 0, 0, 91, 469, 367, 87, 10, 0, 0, 0, 71, 340, 451, 145, 17, 0, 0, 0
129, 152, 174, 273, 123, 58, 37, 78, 167, 155, 272, 224, 83, 43, 37, 43, 130, 150, 219, 306, 106, 52, 49, 12
2, 46, 104, 199, 137, 134, 161, 241, 47, 98, 192, 173, 130, 141, 172, 71, 98, 157, 202, 200, 172, 140, 51, 4
42, 149, 306, 317, 137, 51, 14, 8, 80, 206, 356, 267, 75, 29, 10, 1, 92, 211, 360, 263, 69, 22, 7, 0
84, 193, 278, 290, 109, 33, 21, 16, 124, 248, 300, 247, 59, 25, 18, 3, 117, 240, 297, 238, 95, 24, 12, 1
248, 292, 260, 144, 58, 17, 5, 0, 298, 312, 244, 123, 35, 8, 4, 0, 265, 297, 256, 155, 37, 10, 4, 0
324, 295, 176, 164, 60, 5, 0, 0, 421, 254, 192, 132, 21, 4, 0, 0, 421, 244, 157, 149, 48, 5, 0, 0
328, 367, 143, 81, 40, 29, 25, 11, 482, 258, 132, 68, 28, 28, 21, 7, 528, 228, 126, 59, 33, 26, 17, 7
98, 229, 144, 124, 89, 116, 90, 134, 216, 193, 132, 109, 94, 95, 92, 93, 294, 157, 126, 96, 106, 91, 99, 55
67, 252, 159, 109, 83, 80, 89, 185, 170, 258, 118, 84, 85, 66, 104, 139, 259, 217, 116, 78, 79, 82, 117, 76
2, 25, 46, 113, 114, 164, 273, 287, 20, 46, 102, 112, 158, 257, 197, 132, 39, 58, 115, 156, 189, 252, 146, 69
2, 47, 88, 226, 285, 214, 114, 48, 22, 97, 224, 298, 236, 101, 43, 3, 48, 114, 271, 312, 189, 75, 15, 0
1, 77, 153, 228, 330, 122, 76, 37, 23, 169, 257, 356, 110, 74, 32, 3, 25, 213, 290, 302, 95, 76, 23, 0
0, 0, 1, 66, 105, 149, 329, 374, 0, 0, 66, 147, 169, 349, 235, 58, 0, 23, 125, 198, 213, 349, 113, 3
0, 16, 93, 117, 117, 244, 245, 192, 6, 96, 122, 110, 178, 306, 137, 69, 40, 125, 97, 100, 182, 354, 120, 6
0, 1, 80, 141, 139, 235, 321, 107, 5, 95, 155, 147, 249, 265, 69, 39, 68, 164, 157, 140, 166, 278, 39, 12
1, 18, 107, 98, 178, 482, 119, 21, 12, 122, 121, 234, 444, 78, 12, 1, 103, 118, 151, 308, 246, 97, 1, 0
0, 1, 57, 199, 269, 229, 127, 142, 2, 85, 208, 292, 203, 112, 90, 32, 71, 173, 278, 246, 140, 87, 29, 0
0, 3, 65, 284, 311, 123, 83, 155, 2, 38, 201, 383, 157, 77, 87, 79, 19, 68, 194, 401, 180, 101, 59, 2
0, 1, 20, 91, 153, 283, 194, 282, 0, 11, 106, 181, 275, 206, 140, 105, 20, 114, 188, 207, 163, 236, 94, 2
0, 0, 0, 3, 84, 653, 160, 124, 0, 0, 6, 74, 576, 236, 84, 48, 1, 10, 57, 116, 208, 477, 135, 20
1, 30, 38, 66, 157, 632, 71, 29, 25, 37, 65, 126, 617, 129, 20, 5, 34, 56, 62, 119, 311, 429, 12, 1
0, 8, 39, 112, 331, 286, 135, 113, 4, 42, 109, 361, 279, 134, 72, 23, 9, 44, 193, 359, 283, 99, 34, 3
6, 82, 132, 137, 116, 139, 145, 267, 82, 142, 134, 129, 141, 120, 141, 135, 161, 169, 153, 159, 142, 154, 84, 2
90, 273, 299, 185, 88, 49, 22, 18, 154, 360, 332, 93, 45, 21, 12, 7, 87, 363, 405, 110, 33, 13, 9, 4
33, 124, 117, 128, 124, 132, 116, 250, 71, 157, 162, 142, 120, 106, 139, 127, 70, 184, 233, 154, 134, 149, 100, 0
1, 7, 11, 69, 256, 191, 184, 305, 9, 14, 71, 155, 262, 183, 209, 121, 20, 88, 150, 116, 284, 240, 112, 14
234, 376, 215, 132, 44, 22, 1, 0, 309, 353, 218, 102, 29, 13, 0, 0, 312, 350, 209, 116, 28, 9, 0, 0
359, 236, 241, 158, 30, 0, 0, 0, 378, 240, 254, 136, 16, 0, 0, 0, 327, 250, 248, 144, 55, 0, 0, 0
331, 251, 166, 92, 53, 41, 48, 42, 415, 203, 155, 80, 47, 46, 40, 38, 418, 216, 148, 79, 50, 45, 42, 26
569, 272, 100, 43, 24, 7, 8, 1, 672, 217, 79, 28, 16, 5, 6, 1, 702, 202, 70, 27, 12, 6, 5, 0
560, 288, 100, 38, 22, 7, 6, 3, 718, 177, 72, 32, 11, 8, 3, 3, 759, 154, 62, 28, 8, 7, 3, 3
257, 445, 195, 79, 33, 6, 6, 3, 549, 307, 105, 43, 10, 7, 3, 0, 654, 242, 87, 26, 9, 6, 0, 0
20, 166, 184, 177, 121, 116, 120, 120, 111, 196, 175, 137, 119, 121, 91, 74, 178, 213, 170, 125, 111, 114, 86, 27
0, 0, 15, 33, 84, 264, 319, 309, 0, 13, 30, 81, 165, 387, 233, 115, 7, 21, 63, 92, 209, 407, 200, 25
0, 5, 93, 283, 200, 144, 155, 144, 3, 86, 298, 194, 152, 136, 86, 69, 49, 240, 238, 128, 151, 139, 79, 0
3, 58, 119, 246, 250, 78, 56, 214, 37, 148, 263, 235, 67, 39, 99, 136, 95, 237, 258, 144, 52, 115, 123, 0
0, 0, 10, 91, 213, 218, 274, 218, 0, 5, 108, 219, 229, 263, 119, 81, 0, 26, 163, 249, 213, 235, 135, 3
0, 0, 6, 26, 77, 322, 283, 310, 0, 2, 28, 97, 318, 260, 205, 114, 0, 4, 67, 136, 274, 365, 143, 35
0, 8, 25, 54, 102, 398, 214, 223, 8, 27, 60, 82, 357, 267, 128, 95, 25, 62, 66, 76, 285, 367, 127, 16
0, 121, 182, 125, 103, 376, 91, 26, 77, 225, 136, 106, 353, 105, 19, 3, 203, 177, 99, 93, 218, 223, 11, 0
34, 136, 223, 184, 256, 133, 27, 31, 158, 235, 214, 213, 156, 23, 18, 7, 272, 260, 212, 144, 100, 21, 13, 2
0, 29, 64, 85, 268, 297, 160, 121, 23, 78, 88, 147, 377, 186, 93, 32, 47, 86, 100, 148, 245, 360, 36, 2
5, 91, 88, 138, 276, 201, 112, 113, 81, 106, 135, 242, 223, 128, 68, 41, 148, 118, 177, 212, 204, 128, 35, 2
28, 72, 56, 40, 603, 185, 29, 11, 92, 52, 45, 121, 666, 31, 13, 4, 116, 38, 38, 77, 207, 531, 16, 1
30, 67, 78, 101, 379, 355, 14, 0, 80, 73, 91, 162, 550, 68, 0, 0, 101, 83, 54, 105, 262, 409, 10, 0
120, 206, 253, 215, 123, 62, 33, 12, 245, 266, 263, 145, 59, 29, 13, 4, 267, 312, 271, 100, 52, 18, 4, 0
15, 75, 164, 206, 155, 99, 113, 197, 71, 180, 197, 160, 101, 107, 122, 86, 150, 238, 218, 137, 134, 126, 21, 0
93, 110, 124, 136, 149, 119, 115, 178, 192, 146, 146, 152, 112, 114, 130, 32, 330, 170, 157, 139, 113, 110, 5, 0
121, 109, 267, 214, 137, 83, 51, 42, 219, 268, 251, 142, 68, 49, 24, 3, 386, 293, 211, 84, 42, 8, 0, 0
24, 12, 22, 99, 463, 237, 74, 93, 33, 26, 72, 191, 521, 79, 69, 33, 51, 47, 60, 129, 239, 399, 72, 27
252, 334, 229, 106, 52, 35, 12, 4, 329, 311, 214, 93, 51, 22, 4, 0, 368, 298, 215, 86, 42, 14, 1, 0
521, 320, 146, 31, 5, 1, 0, 0, 515, 329, 144, 32, 3, 1, 0, 0, 445, 346, 174, 54, 4, 1, 0, 0
243, 172, 157, 104, 63, 85, 61, 139, 284, 169, 151, 89, 65, 83, 58, 125, 301, 166, 148, 99, 61, 81, 68, 100
261, 329, 175, 105, 66, 47, 30, 11, 414, 268, 142, 77, 63, 33, 23, 4, 487, 247, 115, 73, 53, 32, 17, 0
341, 366, 182, 76, 36, 13, 8, 2, 517, 289, 125, 53, 25, 11, 4, 0, 574, 264, 106, 48, 19, 9, 4, 0
176, 236, 144, 117, 78, 116, 107, 50, 336, 162, 131, 113, 86, 131, 57, 8, 396, 158, 113, 90, 75, 134, 58, 0
35, 96, 73, 101, 126, 179, 183, 231, 109, 111, 125, 149, 142, 144, 131, 113, 157, 159, 134, 154, 160, 136, 111, 13
1, 36, 68, 113, 178, 177, 181, 270, 38, 78, 125, 178, 168, 166, 181, 90, 82, 144, 174, 169, 198, 192, 65, 0
0, 27, 158, 134, 149, 124, 207, 225, 14, 150, 146, 142, 126, 196, 143, 107, 118, 137, 146, 127, 127, 208, 142, 19
0, 0, 11, 60, 149, 200, 398, 206, 1, 16, 95, 163, 214, 350, 117, 68, 18, 78, 133, 187, 314, 215, 75, 4
0, 21, 83, 156, 233, 297, 145, 89, 12, 81, 166, 237, 290, 145, 61, 32, 32, 136, 185, 220, 203, 207, 41, 0
0, 41, 197, 202, 190, 252, 116, 26, 37, 155, 230, 184, 251, 142, 23, 2, 87, 207, 182, 184, 176, 166, 21, 1
3, 78, 149, 162, 161, 276, 113, 82, 90, 149, 177, 172, 260, 105, 57, 14, 167, 187, 175, 233, 126, 125, 11, 0
6, 244, 224, 167, 135, 131, 60, 57, 223, 237, 173, 153, 126, 57, 38, 17, 335, 210, 161, 133, 108, 42, 27, 8
116, 200, 184, 217, 137, 66, 54, 50, 262, 195, 236, 147, 75, 51, 39, 19, 315, 232, 227, 130, 61, 35, 23, 1
30, 75, 59, 86, 431, 332, 9, 2, 73, 64, 64, 140, 661, 17, 4, 1, 88, 61, 52, 51, 208, 555, 9, 0
91, 73, 75, 132, 197, 447, 9, 0, 139, 75, 121, 146, 475, 68, 0, 0, 139, 75, 108, 112, 234, 353, 3, 0
241, 206, 198, 121, 86, 84, 41, 47, 392, 208, 152, 82, 94, 44, 39, 13, 461, 218, 119, 75, 89, 44, 17, 1
70, 84, 155, 212, 123, 151, 118, 111, 119, 127, 228, 165, 155, 106, 77, 47, 150, 162, 224, 167, 166, 78, 68, 9
114, 152, 229, 236, 251, 40, 2, 0, 192, 234, 237, 250, 108, 3, 0, 0, 268, 258, 161, 179, 147, 11, 0, 0
146, 181, 203, 140, 176, 96, 47, 35, 267, 213, 176, 174, 116, 51, 26, 1, 334, 260, 130, 108, 158, 33, 1, 0
310, 252, 143, 104, 74, 47, 41, 53, 422, 247, 134, 77, 55, 46, 32, 11, 536, 227, 105, 72, 51, 28, 5, 0
134, 53, 90, 172, 207, 209, 93, 66, 157, 118, 187, 232, 179, 91, 42, 18, 252, 191, 185, 181, 121, 75, 13, 6
0, 11, 46, 295, 604, 44, 12, 12, 0, 12, 71, 423, 485, 17, 8, 8, 0, 3, 14, 98, 382, 504, 15, 8
245, 143, 144, 131, 127, 104, 74, 56, 292, 193, 146, 122, 112, 80, 59, 20, 348, 179, 148, 132, 94, 70, 42, 11
423, 303, 176, 58, 30, 23, 6, 5, 432, 318, 164, 50, 33, 17, 6, 4, 385, 331, 188, 61, 32, 16, 7, 4
156, 188, 221, 144, 80, 71, 71, 93, 221, 219, 215, 105, 65, 63, 80, 56, 259, 226, 187, 109, 70, 66, 83, 24
353, 283, 126, 129, 69, 45, 15, 4, 487, 226, 123, 93, 57, 28, 9, 1, 536, 205, 129, 78, 49, 22, 5, 0
607, 238, 98, 49, 18, 10, 4, 0, 735, 161, 67, 40, 11, 9, 1, 0, 758, 148, 63, 36, 10, 8, 1, 0
419, 352, 141, 76, 29, 7, 0, 0, 649, 217, 114, 33, 9, 2, 0, 0, 732, 178, 87, 21, 6, 0, 0, 0
147, 202, 191, 170, 137, 88, 56, 33, 308, 227, 185, 138, 89, 46, 25, 6, 431, 243, 162, 102, 54, 26, 6, 0
196, 143, 80, 153, 189, 145, 83, 35, 332, 109, 173, 189, 121, 74, 21, 5, 393, 160, 194, 166, 74, 33, 4, 0
40, 43, 53, 116, 106, 191, 342, 133, 75, 44, 117, 119, 115, 392, 112, 50, 89, 61, 134, 116, 108, 362, 125, 29
49, 63, 144, 126, 149, 295, 111, 87, 88, 131, 150, 132, 293, 161, 51, 18, 100, 162, 141, 129, 216, 227, 48, 1
19, 185, 198, 216, 200, 150, 45, 11, 89, 223, 250, 198, 192, 55, 16, 1, 138, 207, 235, 189, 172, 75, 8, 0
287, 255, 101, 76, 89, 112, 47, 57, 441, 173, 90, 77, 124, 60, 48, 11, 458, 173, 97, 72, 106, 96, 20, 2
0, 17, 28, 76, 364, 353, 120, 66, 4, 22, 73, 285, 463, 114, 63, 0, 1, 29, 144, 294, 276, 270, 10, 0
4, 42, 147, 223, 231, 316, 54, 7, 29, 121, 216, 232, 324, 95, 5, 2, 53, 154, 186, 194, 199, 218, 18, 2
96, 286, 194, 136, 132, 92, 54, 34, 231, 297, 175, 141, 103, 47, 24, 6, 393, 256, 192, 107, 53, 15, 8, 0
97, 99, 86, 95, 230, 158, 93, 166, 175, 84, 95, 114, 284, 102, 105, 65, 222, 92, 100, 130, 143, 263, 73, 1
165, 132, 102, 203, 281, 140, 1, 0, 263, 104, 157, 281, 202, 17, 0, 0, 292, 89, 139, 230, 175, 99, 0, 0
38, 120, 154, 142, 149, 156, 120, 145, 131, 189, 166, 127, 159, 119, 98, 35, 296, 202, 124, 135, 145, 86, 30, 6
3, 56, 75, 100, 157, 290, 169, 174, 50, 83, 103, 178, 291, 152, 127, 40, 122, 117, 156, 255, 219, 114, 41, 0
24, 75, 162, 212, 302, 165, 41, 43, 93, 167, 231, 228, 220, 41, 29, 15, 197, 202, 182, 149, 188, 83, 15, 8
71, 73, 118, 143, 508, 91, 9, 11, 100, 81, 133, 269, 419, 9, 7, 6, 101, 78, 111, 110, 301, 311, 8, 4
221, 176, 143, 135, 238, 106, 4, 1, 295, 173, 154, 243, 156, 3, 0, 0, 323, 159, 141, 156, 230, 15, 0, 0
11, 71, 206, 246, 251, 119, 75, 45, 72, 194, 236, 280, 132, 72, 35, 3, 198, 196, 242, 224, 136, 27, 1, 0
1, 54, 216, 218, 217, 147, 88, 83, 30, 208, 259, 213, 155, 95, 61, 3, 144, 271, 256, 177, 120, 54, 2, 0
706, 124, 85, 36, 19, 20, 14, 20, 753, 126, 63, 32, 14, 13, 11, 12, 756, 130, 70, 26, 10, 15, 8, 9
596, 284, 109, 23, 9, 1, 2, 0, 681, 252, 69, 15, 5, 2, 0, 0, 687, 239, 81, 10, 5, 2, 0, 0
249, 406, 239, 96, 27, 7, 0, 0, 415, 353, 174, 72, 10, 0, 0, 0, 480, 310, 156, 73, 5, 0, 0, 0
719, 210, 64, 27, 3, 1, 0, 0, 876, 108, 27, 12, 1, 0, 0, 0, 927, 69, 20, 8, 0, 0, 0, 0
1012, 12, 0, 0, 0, 0, 0, 0, 1020, 4, 0, 0, 0, 0, 0, 0, 1021, 3, 0, 0, 0, 0, 0, 0
967, 54, 3, 0, 0, 0, 0, 0, 1008, 14, 2, 0, 0, 0, 0, 0, 1007, 15, 2, 0, 0, 0, 0, 0
901, 123, 0, 0, 0, 0, 0, 0, 1024, 0, 0, 0, 0, 0, 0, 0, 1024, 0, 0, 0, 0, 0, 0, 0
607, 362, 9, 6, 3, 12, 9, 16, 969, 5, 8, 4, 8, 12, 14, 4, 968, 6, 8, 4, 8, 11, 15, 4
412, 321, 19, 11, 25, 89, 124, 23, 726, 27, 10, 27, 91, 117, 23, 3, 731, 25, 12, 34, 77, 125, 19, 1
512, 398, 15, 14, 8, 29, 43, 5, 883, 40, 10, 11, 22, 47, 11, 0, 894, 27, 9, 13, 13, 48, 18, 2
90, 206, 61, 74, 89, 269, 175, 60, 289, 57, 69, 86, 237, 206, 61, 19, 310, 57, 64, 77, 121, 317, 65, 13
568, 425, 19, 6, 2, 4, 0, 0, 949, 63, 6, 2, 4, 0, 0, 0, 951, 61, 6, 2, 4, 0, 0, 0
14, 36, 55, 99, 361, 359, 56, 44, 40, 44, 88, 195, 524, 80, 48, 5, 48, 58, 85, 161, 236, 382, 51, 3
98, 130, 71, 100, 339, 281, 5, 0, 189, 97, 66, 167, 428, 77, 0, 0, 208, 79, 54, 103, 235, 326, 19, 0
84, 200, 155, 162, 175, 113, 82, 53, 258, 181, 190, 175, 109, 66, 42, 3, 393, 249, 179, 113, 66, 24, 0, 0
7, 32, 62, 124, 472, 114, 105, 108, 33, 66, 80, 235, 387, 101, 94, 28, 64, 81, 86, 101, 248, 356, 72, 16
50, 214, 238, 181, 222, 113, 4, 2, 195, 252, 202, 135, 232, 7, 1, 0, 305, 200, 156, 96, 136, 131, 0, 0
44, 177, 239, 162, 115, 92, 84, 111, 143, 290, 204, 116, 87, 73, 62, 49, 328, 245, 164, 96, 76, 48, 65, 2
250, 209, 133, 152, 184, 70, 20, 6, 345, 195, 168, 177, 112, 21, 6, 0, 402, 184, 141, 148, 128, 20, 1, 0
122, 178, 191, 92, 228, 97, 39, 77, 191, 249, 108, 95, 249, 42, 43, 47, 271, 219, 78, 50, 118, 201, 52, 35
133, 174, 190, 173, 278, 62, 10, 4, 181, 231, 182, 184, 229, 13, 3, 1, 193, 232, 169, 130, 155, 141, 3, 1
219, 376, 238, 131, 51, 6, 3, 0, 369, 305, 208, 131, 8, 2, 1, 0, 426, 286, 165, 130, 15, 2, 0, 0
390, 330, 138, 84, 37, 17, 13, 15, 489, 299, 135, 59, 16, 10, 13, 3, 534, 290, 126, 48, 14, 11, 1, 0
117, 194, 227, 167, 129, 91, 43, 56, 233, 243, 230, 144, 79, 45, 39, 11, 308, 275, 224, 109, 67, 40, 1, 0
366, 381, 241, 35, 1, 0, 0, 0, 552, 264, 190, 18, 0, 0, 0, 0, 555, 261, 181, 27, 0, 0, 0, 0
759, 182, 39, 33, 9, 2, 0, 0, 819, 142, 43, 15, 5, 0, 0, 0, 823, 142, 46, 11, 2, 0, 0, 0
907, 94, 16, 4, 3, 0, 0, 0, 967, 46, 8, 2, 1, 0, 0, 0, 976, 39, 6, 3, 0, 0, 0, 0
771, 148, 56, 32, 13, 4, 0, 0, 846, 114, 45, 15, 3, 1, 0, 0, 872, 103, 35, 11, 3, 0, 0, 0
902, 113, 9, 0, 0, 0, 0, 0, 1020, 4, 0, 0, 0, 0, 0, 0, 1004, 20, 0, 0, 0, 0, 0, 0
902, 122, 0, 0, 0, 0, 0, 0, 1001, 23, 0, 0, 0, 0, 0, 0, 1002, 22, 0, 0, 0, 0, 0, 0
673, 349, 2, 0, 0, 0, 0, 0, 1015, 9, 0, 0, 0, 0, 0, 0, 1014, 10, 0, 0, 0, 0, 0, 0
536, 424, 64, 0, 0, 0, 0, 0, 966, 58, 0, 0, 0, 0, 0, 0, 979, 45, 0, 0, 0, 0, 0, 0
498, 485, 41, 0, 0, 0, 0, 0, 977, 47, 0, 0, 0, 0, 0, 0, 1002, 22, 0, 0, 0, 0, 0, 0
369, 584, 71, 0, 0, 0, 0, 0, 975, 49, 0, 0, 0, 0, 0, 0, 996, 28, 0, 0, 0, 0, 0, 0
543, 435, 32, 7, 1, 1, 2, 3, 948, 62, 7, 1, 1, 2, 3, 0, 975, 35, 7, 1, 1, 2, 3, 0
536, 443, 22, 14, 4, 5, 0, 0, 950, 45, 6, 14, 4, 5, 0, 0, 943, 49, 7, 12, 5, 6, 2, 0
155, 201, 88, 95, 293, 166, 24, 2, 315, 80, 98, 131, 356, 38, 6, 0, 302, 81, 70, 104, 211, 238, 18, 0
57, 170, 99, 87, 453, 158, 0, 0, 100, 158, 99, 109, 541, 17, 0, 0, 107, 149, 88, 69, 137, 456, 18, 0
51, 131, 105, 134, 436, 145, 13, 9, 126, 136, 139, 420, 185, 14, 4, 0, 157, 143, 169, 325, 192, 38, 0, 0
167, 179, 208, 191, 175, 51, 32, 21, 235, 203, 197, 220, 96, 33, 31, 9, 263, 160, 203, 169, 130, 59, 35, 5
96, 243, 165, 147, 246, 122, 5, 0, 178, 232, 161, 204, 239, 7, 3, 0, 202, 221, 143, 78, 210, 163, 7, 0
360, 399, 213, 47, 5, 0, 0, 0, 487, 337, 162, 36, 2, 0, 0, 0, 529, 289, 161, 39, 6, 0, 0, 0
83, 362, 310, 201, 59, 9, 0, 0, 157, 414, 292, 140, 21, 0, 0, 0, 159, 392, 314, 124, 30, 5, 0, 0
249, 340, 164, 115, 156, 0, 0, 0, 282, 331, 153, 135, 123, 0, 0, 0, 253, 289, 179, 83, 88, 132, 0, 0
12, 64, 66, 114, 695, 73, 0, 0, 25, 70, 81, 178, 669, 1, 0, 0, 8, 69, 66, 85, 225, 570, 1, 0
72, 92, 119, 188, 465, 88, 0, 0, 108, 105, 148, 331, 332, 0, 0, 0, 91, 88, 130, 178, 345, 192, 0, 0
174, 201, 196, 107, 346, 0, 0, 0, 206, 233, 172, 258, 155, 0, 0, 0, 208, 196, 172, 116, 274, 58, 0, 0
331, 267, 285, 128, 13, 0, 0, 0, 393, 300, 276, 55, 0, 0, 0, 0, 384, 284, 272, 83, 1, 0, 0, 0
326, 385, 141, 30, 24, 26, 23, 69, 528, 249, 85, 28, 22, 23, 26, 63, 562, 226, 83, 22, 22, 21, 28, 60
596, 257, 47, 20, 14, 28, 20, 42, 778, 94, 35, 18, 15, 29, 21, 34, 797, 79, 31, 18, 16, 28, 23, 32
440, 297, 19, 20, 18, 29, 41, 160, 705, 36, 17, 18, 21, 31, 46, 150, 705, 39, 14, 19, 22, 30, 57, 138
514, 274, 58, 43, 33, 29, 43, 30, 599, 198, 52, 49, 31, 33, 40, 22, 602, 198, 49, 49, 31, 36, 39, 20
506, 195, 86, 54, 59, 57, 45, 22, 601, 112, 85, 55, 58, 58, 40, 15, 598, 120, 80, 56, 58, 57, 40, 15
640, 209, 60, 32, 34, 17, 15, 17, 733, 129, 51, 36, 28, 21, 12, 14, 737, 133, 44, 36, 28, 20, 13, 13
203, 247, 105, 94, 112, 88, 87, 88, 375, 128, 90, 112, 102, 90, 60, 67, 396, 121, 102, 111, 93, 88, 61, 52
137, 161, 92, 82, 126, 149, 119, 158, 262, 101, 80, 123, 144, 106, 118, 90, 287, 110, 104, 123, 124, 112, 102, 62
110, 248, 297, 223, 79, 50, 12, 5, 304, 309, 245, 97, 46, 15, 6, 2, 383, 295, 209, 87, 33, 11, 5, 1
73, 85, 332, 294, 106, 56, 51, 27, 131, 209, 396, 156, 63, 55, 14, 0, 135, 267, 387, 157, 59, 17, 2, 0
33, 55, 347, 323, 159, 73, 30, 4, 53, 182, 441, 241, 82, 22, 3, 0, 59, 160, 489, 245, 61, 10, 0, 0
6, 54, 204, 238, 288, 200, 33, 1, 13, 115, 209, 265, 295, 119, 8, 0, 26, 59, 166, 221, 234, 189, 121, 8
24, 82, 116, 133, 515, 143, 11, 0, 48, 90, 128, 202, 513, 41, 2, 0, 28, 79, 117, 137, 228, 360, 75, 0
82, 205, 145, 168, 341, 83, 0, 0, 120, 215, 151, 258, 274, 6, 0, 0, 141, 170, 123, 153, 306, 131, 0, 0
43, 142, 125, 340, 232, 142, 0, 0, 92, 138, 178, 409, 195, 12, 0, 0, 69, 137, 123, 328, 259, 108, 0, 0
41, 91, 128, 285, 443, 30, 5, 1, 64, 104, 183, 437, 225, 7, 4, 0, 49, 97, 121, 267, 361, 127, 2, 0
104, 218, 180, 148, 314, 60, 0, 0, 145, 233, 180, 165, 300, 1, 0, 0, 140, 223, 174, 140, 152, 195, 0, 0
72, 123, 145, 268, 297, 109, 10, 0, 98, 135, 156, 382, 236, 17, 0, 0, 89, 126, 135, 198, 321, 154, 1, 0
30, 129, 154, 235, 380, 96, 0, 0, 93, 127, 173, 405, 225, 1, 0, 0, 78, 117, 139, 266, 309, 115, 0, 0
19, 102, 297, 358, 221, 27, 0, 0, 28, 121, 345, 394, 135, 1, 0, 0, 26, 93, 223, 315, 280, 87, 0, 0
30, 91, 179, 393, 300, 31, 0, 0, 54, 109, 188, 537, 131, 5, 0, 0, 42, 88, 127, 223, 338, 206, 0, 0
25, 95, 146, 198, 446, 103, 11, 0, 64, 135, 189, 294, 332, 10, 0, 0, 65, 147, 193, 204, 212, 202, 1, 0
358, 214, 265, 177, 10, 0, 0, 0, 386, 253, 257, 125, 3, 0, 0, 0, 363, 229, 246, 158, 28, 0, 0, 0
476, 164, 120, 229, 35, 0, 0, 0, 497, 165, 137, 225, 0, 0, 0, 0, 475, 159, 131, 162, 97, 0, 0, 0
