0, 2, 458, 555, 9, 0, 0, 0, 0, 0, 2, 0, 1, 922, 99, 0, 0, 0, 0, 1, 1, 1, 0, 1021
85, 146, 147, 189, 171, 124, 56, 106, 41, 138, 131, 150, 145, 158, 150, 111, 22, 87, 124, 120, 160, 159, 137, 215
644, 172, 35, 21, 20, 33, 46, 53, 525, 277, 46, 19, 23, 28, 53, 53, 594, 221, 31, 19, 22, 22, 54, 61
382, 259, 121, 66, 53, 36, 35, 72, 304, 298, 150, 66, 57, 39, 34, 76, 372, 278, 111, 62, 54, 39, 35, 73
367, 334, 125, 59, 42, 21, 27, 49, 309, 334, 173, 66, 43, 21, 28, 50, 490, 264, 89, 49, 38, 19, 26, 49
551, 236, 125, 46, 18, 16, 11, 21, 503, 236, 151, 64, 22, 13, 14, 21, 659, 202, 76, 29, 18, 14, 7, 19
809, 123, 54, 22, 6, 8, 0, 2, 802, 127, 57, 22, 7, 6, 1, 2, 838, 112, 44, 16, 10, 2, 0, 2
342, 72, 39, 11, 23, 57, 144, 336, 362, 63, 32, 11, 36, 78, 232, 210, 369, 59, 30, 13, 40, 102, 261, 150
2, 6, 449, 523, 34, 6, 3, 1, 1, 2, 11, 14, 14, 894, 87, 1, 0, 1, 3, 9, 17, 12, 9, 973
239, 277, 174, 114, 63, 46, 43, 68, 112, 323, 192, 137, 79, 59, 49, 73, 51, 263, 212, 159, 122, 66, 58, 93
852, 153, 15, 4, 0, 0, 0, 0, 655, 339, 24, 5, 1, 0, 0, 0, 808, 200, 13, 3, 0, 0, 0, 0
421, 207, 92, 64, 44, 59, 54, 83, 360, 240, 109, 69, 49, 60, 53, 84, 442, 202, 82, 59, 45, 57, 53, 84
627, 245, 72, 24, 20, 18, 5, 13, 563, 277, 97, 30, 21, 17, 5, 14, 736, 174, 36, 23, 20, 15, 6, 14
676, 152, 65, 24, 25, 17, 27, 38, 657, 158, 70, 33, 23, 20, 27, 36, 732, 120, 54, 21, 21, 19, 26, 31
598, 187, 85, 42, 27, 31, 20, 34, 642, 158, 80, 35, 36, 23, 22, 28, 681, 144, 68, 30, 36, 18, 26, 21
499, 80, 48, 40, 47, 59, 99, 152, 521, 76, 42, 42, 43, 77, 110, 113, 534, 73, 39, 41, 44, 77, 119, 97
73, 112, 461, 279, 37, 7, 7, 48, 24, 93, 91, 60, 30, 664, 13, 49, 0, 46, 79, 84, 61, 33, 21, 700
355, 384, 180, 73, 26, 6, 0, 0, 172, 437, 244, 113, 42, 7, 9, 0, 15, 277, 359, 222, 102, 37, 6, 6
846, 145, 18, 14, 1, 0, 0, 0, 675, 306, 23, 15, 5, 0, 0, 0, 737, 233, 24, 14, 14, 2, 0, 0
530, 181, 68, 52, 46, 40, 56, 51, 455, 245, 75, 52, 51, 37, 54, 55, 489, 214, 72, 50, 51, 40, 50, 58
711, 251, 33, 13, 7, 3, 4, 2, 603, 352, 39, 13, 8, 4, 3, 2, 814, 159, 23, 13, 7, 2, 4, 2
453, 234, 58, 31, 25, 31, 40, 152, 410, 257, 80, 34, 20, 32, 47, 144, 541, 173, 39, 32, 19, 29, 50, 141
32, 100, 124, 140, 125, 113, 138, 252, 45, 111, 130, 149, 119, 116, 151, 203, 60, 129, 146, 131, 116, 136, 131, 175
29, 124, 198, 194, 133, 109, 102, 135, 32, 136, 243, 185, 136, 98, 109, 85, 113, 186, 198, 149, 110, 106, 99, 63
0, 0, 522, 502, 0, 0, 0, 0, 0, 0, 0, 0, 2, 1008, 14, 0, 0, 0, 0, 0, 0, 0, 0, 1024
32, 95, 80, 232, 343, 53, 16, 173, 3, 59, 100, 71, 25, 84, 508, 174, 0, 6, 61, 102, 71, 22, 29, 733
569, 196, 71, 51, 26, 22, 16, 73, 395, 336, 80, 58, 38, 28, 17, 72, 408, 289, 83, 59, 56, 31, 21, 77
579, 208, 60, 38, 29, 32, 27, 51, 485, 282, 73, 41, 28, 34, 27, 54, 556, 215, 70, 39, 34, 31, 26, 53
854, 162, 6, 1, 0, 0, 1, 0, 737, 272, 13, 0, 1, 0, 1, 0, 921, 99, 2, 1, 0, 0, 1, 0
665, 292, 46, 2, 0, 2, 7, 10, 583, 341, 78, 2, 1, 2, 7, 10, 821, 173, 10, 0, 1, 1, 6, 12
57, 45, 50, 66, 64, 94, 158, 490, 61, 52, 62, 70, 68, 118, 162, 431, 77, 58, 73, 65, 67, 137, 175, 372
55, 216, 246, 155, 99, 105, 66, 82, 57, 210, 268, 158, 102, 96, 75, 58, 169, 264, 192, 123, 98, 69, 66, 43
0, 18, 697, 309, 0, 0, 0, 0, 0, 0, 0, 0, 46, 978, 0, 0, 0, 0, 0, 0, 0, 0, 0, 1024
7, 29, 15, 329, 509, 56, 11, 68, 0, 18, 25, 19, 11, 194, 685, 72, 0, 0, 17, 29, 19, 17, 12, 930
462, 190, 86, 42, 33, 69, 24, 118, 316, 285, 114, 49, 37, 37, 55, 131, 309, 227, 124, 82, 41, 41, 26, 174
425, 264, 105, 67, 65, 27, 24, 47, 340, 324, 128, 68, 63, 29, 24, 48, 500, 216, 84, 66, 59, 27, 24, 48
518, 390, 102, 8, 2, 1, 1, 2, 380, 438, 181, 18, 2, 2, 1, 2, 769, 217, 27, 5, 2, 2, 0, 2
595, 307, 103, 18, 1, 0, 0, 0, 507, 331, 154, 31, 1, 0, 0, 0, 804, 183, 30, 7, 0, 0, 0, 0
510, 214, 129, 61, 34, 29, 22, 25, 495, 225, 130, 63, 35, 29, 23, 24, 622, 191, 65, 49, 38, 23, 23, 13
562, 175, 94, 51, 30, 24, 41, 47, 557, 177, 105, 48, 28, 31, 44, 34, 583, 172, 90, 45, 27, 30, 46, 31
0, 154, 750, 120, 0, 0, 0, 0, 0, 0, 0, 0, 169, 855, 0, 0, 0, 0, 0, 0, 0, 0, 2, 1022
118, 74, 72, 441, 282, 35, 2, 0, 29, 73, 73, 42, 64, 329, 404, 10, 19, 48, 63, 48, 37, 47, 63, 699
490, 167, 83, 50, 51, 138, 24, 21, 387, 207, 105, 48, 51, 48, 115, 63, 420, 175, 70, 59, 44, 45, 41, 170
722, 230, 52, 12, 4, 1, 1, 2, 628, 285, 89, 14, 3, 2, 1, 2, 834, 152, 21, 10, 3, 2, 0, 2
802, 168, 49, 3, 1, 1, 0, 0, 729, 210, 75, 7, 2, 1, 0, 0, 886, 116, 19, 1, 2, 0, 0, 0
865, 115, 38, 5, 0, 1, 0, 0, 827, 135, 47, 12, 2, 1, 0, 0, 930, 79, 12, 2, 1, 0, 0, 0
645, 239, 79, 21, 19, 14, 4, 3, 618, 229, 98, 33, 21, 17, 5, 3, 770, 151, 43, 24, 16, 14, 5, 1
638, 169, 114, 57, 22, 10, 9, 5, 604, 180, 123, 66, 27, 6, 13, 5, 682, 181, 83, 37, 19, 6, 12, 4
0, 393, 624, 7, 0, 0, 0, 0, 0, 0, 0, 0, 371, 653, 0, 0, 0, 0, 0, 0, 0, 0, 0, 1024
19, 15, 63, 553, 369, 5, 0, 0, 0, 16, 11, 11, 4, 475, 506, 1, 0, 5, 13, 9, 11, 2, 7, 977
432, 118, 59, 33, 134, 169, 35, 44, 272, 230, 69, 40, 34, 43, 258, 78, 234, 271, 48, 32, 35, 41, 51, 312
688, 253, 73, 9, 1, 0, 0, 0, 566, 309, 127, 19, 3, 0, 0, 0, 838, 161, 22, 3, 0, 0, 0, 0
775, 182, 59, 8, 0, 0, 0, 0, 705, 228, 75, 15, 1, 0, 0, 0, 894, 110, 18, 2, 0, 0, 0, 0
771, 182, 60, 8, 1, 0, 1, 1, 716, 195, 92, 17, 2, 0, 1, 1, 878, 120, 20, 4, 0, 0, 1, 1
836, 143, 29, 13, 1, 1, 0, 1, 781, 159, 64, 14, 4, 1, 0, 1, 914, 88, 16, 4, 1, 0, 0, 1
543, 249, 110, 50, 26, 16, 19, 11, 524, 244, 126, 49, 32, 20, 18, 11, 643, 198, 80, 41, 19, 20, 16, 7
2, 631, 391, 0, 0, 0, 0, 0, 0, 0, 0, 0, 590, 434, 0, 0, 0, 0, 0, 0, 0, 0, 7, 1017
102, 65, 295, 408, 145, 9, 0, 0, 23, 71, 64, 30, 29, 591, 216, 0, 6, 50, 53, 55, 24, 25, 32, 779
418, 162, 99, 69, 163, 59, 20, 34, 300, 221, 101, 82, 64, 33, 175, 48, 289, 196, 108, 80, 64, 44, 37, 206
915, 90, 18, 1, 0, 0, 0, 0, 884, 110, 27, 2, 1, 0, 0, 0, 958, 58, 7, 1, 0, 0, 0, 0
878, 114, 28, 4, 0, 0, 0, 0, 816, 164, 39, 5, 0, 0, 0, 0, 933, 77, 12, 2, 0, 0, 0, 0
932, 74, 17, 1, 0, 0, 0, 0, 910, 90, 23, 1, 0, 0, 0, 0, 961, 56, 6, 1, 0, 0, 0, 0
901, 106, 17, 0, 0, 0, 0, 0, 930, 87, 6, 1, 0, 0, 0, 0, 955, 65, 4, 0, 0, 0, 0, 0
365, 148, 88, 101, 70, 77, 112, 63, 394, 131, 76, 94, 80, 78, 116, 55, 405, 116, 76, 89, 79, 76, 112, 71
