783, 173, 39, 19, 8, 2, 0, 0, 272, 561, 132, 35, 15, 7, 2, 0, 717, 241, 40, 17, 8, 1, 0, 0
791, 117, 56, 28, 20, 11, 1, 0, 496, 330, 101, 45, 27, 17, 8, 0, 766, 153, 56, 27, 14, 8, 0, 0
613, 277, 111, 21, 2, 0, 0, 0, 272, 451, 202, 80, 18, 1, 0, 0, 617, 321, 79, 7, 0, 0, 0, 0
758, 176, 68, 18, 4, 0, 0, 0, 390, 437, 133, 46, 17, 1, 0, 0, 804, 171, 40, 9, 0, 0, 0, 0
892, 106, 19, 7, 0, 0, 0, 0, 585, 361, 60, 14, 4, 0, 0, 0, 905, 101, 15, 3, 0, 0, 0, 0
497, 253, 169, 70, 18, 9, 7, 1, 242, 336, 272, 119, 36, 9, 8, 2, 560, 290, 135, 24, 11, 4, 0, 0
207, 266, 180, 114, 107, 79, 59, 12, 64, 223, 212, 198, 101, 97, 86, 43, 286, 269, 183, 109, 94, 61, 21, 1
118, 495, 91, 101, 100, 81, 35, 3, 27, 249, 355, 77, 90, 99, 80, 47, 165, 572, 161, 85, 25, 10, 6, 0
229, 324, 215, 95, 65, 51, 36, 9, 25, 273, 263, 210, 89, 68, 48, 48, 162, 298, 219, 132, 69, 60, 42, 42
102, 159, 224, 139, 80, 66, 127, 127, 34, 106, 186, 208, 114, 70, 80, 226, 104, 157, 220, 119, 80, 55, 91, 198
246, 344, 182, 76, 65, 56, 33, 22, 60, 353, 238, 142, 65, 68, 48, 50, 315, 320, 151, 73, 55, 52, 35, 23
170, 249, 240, 169, 99, 65, 27, 5, 100, 183, 275, 171, 123, 99, 46, 27, 245, 313, 229, 122, 78, 24, 13, 0
156, 199, 235, 192, 111, 82, 41, 8, 105, 135, 223, 203, 154, 97, 73, 34, 190, 276, 255, 153, 88, 44, 18, 0
64, 279, 241, 221, 118, 64, 29, 8, 39, 114, 277, 250, 198, 87, 45, 14, 142, 327, 279, 164, 73, 26, 13, 0
539, 293, 67, 33, 27, 26, 23, 16, 101, 492, 228, 83, 33, 30, 25, 32, 479, 352, 97, 32, 31, 13, 17, 3
102, 558, 75, 52, 62, 63, 75, 37, 30, 362, 297, 54, 53, 54, 65, 109, 204, 557, 88, 83, 71, 18, 3, 0
37, 319, 404, 256, 2, 5, 1, 0, 10, 338, 269, 399, 2, 5, 1, 0, 133, 294, 531, 60, 2, 3, 1, 0
0, 320, 496, 208, 0, 0, 0, 0, 0, 342, 385, 297, 0, 0, 0, 0, 47, 392, 569, 16, 0, 0, 0, 0
28, 464, 503, 29, 0, 0, 0, 0, 61, 494, 430, 38, 1, 0, 0, 0, 216, 531, 273, 4, 0, 0, 0, 0
123, 464, 421, 16, 0, 0, 0, 0, 185, 519, 303, 17, 0, 0, 0, 0, 355, 562, 105, 2, 0, 0, 0, 0
60, 658, 300, 6, 0, 0, 0, 0, 154, 775, 90, 5, 0, 0, 0, 0, 412, 577, 35, 0, 0, 0, 0, 0
51, 545, 369, 50, 5, 2, 2, 0, 102, 690, 176, 47, 5, 3, 1, 0, 314, 590, 106, 9, 2, 2, 1, 0
22, 519, 464, 18, 1, 0, 0, 0, 65, 672, 271, 15, 1, 0, 0, 0, 351, 621, 50, 2, 0, 0, 0, 0
59, 511, 438, 9, 2, 3, 2, 0, 75, 626, 306, 10, 2, 3, 2, 0, 347, 639, 31, 2, 3, 2, 0, 0
0, 40, 261, 86, 133, 130, 174, 200, 0, 25, 231, 152, 123, 143, 169, 181, 1, 162, 215, 132, 131, 155, 147, 81
2, 89, 269, 104, 115, 151, 161, 133, 2, 70, 258, 132, 124, 157, 171, 110, 19, 213, 221, 133, 166, 149, 88, 35
6, 146, 256, 122, 86, 105, 148, 155, 4, 125, 245, 165, 87, 113, 133, 152, 35, 227, 251, 101, 103, 137, 126, 44
3, 24, 187, 262, 157, 170, 165, 56, 2, 25, 189, 284, 159, 193, 143, 29, 7, 128, 320, 174, 186, 152, 57, 0
0, 25, 213, 203, 168, 175, 144, 96, 0, 40, 255, 183, 187, 175, 126, 58, 16, 176, 238, 195, 185, 136, 67, 11
0, 15, 165, 150, 145, 143, 174, 232, 0, 29, 176, 148, 158, 141, 172, 200, 8, 127, 195, 152, 152, 161, 152, 77
0, 39, 197, 143, 208, 247, 151, 39, 0, 64, 203, 173, 241, 209, 112, 22, 18, 227, 190, 266, 209, 91, 23, 0
0, 56, 204, 235, 214, 180, 106, 29, 0, 52, 225, 247, 219, 160, 99, 22, 28, 243, 250, 253, 162, 77, 11, 0
511, 122, 29, 8, 8, 22, 75, 249, 309, 300, 40, 20, 9, 23, 79, 244, 495, 144, 27, 9, 19, 52, 107, 171
318, 146, 92, 64, 116, 134, 115, 39, 157, 252, 110, 74, 142, 139, 94, 56, 240, 198, 89, 136, 174, 108, 47, 32
421, 189, 58, 29, 28, 27, 77, 195, 231, 350, 64, 43, 34, 29, 79, 194, 416, 197, 52, 52, 28, 63, 99, 117
214, 352, 124, 53, 62, 76, 99, 44, 66, 392, 204, 89, 60, 101, 93, 19, 230, 373, 130, 68, 97, 90, 32, 4
2, 281, 361, 105, 71, 49, 58, 97, 0, 113, 375, 206, 99, 67, 64, 100, 34, 404, 278, 96, 46, 53, 49, 64
102, 336, 215, 95, 51, 48, 32, 145, 15, 132, 336, 189, 83, 64, 52, 153, 73, 389, 232, 84, 52, 35, 43, 116
505, 224, 27, 11, 27, 75, 92, 63, 98, 504, 138, 28, 51, 78, 77, 50, 364, 365, 38, 57, 72, 74, 50, 4
92, 315, 126, 126, 163, 82, 71, 49, 37, 388, 75, 134, 148, 109, 64, 69, 203, 356, 164, 154, 98, 42, 7, 0
993, 26, 4, 1, 0, 0, 0, 0, 895, 116, 11, 2, 0, 0, 0, 0, 970, 47, 5, 2, 0, 0, 0, 0
768, 191, 43, 17, 4, 1, 0, 0, 635, 273, 73, 32, 8, 3, 0, 0, 788, 183, 40, 10, 3, 0, 0, 0
860, 133, 21, 7, 3, 0, 0, 0, 659, 310, 38, 12, 4, 1, 0, 0, 836, 163, 18, 6, 1, 0, 0, 0
566, 223, 149, 26, 32, 21, 6, 1, 535, 170, 210, 36, 21, 29, 19, 4, 625, 260, 71, 31, 21, 13, 3, 0
579, 276, 94, 33, 26, 13, 3, 0, 528, 190, 181, 57, 34, 21, 11, 2, 610, 291, 73, 31, 16, 3, 0, 0
580, 266, 114, 40, 22, 2, 0, 0, 541, 243, 132, 68, 27, 11, 2, 0, 693, 225, 76, 20, 9, 1, 0, 0
891, 81, 31, 11, 7, 3, 0, 0, 665, 297, 37, 11, 8, 6, 0, 0, 806, 179, 25, 12, 2, 0, 0, 0
422, 477, 53, 11, 9, 4, 5, 43, 364, 553, 32, 10, 9, 6, 5, 45, 422, 527, 14, 9, 7, 23, 22, 0
733, 156, 63, 42, 16, 11, 3, 0, 557, 243, 106, 55, 33, 18, 10, 2, 512, 237, 129, 62, 39, 25, 13, 7
831, 108, 44, 22, 10, 6, 3, 0, 612, 273, 72, 32, 17, 10, 7, 1, 716, 180, 57, 32, 18, 8, 9, 4
881, 94, 29, 10, 5, 3, 2, 0, 714, 221, 58, 15, 7, 5, 2, 2, 804, 142, 35, 25, 7, 6, 3, 2
798, 169, 38, 17, 2, 0, 0, 0, 655, 214, 111, 31, 12, 1, 0, 0, 834, 153, 28, 7, 2, 0, 0, 0
951, 58, 8, 5, 1, 1, 0, 0, 705, 287, 18, 6, 6, 1, 1, 0, 924, 90, 8, 2, 0, 0, 0, 0
970, 48, 6, 0, 0, 0, 0, 0, 759, 244, 20, 1, 0, 0, 0, 0, 912, 107, 5, 0, 0, 0, 0, 0
857, 153, 14, 0, 0, 0, 0, 0, 863, 159, 2, 0, 0, 0, 0, 0, 961, 62, 1, 0, 0, 0, 0, 0
390, 382, 207, 12, 5, 12, 13, 3, 442, 443, 100, 10, 14, 13, 2, 0, 512, 433, 47, 17, 12, 3, 0, 0
709, 156, 80, 44, 20, 13, 2, 0, 316, 467, 94, 65, 46, 18, 15, 3, 360, 403, 94, 56, 52, 32, 20, 7
606, 242, 84, 48, 30, 9, 5, 0, 156, 538, 165, 73, 47, 31, 9, 5, 322, 445, 118, 66, 38, 25, 7, 3
660, 250, 80, 27, 6, 1, 0, 0, 257, 505, 157, 68, 30, 6, 1, 0, 569, 302, 105, 37, 7, 3, 1, 0
395, 309, 232, 75, 12, 1, 0, 0, 79, 442, 224, 199, 65, 14, 1, 0, 471, 406, 122, 24, 1, 0, 0, 0
163, 301, 290, 137, 91, 38, 4, 0, 27, 229, 303, 234, 130, 72, 27, 2, 369, 428, 173, 50, 4, 0, 0, 0
258, 455, 226, 73, 11, 1, 0, 0, 24, 307, 412, 207, 62, 11, 1, 0, 157, 592, 232, 37, 5, 1, 0, 0
845, 173, 6, 0, 0, 0, 0, 0, 397, 498, 122, 7, 0, 0, 0, 0, 639, 355, 30, 0, 0, 0, 0, 0
188, 285, 238, 59, 61, 63, 88, 42, 126, 477, 136, 87, 74, 65, 38, 21, 219, 464, 122, 94, 73, 31, 15, 6
