0, 0, 0, 0, 0, 1019, 5, 0, 0, 0, 0, 0, 0, 0, 1024, 0, 0, 0, 0, 0, 0, 0, 145, 879
0, 0, 0, 0, 0, 1024, 0, 0, 0, 0, 0, 0, 0, 0, 1024, 0, 0, 0, 0, 0, 0, 0, 640, 384
0, 0, 0, 0, 0, 1024, 0, 0, 0, 0, 0, 0, 0, 60, 964, 0, 0, 0, 0, 0, 0, 0, 764, 260
0, 0, 0, 0, 0, 1024, 0, 0, 0, 0, 0, 0, 0, 28, 996, 0, 0, 0, 0, 0, 0, 0, 286, 738
0, 0, 0, 0, 0, 555, 469, 0, 0, 0, 0, 0, 0, 0, 1024, 0, 0, 0, 0, 0, 0, 0, 2, 1022
0, 0, 0, 0, 78, 18, 928, 0, 0, 0, 0, 0, 72, 17, 879, 56, 0, 0, 0, 0, 0, 68, 23, 933
0, 0, 0, 16, 1008, 0, 0, 0, 0, 0, 0, 0, 1024, 0, 0, 0, 0, 0, 0, 0, 0, 1024, 0, 0
0, 0, 0, 429, 595, 0, 0, 0, 0, 0, 0, 0, 1024, 0, 0, 0, 0, 0, 0, 0, 530, 494, 0, 0
0, 0, 0, 1012, 12, 0, 0, 0, 0, 0, 0, 112, 912, 0, 0, 0, 0, 0, 0, 0, 992, 32, 0, 0
0, 0, 0, 997, 27, 0, 0, 0, 0, 0, 0, 528, 496, 0, 0, 0, 0, 0, 0, 0, 965, 59, 0, 0
0, 0, 0, 1024, 0, 0, 0, 0, 0, 0, 0, 1000, 24, 0, 0, 0, 0, 0, 0, 164, 860, 0, 0, 0
0, 0, 0, 856, 168, 0, 0, 0, 0, 0, 0, 460, 564, 0, 0, 0, 0, 0, 0, 36, 885, 103, 0, 0
0, 0, 0, 11, 1013, 0, 0, 0, 0, 0, 0, 0, 1024, 0, 0, 0, 0, 0, 0, 0, 233, 791, 0, 0
0, 0, 0, 609, 415, 0, 0, 0, 0, 0, 0, 86, 938, 0, 0, 0, 0, 0, 0, 216, 570, 238, 0, 0
0, 0, 18, 1006, 0, 0, 0, 0, 0, 0, 11, 949, 64, 0, 0, 0, 0, 0, 17, 992, 15, 0, 0, 0
0, 55, 412, 557, 0, 0, 0, 0, 0, 29, 215, 778, 2, 0, 0, 0, 0, 78, 343, 603, 0, 0, 0, 0
0, 398, 614, 12, 0, 0, 0, 0, 0, 326, 595, 103, 0, 0, 0, 0, 38, 397, 579, 10, 0, 0, 0, 0
0, 869, 155, 0, 0, 0, 0, 0, 1, 797, 219, 7, 0, 0, 0, 0, 261, 626, 137, 0, 0, 0, 0, 0
0, 1024, 0, 0, 0, 0, 0, 0, 6, 1018, 0, 0, 0, 0, 0, 0, 894, 130, 0, 0, 0, 0, 0, 0
4, 1020, 0, 0, 0, 0, 0, 0, 15, 1009, 0, 0, 0, 0, 0, 0, 1018, 6, 0, 0, 0, 0, 0, 0
8, 909, 107, 0, 0, 0, 0, 0, 24, 847, 153, 0, 0, 0, 0, 0, 845, 178, 1, 0, 0, 0, 0, 0
1, 498, 522, 3, 0, 0, 0, 0, 5, 380, 616, 23, 0, 0, 0, 0, 498, 524, 2, 0, 0, 0, 0, 0
0, 841, 183, 0, 0, 0, 0, 0, 0, 735, 289, 0, 0, 0, 0, 0, 772, 252, 0, 0, 0, 0, 0, 0
4, 948, 72, 0, 0, 0, 0, 0, 45, 904, 75, 0, 0, 0, 0, 0, 937, 87, 0, 0, 0, 0, 0, 0
1, 272, 604, 147, 0, 0, 0, 0, 11, 358, 644, 11, 0, 0, 0, 0, 764, 260, 0, 0, 0, 0, 0, 0
0, 29, 765, 230, 0, 0, 0, 0, 0, 172, 782, 70, 0, 0, 0, 0, 583, 441, 0, 0, 0, 0, 0, 0
0, 263, 569, 88, 40, 43, 19, 2, 1, 291, 494, 128, 38, 47, 21, 4, 386, 475, 60, 39, 42, 20, 2, 0
0, 0, 0, 0, 0, 846, 178, 0, 0, 0, 0, 0, 0, 0, 1024, 0, 0, 0, 0, 0, 0, 0, 0, 1024
0, 0, 0, 0, 0, 1024, 0, 0, 0, 0, 0, 0, 0, 0, 1024, 0, 0, 0, 0, 0, 0, 0, 5, 1019
0, 0, 0, 0, 0, 1024, 0, 0, 0, 0, 0, 0, 0, 0, 1024, 0, 0, 0, 0, 0, 0, 0, 8, 1016
0, 0, 0, 0, 0, 1024, 0, 0, 0, 0, 0, 0, 0, 0, 1024, 0, 0, 0, 0, 0, 0, 0, 9, 1015
0, 0, 0, 0, 0, 473, 551, 0, 0, 0, 0, 0, 0, 0, 1016, 8, 0, 0, 0, 0, 0, 0, 0, 1024
0, 0, 0, 2, 187, 17, 816, 2, 0, 0, 0, 0, 176, 24, 269, 555, 0, 0, 0, 0, 0, 176, 24, 824
0, 0, 0, 192, 830, 2, 0, 0, 0, 0, 0, 0, 1017, 7, 0, 0, 0, 0, 0, 0, 0, 1018, 6, 0
0, 0, 0, 433, 591, 0, 0, 0, 0, 0, 0, 0, 1024, 0, 0, 0, 0, 0, 0, 0, 382, 642, 0, 0
0, 0, 0, 992, 32, 0, 0, 0, 0, 0, 0, 11, 1013, 0, 0, 0, 0, 0, 0, 0, 973, 51, 0, 0
0, 0, 0, 1023, 1, 0, 0, 0, 0, 0, 0, 146, 878, 0, 0, 0, 0, 0, 0, 0, 1023, 1, 0, 0
0, 0, 0, 1024, 0, 0, 0, 0, 0, 0, 0, 737, 287, 0, 0, 0, 0, 0, 0, 11, 1013, 0, 0, 0
0, 0, 0, 804, 220, 0, 0, 0, 0, 0, 0, 175, 849, 0, 0, 0, 0, 0, 0, 76, 799, 149, 0, 0
0, 0, 0, 285, 739, 0, 0, 0, 0, 0, 0, 2, 1022, 0, 0, 0, 0, 0, 0, 6, 1002, 16, 0, 0
0, 0, 0, 754, 270, 0, 0, 0, 0, 0, 0, 166, 858, 0, 0, 0, 0, 0, 0, 373, 651, 0, 0, 0
0, 42, 297, 685, 0, 0, 0, 0, 0, 18, 226, 551, 229, 0, 0, 0, 0, 70, 292, 597, 65, 0, 0, 0
0, 339, 506, 179, 0, 0, 0, 0, 0, 196, 572, 234, 22, 0, 0, 0, 11, 441, 426, 142, 4, 0, 0, 0
4, 748, 249, 23, 0, 0, 0, 0, 0, 718, 270, 36, 0, 0, 0, 0, 178, 679, 160, 7, 0, 0, 0, 0
1, 967, 56, 0, 0, 0, 0, 0, 8, 953, 61, 2, 0, 0, 0, 0, 634, 370, 20, 0, 0, 0, 0, 0
5, 1017, 2, 0, 0, 0, 0, 0, 39, 984, 1, 0, 0, 0, 0, 0, 974, 50, 0, 0, 0, 0, 0, 0
5, 1019, 0, 0, 0, 0, 0, 0, 54, 970, 0, 0, 0, 0, 0, 0, 1007, 17, 0, 0, 0, 0, 0, 0
33, 917, 69, 5, 0, 0, 0, 0, 125, 816, 76, 7, 0, 0, 0, 0, 916, 102, 6, 0, 0, 0, 0, 0
2, 343, 660, 19, 0, 0, 0, 0, 2, 235, 722, 65, 0, 0, 0, 0, 384, 634, 6, 0, 0, 0, 0, 0
0, 711, 313, 0, 0, 0, 0, 0, 0, 633, 388, 3, 0, 0, 0, 0, 707, 317, 0, 0, 0, 0, 0, 0
4, 973, 47, 0, 0, 0, 0, 0, 20, 965, 39, 0, 0, 0, 0, 0, 953, 71, 0, 0, 0, 0, 0, 0
9, 526, 443, 46, 0, 0, 0, 0, 53, 541, 418, 12, 0, 0, 0, 0, 826, 198, 0, 0, 0, 0, 0, 0
0, 112, 722, 190, 0, 0, 0, 0, 0, 162, 821, 41, 0, 0, 0, 0, 567, 457, 0, 0, 0, 0, 0, 0
0, 59, 685, 179, 34, 42, 25, 0, 0, 41, 608, 269, 32, 46, 26, 2, 149, 702, 75, 36, 42, 19, 1, 0
0, 0, 0, 0, 0, 177, 847, 0, 0, 0, 0, 0, 0, 0, 1024, 0, 0, 0, 0, 0, 0, 0, 0, 1024
0, 0, 0, 0, 0, 897, 127, 0, 0, 0, 0, 0, 0, 0, 1024, 0, 0, 0, 0, 0, 0, 0, 0, 1024
0, 0, 0, 0, 0, 1023, 1, 0, 0, 0, 0, 0, 0, 0, 1024, 0, 0, 0, 0, 0, 0, 0, 0, 1024
0, 0, 0, 0, 0, 1024, 0, 0, 0, 0, 0, 0, 0, 0, 1024, 0, 0, 0, 0, 0, 0, 0, 0, 1024
0, 0, 0, 0, 0, 328, 696, 0, 0, 0, 0, 0, 0, 0, 969, 55, 0, 0, 0, 0, 0, 0, 0, 1024
0, 0, 0, 2, 138, 19, 765, 100, 0, 0, 0, 0, 134, 20, 35, 835, 0, 0, 0, 0, 0, 137, 21, 866
0, 0, 0, 257, 767, 0, 0, 0, 0, 0, 0, 0, 1024, 0, 0, 0, 0, 0, 0, 0, 0, 1024, 0, 0
0, 0, 0, 672, 352, 0, 0, 0, 0, 0, 0, 0, 1024, 0, 0, 0, 0, 0, 0, 0, 274, 750, 0, 0
0, 0, 0, 992, 32, 0, 0, 0, 0, 0, 0, 21, 1003, 0, 0, 0, 0, 0, 0, 0, 994, 30, 0, 0
0, 0, 0, 1024, 0, 0, 0, 0, 0, 0, 0, 126, 898, 0, 0, 0, 0, 0, 0, 0, 1024, 0, 0, 0
0, 0, 0, 1022, 2, 0, 0, 0, 0, 0, 0, 300, 724, 0, 0, 0, 0, 0, 0, 90, 934, 0, 0, 0
0, 0, 3, 936, 85, 0, 0, 0, 0, 0, 0, 542, 482, 0, 0, 0, 0, 0, 0, 621, 403, 0, 0, 0
0, 0, 0, 547, 477, 0, 0, 0, 0, 0, 0, 89, 935, 0, 0, 0, 0, 0, 0, 110, 914, 0, 0, 0
0, 0, 0, 618, 406, 0, 0, 0, 0, 0, 0, 214, 810, 0, 0, 0, 0, 0, 0, 260, 764, 0, 0, 0
0, 0, 0, 405, 619, 0, 0, 0, 0, 0, 0, 69, 955, 0, 0, 0, 0, 0, 0, 66, 957, 1, 0, 0
0, 5, 90, 652, 277, 0, 0, 0, 0, 0, 59, 244, 721, 0, 0, 0, 0, 6, 85, 250, 683, 0, 0, 0
0, 260, 441, 306, 17, 0, 0, 0, 0, 170, 431, 292, 131, 0, 0, 0, 7, 356, 378, 208, 75, 0, 0, 0
0, 853, 169, 2, 0, 0, 0, 0, 0, 808, 209, 7, 0, 0, 0, 0, 157, 803, 64, 0, 0, 0, 0, 0
0, 1002, 22, 0, 0, 0, 0, 0, 0, 993, 31, 0, 0, 0, 0, 0, 563, 461, 0, 0, 0, 0, 0, 0
2, 1012, 10, 0, 0, 0, 0, 0, 13, 993, 18, 0, 0, 0, 0, 0, 852, 172, 0, 0, 0, 0, 0, 0
14, 826, 175, 9, 0, 0, 0, 0, 14, 802, 194, 14, 0, 0, 0, 0, 746, 267, 11, 0, 0, 0, 0, 0
2, 385, 622, 15, 0, 0, 0, 0, 1, 270, 727, 26, 0, 0, 0, 0, 412, 611, 1, 0, 0, 0, 0, 0
0, 581, 443, 0, 0, 0, 0, 0, 0, 511, 512, 1, 0, 0, 0, 0, 573, 451, 0, 0, 0, 0, 0, 0
1, 756, 267, 0, 0, 0, 0, 0, 2, 704, 318, 0, 0, 0, 0, 0, 742, 282, 0, 0, 0, 0, 0, 0
0, 894, 126, 4, 0, 0, 0, 0, 4, 894, 125, 1, 0, 0, 0, 0, 899, 124, 1, 0, 0, 0, 0, 0
0, 360, 612, 52, 0, 0, 0, 0, 0, 422, 580, 22, 0, 0, 0, 0, 636, 388, 0, 0, 0, 0, 0, 0
0, 41, 309, 517, 73, 48, 29, 7, 0, 37, 244, 581, 72, 53, 30, 7, 78, 559, 258, 49, 45, 33, 2, 0
0, 0, 0, 0, 0, 38, 986, 0, 0, 0, 0, 0, 0, 0, 1024, 0, 0, 0, 0, 0, 0, 0, 0, 1024
0, 0, 0, 0, 0, 410, 614, 0, 0, 0, 0, 0, 0, 0, 1024, 0, 0, 0, 0, 0, 0, 0, 0, 1024
0, 0, 0, 0, 0, 957, 67, 0, 0, 0, 0, 0, 0, 0, 1024, 0, 0, 0, 0, 0, 0, 0, 0, 1024
0, 0, 0, 0, 0, 975, 49, 0, 0, 0, 0, 0, 0, 0, 1024, 0, 0, 0, 0, 0, 0, 0, 0, 1024
0, 0, 0, 0, 0, 143, 881, 0, 0, 0, 0, 0, 0, 0, 945, 79, 0, 0, 0, 0, 0, 0, 0, 1024
0, 0, 0, 8, 63, 14, 473, 466, 0, 0, 0, 0, 67, 15, 15, 927, 0, 0, 0, 0, 0, 70, 15, 939
0, 0, 0, 338, 684, 2, 0, 0, 0, 0, 0, 0, 1018, 6, 0, 0, 0, 0, 0, 0, 1, 1014, 9, 0
0, 0, 0, 903, 121, 0, 0, 0, 0, 0, 0, 0, 1024, 0, 0, 0, 0, 0, 0, 0, 532, 492, 0, 0
0, 0, 0, 1008, 16, 0, 0, 0, 0, 0, 0, 0, 1024, 0, 0, 0, 0, 0, 0, 0, 977, 47, 0, 0
0, 0, 64, 959, 1, 0, 0, 0, 0, 0, 5, 203, 816, 0, 0, 0, 0, 0, 7, 132, 868, 17, 0, 0
0, 0, 83, 938, 3, 0, 0, 0, 0, 0, 5, 806, 213, 0, 0, 0, 0, 0, 42, 785, 197, 0, 0, 0
0, 0, 0, 736, 288, 0, 0, 0, 0, 0, 0, 296, 728, 0, 0, 0, 0, 0, 0, 486, 538, 0, 0, 0
0, 0, 0, 373, 651, 0, 0, 0, 0, 0, 0, 84, 940, 0, 0, 0, 0, 0, 0, 116, 908, 0, 0, 0
0, 0, 0, 924, 100, 0, 0, 0, 0, 0, 0, 669, 355, 0, 0, 0, 0, 0, 0, 745, 279, 0, 0, 0
0, 0, 0, 11, 1013, 0, 0, 0, 0, 0, 0, 0, 1024, 0, 0, 0, 0, 0, 0, 0, 1023, 1, 0, 0
0, 4, 147, 497, 376, 0, 0, 0, 0, 0, 99, 287, 638, 0, 0, 0, 0, 9, 141, 269, 605, 0, 0, 0
0, 483, 454, 84, 3, 0, 0, 0, 0, 332, 546, 136, 10, 0, 0, 0, 116, 568, 280, 58, 2, 0, 0, 0
0, 991, 30, 3, 0, 0, 0, 0, 0, 972, 46, 6, 0, 0, 0, 0, 378, 637, 7, 2, 0, 0, 0, 0
2, 983, 39, 0, 0, 0, 0, 0, 12, 959, 53, 0, 0, 0, 0, 0, 830, 194, 0, 0, 0, 0, 0, 0
1, 982, 41, 0, 0, 0, 0, 0, 4, 976, 44, 0, 0, 0, 0, 0, 837, 187, 0, 0, 0, 0, 0, 0
5, 789, 219, 11, 0, 0, 0, 0, 8, 745, 244, 27, 0, 0, 0, 0, 746, 269, 9, 0, 0, 0, 0, 0
1, 402, 604, 17, 0, 0, 0, 0, 0, 320, 673, 31, 0, 0, 0, 0, 375, 643, 6, 0, 0, 0, 0, 0
0, 447, 573, 4, 0, 0, 0, 0, 0, 412, 603, 9, 0, 0, 0, 0, 493, 528, 3, 0, 0, 0, 0, 0
0, 694, 321, 9, 0, 0, 0, 0, 0, 642, 371, 11, 0, 0, 0, 0, 670, 348, 6, 0, 0, 0, 0, 0
0, 770, 254, 0, 0, 0, 0, 0, 0, 721, 303, 0, 0, 0, 0, 0, 729, 295, 0, 0, 0, 0, 0, 0
0, 794, 221, 9, 0, 0, 0, 0, 0, 774, 241, 9, 0, 0, 0, 0, 823, 201, 0, 0, 0, 0, 0, 0
0, 11, 145, 753, 96, 11, 5, 3, 0, 0, 130, 814, 62, 11, 5, 2, 19, 643, 335, 15, 6, 6, 0, 0
0, 0, 0, 0, 0, 0, 1024, 0, 0, 0, 0, 0, 0, 0, 1024, 0, 0, 0, 0, 0, 0, 0, 0, 1024
0, 0, 0, 0, 0, 70, 954, 0, 0, 0, 0, 0, 0, 0, 1024, 0, 0, 0, 0, 0, 0, 0, 0, 1024
0, 0, 0, 0, 0, 556, 468, 0, 0, 0, 0, 0, 0, 0, 1024, 0, 0, 0, 0, 0, 0, 0, 0, 1024
0, 0, 0, 0, 0, 674, 350, 0, 0, 0, 0, 0, 0, 0, 1024, 0, 0, 0, 0, 0, 0, 0, 0, 1024
0, 0, 0, 0, 0, 94, 930, 0, 0, 0, 0, 0, 0, 0, 982, 42, 0, 0, 0, 0, 0, 0, 0, 1024
0, 0, 0, 0, 0, 0, 226, 798, 0, 0, 0, 0, 0, 0, 17, 1007, 0, 0, 0, 0, 0, 0, 0, 1024
0, 0, 0, 388, 599, 14, 12, 11, 0, 0, 0, 0, 979, 15, 16, 14, 0, 0, 0, 0, 3, 978, 15, 28
0, 0, 0, 786, 238, 0, 0, 0, 0, 0, 0, 0, 1024, 0, 0, 0, 0, 0, 0, 0, 322, 702, 0, 0
0, 0, 0, 1004, 20, 0, 0, 0, 0, 0, 0, 0, 1024, 0, 0, 0, 0, 0, 0, 0, 661, 363, 0, 0
0, 0, 13, 953, 58, 0, 0, 0, 0, 0, 0, 329, 695, 0, 0, 0, 0, 0, 5, 334, 391, 294, 0, 0
0, 0, 48, 976, 0, 0, 0, 0, 0, 0, 1, 862, 161, 0, 0, 0, 0, 0, 16, 1005, 3, 0, 0, 0
0, 0, 0, 385, 639, 0, 0, 0, 0, 0, 0, 240, 784, 0, 0, 0, 0, 0, 0, 276, 723, 25, 0, 0
0, 0, 0, 218, 806, 0, 0, 0, 0, 0, 0, 11, 1013, 0, 0, 0, 0, 0, 0, 20, 976, 28, 0, 0
0, 0, 0, 482, 542, 0, 0, 0, 0, 0, 0, 63, 961, 0, 0, 0, 0, 0, 0, 33, 990, 1, 0, 0
0, 0, 0, 261, 763, 0, 0, 0, 0, 0, 0, 8, 1016, 0, 0, 0, 0, 0, 0, 7, 1017, 0, 0, 0
1, 144, 165, 539, 175, 0, 0, 0, 0, 127, 124, 264, 509, 0, 0, 0, 59, 120, 152, 321, 372, 0, 0, 0
0, 601, 273, 150, 0, 0, 0, 0, 0, 550, 283, 172, 19, 0, 0, 0, 292, 445, 163, 124, 0, 0, 0, 0
0, 962, 62, 0, 0, 0, 0, 0, 0, 958, 66, 0, 0, 0, 0, 0, 597, 425, 2, 0, 0, 0, 0, 0
0, 870, 153, 1, 0, 0, 0, 0, 0, 865, 158, 1, 0, 0, 0, 0, 700, 323, 1, 0, 0, 0, 0, 0
5, 859, 160, 0, 0, 0, 0, 0, 22, 880, 122, 0, 0, 0, 0, 0, 864, 160, 0, 0, 0, 0, 0, 0
1, 521, 467, 35, 0, 0, 0, 0, 1, 512, 442, 69, 0, 0, 0, 0, 613, 403, 8, 0, 0, 0, 0, 0
0, 400, 602, 21, 1, 0, 0, 0, 0, 332, 660, 31, 1, 0, 0, 0, 378, 639, 7, 0, 0, 0, 0, 0
0, 544, 456, 23, 1, 0, 0, 0, 2, 536, 452, 33, 1, 0, 0, 0, 583, 433, 8, 0, 0, 0, 0, 0
0, 769, 255, 0, 0, 0, 0, 0, 2, 730, 291, 1, 0, 0, 0, 0, 746, 278, 0, 0, 0, 0, 0, 0
0, 805, 219, 0, 0, 0, 0, 0, 0, 787, 237, 0, 0, 0, 0, 0, 810, 214, 0, 0, 0, 0, 0, 0
0, 815, 203, 6, 0, 0, 0, 0, 0, 819, 188, 17, 0, 0, 0, 0, 798, 220, 6, 0, 0, 0, 0, 0
0, 0, 126, 758, 139, 1, 0, 0, 0, 0, 55, 806, 163, 0, 0, 0, 16, 809, 199, 0, 0, 0, 0, 0
0, 0, 0, 0, 0, 0, 1024, 0, 0, 0, 0, 0, 0, 0, 1024, 0, 0, 0, 0, 0, 0, 0, 0, 1024
0, 0, 0, 0, 0, 0, 1024, 0, 0, 0, 0, 0, 0, 0, 1024, 0, 0, 0, 0, 0, 0, 0, 0, 1024
0, 0, 0, 0, 0, 335, 689, 0, 0, 0, 0, 0, 0, 0, 1024, 0, 0, 0, 0, 0, 0, 0, 0, 1024
0, 0, 0, 0, 0, 468, 556, 0, 0, 0, 0, 0, 0, 0, 1024, 0, 0, 0, 0, 0, 0, 0, 0, 1024
0, 0, 0, 0, 0, 41, 983, 0, 0, 0, 0, 0, 0, 0, 1021, 3, 0, 0, 0, 0, 0, 0, 0, 1024
0, 0, 0, 0, 68, 101, 319, 536, 0, 0, 0, 0, 1, 158, 81, 784, 0, 0, 0, 0, 0, 8, 157, 859
0, 0, 0, 179, 842, 3, 0, 0, 0, 0, 0, 0, 1018, 6, 0, 0, 0, 0, 0, 0, 0, 1017, 7, 0
0, 0, 0, 975, 49, 0, 0, 0, 0, 0, 0, 0, 1024, 0, 0, 0, 0, 0, 0, 0, 136, 888, 0, 0
0, 0, 0, 1002, 22, 0, 0, 0, 0, 0, 0, 0, 1024, 0, 0, 0, 0, 0, 0, 0, 253, 771, 0, 0
0, 0, 0, 818, 205, 1, 0, 0, 0, 0, 0, 420, 599, 5, 0, 0, 0, 0, 0, 412, 184, 428, 0, 0
0, 0, 0, 647, 377, 0, 0, 0, 0, 0, 0, 335, 689, 0, 0, 0, 0, 0, 0, 463, 478, 83, 0, 0
0, 0, 0, 29, 995, 0, 0, 0, 0, 0, 0, 1, 1023, 0, 0, 0, 0, 0, 0, 2, 596, 426, 0, 0
0, 0, 0, 0, 1024, 0, 0, 0, 0, 0, 0, 0, 1024, 0, 0, 0, 0, 0, 0, 0, 910, 114, 0, 0
0, 0, 1, 55, 968, 0, 0, 0, 0, 0, 0, 12, 1012, 0, 0, 0, 0, 0, 2, 23, 976, 23, 0, 0
0, 173, 225, 389, 237, 0, 0, 0, 6, 140, 196, 251, 431, 0, 0, 0, 66, 194, 182, 273, 309, 0, 0, 0
0, 478, 304, 232, 10, 0, 0, 0, 0, 410, 296, 246, 72, 0, 0, 0, 221, 376, 240, 179, 8, 0, 0, 0
1, 962, 61, 0, 0, 0, 0, 0, 5, 948, 71, 0, 0, 0, 0, 0, 740, 284, 0, 0, 0, 0, 0, 0
0, 992, 32, 0, 0, 0, 0, 0, 8, 984, 32, 0, 0, 0, 0, 0, 886, 138, 0, 0, 0, 0, 0, 0
0, 810, 212, 2, 0, 0, 0, 0, 0, 841, 182, 1, 0, 0, 0, 0, 763, 260, 1, 0, 0, 0, 0, 0
1, 932, 88, 3, 0, 0, 0, 0, 30, 927, 67, 0, 0, 0, 0, 0, 925, 99, 0, 0, 0, 0, 0, 0
1, 807, 199, 17, 0, 0, 0, 0, 32, 809, 167, 16, 0, 0, 0, 0, 838, 181, 5, 0, 0, 0, 0, 0
3, 610, 397, 14, 0, 0, 0, 0, 18, 579, 404, 23, 0, 0, 0, 0, 657, 359, 8, 0, 0, 0, 0, 0
0, 561, 406, 50, 7, 0, 0, 0, 1, 572, 387, 49, 15, 0, 0, 0, 620, 375, 29, 0, 0, 0, 0, 0
7, 580, 405, 32, 0, 0, 0, 0, 8, 567, 397, 51, 1, 0, 0, 0, 633, 380, 11, 0, 0, 0, 0, 0
0, 601, 420, 3, 0, 0, 0, 0, 0, 584, 436, 4, 0, 0, 0, 0, 646, 378, 0, 0, 0, 0, 0, 0
3, 720, 286, 14, 1, 0, 0, 0, 6, 722, 278, 17, 1, 0, 0, 0, 732, 285, 7, 0, 0, 0, 0, 0
0, 1, 51, 455, 516, 1, 0, 0, 0, 0, 26, 487, 511, 0, 0, 0, 4, 682, 338, 0, 0, 0, 0, 0
0, 0, 0, 0, 0, 0, 1024, 0, 0, 0, 0, 0, 0, 0, 1024, 0, 0, 0, 0, 0, 0, 0, 0, 1024
0, 0, 0, 0, 0, 0, 1024, 0, 0, 0, 0, 0, 0, 0, 1024, 0, 0, 0, 0, 0, 0, 0, 0, 1024
0, 0, 0, 0, 0, 74, 950, 0, 0, 0, 0, 0, 0, 0, 1024, 0, 0, 0, 0, 0, 0, 0, 0, 1024
0, 0, 0, 0, 0, 201, 823, 0, 0, 0, 0, 0, 0, 0, 1024, 0, 0, 0, 0, 0, 0, 0, 0, 1024
0, 0, 0, 0, 0, 6, 1018, 0, 0, 0, 0, 0, 0, 0, 971, 53, 0, 0, 0, 0, 0, 0, 0, 1024
0, 0, 0, 0, 223, 255, 521, 25, 0, 0, 0, 0, 15, 444, 140, 425, 0, 0, 0, 0, 0, 31, 438, 555
0, 0, 0, 77, 882, 39, 23, 3, 0, 0, 0, 0, 882, 106, 22, 14, 0, 0, 0, 0, 0, 899, 94, 31
0, 0, 0, 841, 183, 0, 0, 0, 0, 0, 0, 0, 1024, 0, 0, 0, 0, 0, 0, 0, 12, 1012, 0, 0
0, 0, 0, 967, 57, 0, 0, 0, 0, 0, 0, 0, 1024, 0, 0, 0, 0, 0, 0, 0, 6, 1018, 0, 0
0, 0, 0, 651, 373, 0, 0, 0, 0, 0, 0, 172, 848, 4, 0, 0, 0, 0, 0, 243, 321, 460, 0, 0
0, 0, 0, 7, 974, 43, 0, 0, 0, 0, 0, 1, 673, 350, 0, 0, 0, 0, 0, 2, 205, 817, 0, 0
0, 0, 0, 0, 1017, 7, 0, 0, 0, 0, 0, 0, 643, 381, 0, 0, 0, 0, 0, 0, 0, 1024, 0, 0
0, 0, 0, 0, 1021, 3, 0, 0, 0, 0, 0, 0, 750, 274, 0, 0, 0, 0, 0, 0, 73, 951, 0, 0
0, 3, 42, 128, 851, 0, 0, 0, 0, 0, 27, 92, 844, 61, 0, 0, 0, 13, 49, 96, 317, 549, 0, 0
1, 253, 291, 239, 240, 0, 0, 0, 1, 219, 287, 195, 322, 0, 0, 0, 130, 273, 193, 192, 228, 8, 0, 0
4, 801, 183, 33, 3, 0, 0, 0, 12, 756, 204, 45, 7, 0, 0, 0, 617, 321, 74, 12, 0, 0, 0, 0
8, 976, 38, 2, 0, 0, 0, 0, 41, 941, 40, 2, 0, 0, 0, 0, 887, 133, 4, 0, 0, 0, 0, 0
7, 979, 38, 0, 0, 0, 0, 0, 70, 924, 30, 0, 0, 0, 0, 0, 944, 80, 0, 0, 0, 0, 0, 0
7, 952, 64, 1, 0, 0, 0, 0, 84, 894, 45, 1, 0, 0, 0, 0, 932, 92, 0, 0, 0, 0, 0, 0
5, 946, 73, 0, 0, 0, 0, 0, 48, 924, 52, 0, 0, 0, 0, 0, 927, 97, 0, 0, 0, 0, 0, 0
10, 875, 132, 7, 0, 0, 0, 0, 61, 837, 122, 4, 0, 0, 0, 0, 885, 137, 2, 0, 0, 0, 0, 0
8, 944, 70, 2, 0, 0, 0, 0, 49, 919, 54, 2, 0, 0, 0, 0, 942, 80, 2, 0, 0, 0, 0, 0
27, 759, 178, 48, 12, 0, 0, 0, 123, 677, 156, 53, 15, 0, 0, 0, 801, 189, 34, 0, 0, 0, 0, 0
3, 745, 273, 3, 0, 0, 0, 0, 17, 689, 305, 13, 0, 0, 0, 0, 724, 299, 1, 0, 0, 0, 0, 0
1, 744, 276, 3, 0, 0, 0, 0, 4, 730, 286, 4, 0, 0, 0, 0, 746, 276, 2, 0, 0, 0, 0, 0
1, 517, 370, 92, 44, 0, 0, 0, 9, 527, 369, 96, 23, 0, 0, 0, 582, 405, 37, 0, 0, 0, 0, 0
0, 0, 4, 293, 701, 26, 0, 0, 0, 0, 4, 359, 661, 0, 0, 0, 2, 605, 417, 0, 0, 0, 0, 0
0, 0, 0, 0, 0, 0, 1024, 0, 0, 0, 0, 0, 0, 0, 943, 81, 0, 0, 0, 0, 0, 0, 0, 1024
0, 0, 0, 0, 0, 0, 1024, 0, 0, 0, 0, 0, 0, 0, 1024, 0, 0, 0, 0, 0, 0, 0, 0, 1024
0, 0, 0, 0, 0, 4, 1020, 0, 0, 0, 0, 0, 0, 0, 1024, 0, 0, 0, 0, 0, 0, 0, 0, 1024
0, 0, 0, 0, 0, 20, 1004, 0, 0, 0, 0, 0, 0, 0, 1024, 0, 0, 0, 0, 0, 0, 0, 0, 1024
0, 0, 0, 0, 0, 20, 1004, 0, 0, 0, 0, 0, 0, 6, 928, 90, 0, 0, 0, 0, 0, 0, 9, 1015
0, 0, 0, 0, 183, 502, 327, 12, 0, 0, 0, 0, 6, 612, 196, 210, 0, 0, 0, 0, 0, 9, 635, 380
0, 0, 0, 11, 1006, 7, 0, 0, 0, 0, 0, 0, 783, 241, 0, 0, 0, 0, 0, 0, 0, 763, 261, 0
0, 0, 0, 605, 419, 0, 0, 0, 0, 0, 0, 0, 1024, 0, 0, 0, 0, 0, 0, 0, 1, 1023, 0, 0
0, 0, 0, 395, 629, 0, 0, 0, 0, 0, 0, 0, 1023, 1, 0, 0, 0, 0, 0, 0, 0, 1024, 0, 0
0, 0, 0, 1, 945, 78, 0, 0, 0, 0, 0, 0, 779, 245, 0, 0, 0, 0, 0, 0, 43, 933, 48, 0
0, 0, 0, 0, 137, 887, 0, 0, 0, 0, 0, 0, 3, 1021, 0, 0, 0, 0, 0, 0, 0, 328, 696, 0
0, 0, 0, 0, 494, 530, 0, 0, 0, 0, 0, 0, 0, 1024, 0, 0, 0, 0, 0, 0, 0, 774, 250, 0
0, 0, 0, 0, 707, 317, 0, 0, 0, 0, 0, 0, 40, 984, 0, 0, 0, 0, 0, 0, 0, 939, 85, 0
0, 0, 0, 0, 1013, 11, 0, 0, 0, 0, 0, 0, 742, 282, 0, 0, 0, 0, 0, 0, 0, 1024, 0, 0
0, 25, 178, 217, 604, 0, 0, 0, 0, 10, 139, 209, 646, 20, 0, 0, 2, 93, 161, 162, 401, 205, 0, 0
4, 751, 192, 64, 13, 0, 0, 0, 13, 687, 206, 87, 31, 0, 0, 0, 538, 321, 118, 45, 2, 0, 0, 0
14, 961, 49, 0, 0, 0, 0, 0, 46, 929, 49, 0, 0, 0, 0, 0, 897, 126, 1, 0, 0, 0, 0, 0
4, 988, 32, 0, 0, 0, 0, 0, 55, 946, 23, 0, 0, 0, 0, 0, 943, 81, 0, 0, 0, 0, 0, 0
9, 1001, 14, 0, 0, 0, 0, 0, 50, 963, 11, 0, 0, 0, 0, 0, 957, 67, 0, 0, 0, 0, 0, 0
0, 941, 83, 0, 0, 0, 0, 0, 47, 923, 54, 0, 0, 0, 0, 0, 935, 89, 0, 0, 0, 0, 0, 0
29, 981, 14, 0, 0, 0, 0, 0, 191, 827, 6, 0, 0, 0, 0, 0, 991, 33, 0, 0, 0, 0, 0, 0
3, 927, 93, 1, 0, 0, 0, 0, 41, 895, 88, 0, 0, 0, 0, 0, 862, 162, 0, 0, 0, 0, 0, 0
33, 947, 40, 4, 0, 0, 0, 0, 268, 721, 31, 4, 0, 0, 0, 0, 966, 54, 4, 0, 0, 0, 0, 0
31, 968, 25, 0, 0, 0, 0, 0, 331, 674, 19, 0, 0, 0, 0, 0, 988, 36, 0, 0, 0, 0, 0, 0
19, 828, 177, 0, 0, 0, 0, 0, 138, 706, 180, 0, 0, 0, 0, 0, 818, 206, 0, 0, 0, 0, 0, 0
11, 277, 249, 231, 248, 8, 0, 0, 23, 243, 281, 301, 176, 0, 0, 0, 350, 556, 118, 0, 0, 0, 0, 0
0, 0, 4, 151, 742, 127, 0, 0, 0, 0, 5, 225, 790, 4, 0, 0, 5, 411, 608, 0, 0, 0, 0, 0
0, 0, 0, 0, 0, 0, 1024, 0, 0, 0, 0, 0, 0, 0, 651, 373, 0, 0, 0, 0, 0, 0, 0, 1024
0, 0, 0, 0, 0, 0, 1024, 0, 0, 0, 0, 0, 0, 0, 1024, 0, 0, 0, 0, 0, 0, 0, 0, 1024
0, 0, 0, 0, 0, 0, 1024, 0, 0, 0, 0, 0, 0, 0, 1024, 0, 0, 0, 0, 0, 0, 0, 0, 1024
0, 0, 0, 0, 0, 4, 1020, 0, 0, 0, 0, 0, 0, 0, 1024, 0, 0, 0, 0, 0, 0, 0, 0, 1024
0, 0, 0, 0, 0, 162, 862, 0, 0, 0, 0, 0, 0, 112, 799, 113, 0, 0, 0, 0, 0, 0, 154, 870
0, 0, 0, 0, 273, 473, 261, 17, 0, 0, 0, 0, 7, 650, 195, 172, 0, 0, 0, 0, 0, 8, 699, 317
0, 0, 0, 6, 1015, 3, 0, 0, 0, 0, 0, 0, 800, 224, 0, 0, 0, 0, 0, 0, 0, 695, 329, 0
0, 0, 0, 15, 1009, 0, 0, 0, 0, 0, 0, 0, 997, 27, 0, 0, 0, 0, 0, 0, 0, 1018, 6, 0
0, 0, 0, 0, 1024, 0, 0, 0, 0, 0, 0, 0, 763, 261, 0, 0, 0, 0, 0, 0, 0, 949, 75, 0
0, 0, 0, 0, 932, 92, 0, 0, 0, 0, 0, 0, 357, 667, 0, 0, 0, 0, 0, 0, 0, 795, 229, 0
0, 0, 0, 0, 55, 969, 0, 0, 0, 0, 0, 0, 1, 1023, 0, 0, 0, 0, 0, 0, 0, 73, 951, 0
0, 0, 0, 0, 0, 1024, 0, 0, 0, 0, 0, 0, 0, 1024, 0, 0, 0, 0, 0, 0, 0, 2, 1022, 0
0, 0, 0, 0, 93, 931, 0, 0, 0, 0, 0, 0, 0, 1024, 0, 0, 0, 0, 0, 0, 0, 248, 776, 0
0, 5, 40, 109, 332, 538, 0, 0, 0, 3, 30, 76, 168, 747, 0, 0, 0, 19, 44, 79, 122, 413, 347, 0
0, 136, 236, 269, 324, 59, 0, 0, 0, 118, 212, 256, 252, 186, 0, 0, 86, 186, 205, 179, 161, 204, 3, 0
1, 590, 315, 94, 24, 0, 0, 0, 13, 522, 325, 123, 41, 0, 0, 0, 377, 428, 145, 60, 14, 0, 0, 0
1, 965, 58, 0, 0, 0, 0, 0, 9, 952, 61, 2, 0, 0, 0, 0, 827, 197, 0, 0, 0, 0, 0, 0
5, 999, 20, 0, 0, 0, 0, 0, 25, 992, 7, 0, 0, 0, 0, 0, 955, 69, 0, 0, 0, 0, 0, 0
1, 923, 100, 0, 0, 0, 0, 0, 7, 925, 92, 0, 0, 0, 0, 0, 839, 184, 1, 0, 0, 0, 0, 0
10, 990, 24, 0, 0, 0, 0, 0, 77, 931, 16, 0, 0, 0, 0, 0, 976, 48, 0, 0, 0, 0, 0, 0
33, 954, 37, 0, 0, 0, 0, 0, 230, 771, 23, 0, 0, 0, 0, 0, 967, 57, 0, 0, 0, 0, 0, 0
32, 940, 52, 0, 0, 0, 0, 0, 283, 687, 54, 0, 0, 0, 0, 0, 936, 88, 0, 0, 0, 0, 0, 0
32, 992, 0, 0, 0, 0, 0, 0, 371, 653, 0, 0, 0, 0, 0, 0, 1018, 6, 0, 0, 0, 0, 0, 0
24, 966, 33, 1, 0, 0, 0, 0, 267, 719, 37, 1, 0, 0, 0, 0, 952, 71, 1, 0, 0, 0, 0, 0
59, 928, 31, 6, 0, 0, 0, 0, 483, 510, 27, 4, 0, 0, 0, 0, 984, 35, 5, 0, 0, 0, 0, 0
4, 436, 120, 175, 201, 88, 0, 0, 42, 414, 112, 184, 272, 0, 0, 0, 484, 316, 224, 0, 0, 0, 0, 0
0, 0, 0, 6, 450, 568, 0, 0, 0, 0, 0, 40, 980, 4, 0, 0, 0, 183, 841, 0, 0, 0, 0, 0
0, 0, 0, 0, 0, 0, 1024, 0, 0, 0, 0, 0, 0, 0, 297, 727, 0, 0, 0, 0, 0, 0, 0, 1024
0, 0, 0, 0, 0, 0, 1024, 0, 0, 0, 0, 0, 0, 0, 1020, 4, 0, 0, 0, 0, 0, 0, 0, 1024
0, 0, 0, 0, 0, 0, 1024, 0, 0, 0, 0, 0, 0, 0, 1024, 0, 0, 0, 0, 0, 0, 0, 0, 1024
0, 0, 0, 0, 0, 0, 1024, 0, 0, 0, 0, 0, 0, 0, 1024, 0, 0, 0, 0, 0, 0, 0, 0, 1024
0, 0, 0, 0, 0, 114, 903, 7, 0, 0, 0, 0, 0, 79, 561, 384, 0, 0, 0, 0, 0, 0, 103, 921
0, 0, 0, 0, 77, 887, 60, 0, 0, 0, 0, 0, 12, 793, 209, 10, 0, 0, 0, 0, 0, 5, 911, 108
0, 0, 0, 3, 1005, 12, 4, 0, 0, 0, 0, 0, 650, 369, 4, 1, 0, 0, 0, 0, 0, 443, 577, 4
0, 0, 0, 0, 1024, 0, 0, 0, 0, 0, 0, 0, 743, 281, 0, 0, 0, 0, 0, 0, 0, 982, 42, 0
0, 0, 0, 0, 932, 92, 0, 0, 0, 0, 0, 0, 224, 800, 0, 0, 0, 0, 0, 0, 0, 398, 626, 0
0, 0, 0, 0, 474, 550, 0, 0, 0, 0, 0, 0, 9, 1015, 0, 0, 0, 0, 0, 0, 0, 121, 903, 0
0, 0, 0, 0, 28, 996, 0, 0, 0, 0, 0, 0, 2, 1013, 9, 0, 0, 0, 0, 0, 0, 55, 969, 0
0, 0, 0, 0, 0, 1024, 0, 0, 0, 0, 0, 0, 0, 1024, 0, 0, 0, 0, 0, 0, 0, 0, 1024, 0
0, 0, 0, 0, 0, 1024, 0, 0, 0, 0, 0, 0, 0, 1024, 0, 0, 0, 0, 0, 0, 0, 0, 1024, 0
0, 0, 0, 0, 1, 1023, 0, 0, 0, 0, 0, 0, 0, 1024, 0, 0, 0, 0, 0, 0, 0, 1, 1023, 0
0, 0, 15, 51, 436, 522, 0, 0, 0, 0, 13, 37, 83, 891, 0, 0, 0, 0, 18, 43, 57, 534, 372, 0
0, 54, 213, 328, 425, 4, 0, 0, 0, 34, 182, 306, 425, 77, 0, 0, 15, 89, 227, 262, 270, 161, 0, 0
0, 473, 434, 105, 12, 0, 0, 0, 0, 411, 461, 130, 22, 0, 0, 0, 269, 541, 168, 46, 0, 0, 0, 0
0, 681, 337, 6, 0, 0, 0, 0, 4, 614, 391, 15, 0, 0, 0, 0, 403, 597, 24, 0, 0, 0, 0, 0
1, 845, 178, 0, 0, 0, 0, 0, 1, 826, 193, 4, 0, 0, 0, 0, 709, 314, 1, 0, 0, 0, 0, 0
1, 908, 115, 0, 0, 0, 0, 0, 20, 888, 116, 0, 0, 0, 0, 0, 784, 240, 0, 0, 0, 0, 0, 0
4, 981, 39, 0, 0, 0, 0, 0, 38, 955, 31, 0, 0, 0, 0, 0, 929, 95, 0, 0, 0, 0, 0, 0
7, 951, 66, 0, 0, 0, 0, 0, 53, 911, 60, 0, 0, 0, 0, 0, 906, 117, 1, 0, 0, 0, 0, 0
6, 985, 33, 0, 0, 0, 0, 0, 68, 927, 29, 0, 0, 0, 0, 0, 950, 74, 0, 0, 0, 0, 0, 0
13, 999, 11, 1, 0, 0, 0, 0, 86, 926, 12, 0, 0, 0, 0, 0, 988, 35, 1, 0, 0, 0, 0, 0
14, 984, 26, 0, 0, 0, 0, 0, 99, 906, 19, 0, 0, 0, 0, 0, 984, 40, 0, 0, 0, 0, 0, 0
14, 326, 200, 194, 201, 89, 0, 0, 28, 321, 179, 251, 245, 0, 0, 0, 333, 448, 243, 0, 0, 0, 0, 0
0, 0, 1, 52, 673, 298, 0, 0, 0, 0, 4, 81, 937, 2, 0, 0, 0, 309, 715, 0, 0, 0, 0, 0
0, 0, 0, 0, 0, 0, 1024, 0, 0, 0, 0, 0, 0, 0, 49, 975, 0, 0, 0, 0, 0, 0, 0, 1024
0, 0, 0, 0, 0, 0, 1024, 0, 0, 0, 0, 0, 0, 0, 938, 86, 0, 0, 0, 0, 0, 0, 0, 1024
0, 0, 0, 0, 0, 0, 1024, 0, 0, 0, 0, 0, 0, 0, 1024, 0, 0, 0, 0, 0, 0, 0, 0, 1024
0, 0, 0, 0, 0, 0, 1024, 0, 0, 0, 0, 0, 0, 0, 1024, 0, 0, 0, 0, 0, 0, 0, 0, 1024
0, 0, 0, 0, 0, 37, 856, 131, 0, 0, 0, 0, 0, 20, 303, 701, 0, 0, 0, 0, 0, 0, 34, 990
0, 0, 0, 0, 58, 721, 244, 1, 0, 0, 0, 0, 0, 594, 333, 97, 0, 0, 0, 0, 0, 0, 750, 274
0, 0, 0, 0, 966, 52, 6, 0, 0, 0, 0, 0, 285, 730, 7, 2, 0, 0, 0, 0, 0, 248, 767, 9
0, 0, 0, 0, 1022, 2, 0, 0, 0, 0, 0, 0, 784, 240, 0, 0, 0, 0, 0, 0, 0, 889, 135, 0
0, 0, 0, 0, 572, 452, 0, 0, 0, 0, 0, 0, 114, 910, 0, 0, 0, 0, 0, 0, 0, 258, 766, 0
0, 0, 0, 0, 0, 1024, 0, 0, 0, 0, 0, 0, 0, 734, 290, 0, 0, 0, 0, 0, 0, 0, 990, 34
0, 0, 0, 0, 0, 1024, 0, 0, 0, 0, 0, 0, 0, 508, 516, 0, 0, 0, 0, 0, 0, 0, 953, 71
0, 0, 0, 0, 0, 1024, 0, 0, 0, 0, 0, 0, 0, 1011, 13, 0, 0, 0, 0, 0, 0, 0, 1024, 0
0, 0, 0, 0, 0, 1024, 0, 0, 0, 0, 0, 0, 0, 1024, 0, 0, 0, 0, 0, 0, 0, 0, 1024, 0
0, 0, 0, 0, 0, 1024, 0, 0, 0, 0, 0, 0, 0, 1024, 0, 0, 0, 0, 0, 0, 0, 0, 1024, 0
0, 0, 1, 12, 416, 595, 0, 0, 0, 0, 1, 7, 60, 956, 0, 0, 0, 0, 1, 6, 25, 654, 338, 0
0, 64, 227, 252, 465, 16, 0, 0, 0, 40, 203, 234, 375, 172, 0, 0, 5, 141, 179, 215, 201, 283, 0, 0
0, 301, 465, 173, 85, 0, 0, 0, 0, 232, 482, 208, 100, 2, 0, 0, 43, 504, 302, 97, 78, 0, 0, 0
0, 680, 339, 5, 0, 0, 0, 0, 0, 575, 440, 9, 0, 0, 0, 0, 148, 812, 63, 1, 0, 0, 0, 0
1, 750, 266, 7, 0, 0, 0, 0, 0, 694, 304, 26, 0, 0, 0, 0, 264, 745, 15, 0, 0, 0, 0, 0
2, 771, 244, 7, 0, 0, 0, 0, 1, 745, 256, 22, 0, 0, 0, 0, 470, 548, 6, 0, 0, 0, 0, 0
0, 813, 210, 1, 0, 0, 0, 0, 0, 786, 234, 4, 0, 0, 0, 0, 538, 483, 3, 0, 0, 0, 0, 0
7, 843, 174, 0, 0, 0, 0, 0, 6, 823, 195, 0, 0, 0, 0, 0, 690, 334, 0, 0, 0, 0, 0, 0
2, 967, 54, 1, 0, 0, 0, 0, 11, 957, 55, 1, 0, 0, 0, 0, 809, 210, 5, 0, 0, 0, 0, 0
4, 921, 94, 5, 0, 0, 0, 0, 18, 895, 106, 5, 0, 0, 0, 0, 742, 278, 4, 0, 0, 0, 0, 0
1, 691, 212, 107, 13, 0, 0, 0, 7, 676, 206, 107, 28, 0, 0, 0, 665, 275, 84, 0, 0, 0, 0, 0
6, 306, 137, 235, 231, 109, 0, 0, 6, 313, 114, 256, 332, 3, 0, 0, 323, 365, 336, 0, 0, 0, 0, 0
0, 0, 0, 161, 696, 167, 0, 0, 0, 0, 0, 224, 797, 3, 0, 0, 0, 426, 598, 0, 0, 0, 0, 0
0, 0, 0, 0, 0, 0, 1016, 8, 0, 0, 0, 0, 0, 0, 61, 963, 0, 0, 0, 0, 0, 0, 0, 1024
0, 0, 0, 0, 0, 0, 1024, 0, 0, 0, 0, 0, 0, 0, 742, 282, 0, 0, 0, 0, 0, 0, 0, 1024
0, 0, 0, 0, 0, 0, 1024, 0, 0, 0, 0, 0, 0, 0, 1024, 0, 0, 0, 0, 0, 0, 0, 0, 1024
0, 0, 0, 0, 0, 0, 1024, 0, 0, 0, 0, 0, 0, 0, 1024, 0, 0, 0, 0, 0, 0, 0, 0, 1024
0, 0, 0, 0, 0, 64, 655, 305, 0, 0, 0, 0, 0, 19, 185, 820, 0, 0, 0, 0, 0, 0, 56, 968
0, 0, 0, 0, 94, 755, 144, 31, 0, 0, 0, 0, 4, 768, 149, 103, 0, 0, 0, 0, 0, 4, 827, 193
0, 0, 0, 0, 843, 164, 17, 0, 0, 0, 0, 0, 330, 668, 20, 6, 0, 0, 0, 0, 0, 349, 652, 23
0, 0, 0, 0, 1022, 2, 0, 0, 0, 0, 0, 0, 550, 474, 0, 0, 0, 0, 0, 0, 0, 446, 578, 0
0, 0, 0, 0, 387, 637, 0, 0, 0, 0, 0, 0, 12, 1011, 1, 0, 0, 0, 0, 0, 0, 46, 978, 0
0, 0, 0, 0, 0, 1024, 0, 0, 0, 0, 0, 0, 0, 262, 762, 0, 0, 0, 0, 0, 0, 0, 547, 477
0, 0, 0, 0, 0, 1022, 2, 0, 0, 0, 0, 0, 0, 30, 994, 0, 0, 0, 0, 0, 0, 0, 678, 346
0, 0, 0, 0, 0, 1024, 0, 0, 0, 0, 0, 0, 0, 792, 232, 0, 0, 0, 0, 0, 0, 0, 1024, 0
0, 0, 0, 0, 0, 1024, 0, 0, 0, 0, 0, 0, 0, 1024, 0, 0, 0, 0, 0, 0, 0, 0, 1024, 0
0, 0, 0, 0, 0, 1024, 0, 0, 0, 0, 0, 0, 0, 1024, 0, 0, 0, 0, 0, 0, 0, 0, 1024, 0
0, 0, 0, 3, 296, 725, 0, 0, 0, 0, 0, 1, 7, 1016, 0, 0, 0, 0, 0, 0, 4, 593, 427, 0
0, 0, 2, 22, 997, 3, 0, 0, 0, 0, 0, 10, 781, 233, 0, 0, 0, 0, 0, 11, 313, 700, 0, 0
0, 4, 68, 275, 677, 0, 0, 0, 0, 1, 44, 175, 804, 0, 0, 0, 0, 17, 80, 212, 704, 11, 0, 0
0, 114, 548, 296, 66, 0, 0, 0, 0, 60, 536, 319, 109, 0, 0, 0, 10, 392, 366, 205, 51, 0, 0, 0
0, 456, 548, 20, 0, 0, 0, 0, 0, 342, 641, 41, 0, 0, 0, 0, 76, 837, 111, 0, 0, 0, 0, 0
1, 838, 184, 1, 0, 0, 0, 0, 3, 797, 218, 6, 0, 0, 0, 0, 312, 695, 17, 0, 0, 0, 0, 0
2, 903, 117, 2, 0, 0, 0, 0, 2, 881, 138, 3, 0, 0, 0, 0, 384, 631, 9, 0, 0, 0, 0, 0
7, 926, 91, 0, 0, 0, 0, 0, 9, 878, 134, 3, 0, 0, 0, 0, 531, 488, 5, 0, 0, 0, 0, 0
0, 769, 255, 0, 0, 0, 0, 0, 2, 548, 470, 4, 0, 0, 0, 0, 357, 657, 10, 0, 0, 0, 0, 0
24, 839, 160, 1, 0, 0, 0, 0, 12, 719, 290, 3, 0, 0, 0, 0, 544, 474, 6, 0, 0, 0, 0, 0
12, 220, 178, 471, 143, 0, 0, 0, 13, 212, 154, 462, 183, 0, 0, 0, 178, 438, 408, 0, 0, 0, 0, 0
0, 5, 40, 456, 453, 70, 0, 0, 0, 5, 34, 399, 582, 4, 0, 0, 20, 475, 529, 0, 0, 0, 0, 0
0, 0, 1, 60, 662, 301, 0, 0, 0, 0, 1, 111, 912, 0, 0, 0, 3, 347, 674, 0, 0, 0, 0, 0
0, 0, 0, 0, 0, 0, 810, 214, 0, 0, 0, 0, 0, 0, 3, 1021, 0, 0, 0, 0, 0, 0, 0, 1024
0, 0, 0, 0, 0, 0, 1024, 0, 0, 0, 0, 0, 0, 0, 453, 571, 0, 0, 0, 0, 0, 0, 0, 1024
0, 0, 0, 0, 0, 0, 1024, 0, 0, 0, 0, 0, 0, 0, 1021, 3, 0, 0, 0, 0, 0, 0, 0, 1024
0, 0, 0, 0, 0, 0, 1024, 0, 0, 0, 0, 0, 0, 0, 1024, 0, 0, 0, 0, 0, 0, 0, 0, 1024
0, 0, 0, 0, 0, 279, 409, 336, 0, 0, 0, 0, 0, 219, 114, 691, 0, 0, 0, 0, 0, 0, 268, 756
0, 0, 0, 0, 74, 635, 243, 72, 0, 0, 0, 0, 0, 656, 123, 245, 0, 0, 0, 0, 0, 0, 699, 325
0, 0, 0, 0, 771, 196, 55, 2, 0, 0, 0, 0, 103, 846, 37, 38, 0, 0, 0, 0, 0, 86, 874, 64
0, 0, 0, 0, 801, 223, 0, 0, 0, 0, 0, 0, 98, 926, 0, 0, 0, 0, 0, 0, 0, 110, 914, 0
0, 0, 0, 0, 107, 917, 0, 0, 0, 0, 0, 0, 0, 1000, 24, 0, 0, 0, 0, 0, 0, 0, 1024, 0
0, 0, 0, 0, 0, 1023, 1, 0, 0, 0, 0, 0, 0, 174, 850, 0, 0, 0, 0, 0, 0, 0, 503, 521
0, 0, 0, 0, 0, 1019, 5, 0, 0, 0, 0, 0, 0, 34, 990, 0, 0, 0, 0, 0, 0, 0, 496, 528
0, 0, 0, 0, 0, 1023, 1, 0, 0, 0, 0, 0, 0, 265, 759, 0, 0, 0, 0, 0, 0, 0, 980, 44
0, 0, 0, 0, 0, 1024, 0, 0, 0, 0, 0, 0, 0, 759, 265, 0, 0, 0, 0, 0, 0, 0, 1024, 0
0, 0, 0, 0, 0, 1024, 0, 0, 0, 0, 0, 0, 0, 1024, 0, 0, 0, 0, 0, 0, 0, 0, 1024, 0
0, 0, 12, 35, 307, 670, 0, 0, 0, 0, 4, 35, 56, 929, 0, 0, 0, 0, 7, 31, 28, 492, 466, 0
0, 8, 71, 130, 809, 6, 0, 0, 0, 3, 51, 108, 818, 44, 0, 0, 0, 8, 64, 108, 442, 402, 0, 0
0, 47, 470, 360, 147, 0, 0, 0, 0, 21, 422, 378, 203, 0, 0, 0, 3, 198, 437, 267, 119, 0, 0, 0
0, 309, 621, 93, 1, 0, 0, 0, 0, 226, 672, 121, 5, 0, 0, 0, 44, 729, 224, 27, 0, 0, 0, 0
2, 501, 502, 19, 0, 0, 0, 0, 1, 433, 552, 38, 0, 0, 0, 0, 145, 765, 114, 0, 0, 0, 0, 0
0, 665, 349, 10, 0, 0, 0, 0, 0, 578, 436, 10, 0, 0, 0, 0, 132, 855, 37, 0, 0, 0, 0, 0
0, 788, 234, 2, 0, 0, 0, 0, 0, 672, 344, 8, 0, 0, 0, 0, 173, 840, 11, 0, 0, 0, 0, 0
0, 771, 253, 0, 0, 0, 0, 0, 0, 509, 504, 11, 0, 0, 0, 0, 226, 792, 6, 0, 0, 0, 0, 0
0, 430, 569, 25, 0, 0, 0, 0, 0, 217, 699, 108, 0, 0, 0, 0, 158, 837, 29, 0, 0, 0, 0, 0
0, 300, 708, 16, 0, 0, 0, 0, 0, 145, 766, 113, 0, 0, 0, 0, 216, 791, 17, 0, 0, 0, 0, 0
1, 109, 313, 489, 112, 0, 0, 0, 0, 50, 344, 467, 163, 0, 0, 0, 86, 519, 410, 9, 0, 0, 0, 0
0, 0, 1, 459, 519, 45, 0, 0, 0, 0, 2, 368, 653, 1, 0, 0, 7, 453, 564, 0, 0, 0, 0, 0
0, 0, 0, 91, 753, 180, 0, 0, 0, 0, 0, 160, 861, 3, 0, 0, 0, 406, 618, 0, 0, 0, 0, 0
0, 0, 0, 0, 0, 0, 612, 412, 0, 0, 0, 0, 0, 0, 0, 1024, 0, 0, 0, 0, 0, 0, 0, 1024
0, 0, 0, 0, 0, 0, 987, 37, 0, 0, 0, 0, 0, 0, 29, 995, 0, 0, 0, 0, 0, 0, 0, 1024
0, 0, 0, 0, 0, 0, 1024, 0, 0, 0, 0, 0, 0, 0, 732, 292, 0, 0, 0, 0, 0, 0, 0, 1024
0, 0, 0, 0, 0, 0, 1024, 0, 0, 0, 0, 0, 0, 0, 1024, 0, 0, 0, 0, 0, 0, 0, 0, 1024
0, 0, 0, 0, 7, 336, 436, 245, 0, 0, 0, 0, 0, 254, 292, 478, 0, 0, 0, 0, 0, 0, 326, 698
0, 0, 0, 0, 2, 345, 637, 40, 0, 0, 0, 0, 0, 294, 175, 555, 0, 0, 0, 0, 0, 0, 322, 702
0, 0, 0, 0, 650, 374, 0, 0, 0, 0, 0, 0, 11, 1013, 0, 0, 0, 0, 0, 0, 0, 83, 941, 0
0, 0, 0, 0, 329, 695, 0, 0, 0, 0, 0, 0, 0, 1024, 0, 0, 0, 0, 0, 0, 0, 3, 1021, 0
0, 0, 0, 0, 263, 745, 16, 0, 0, 0, 0, 0, 0, 759, 265, 0, 0, 0, 0, 0, 0, 0, 884, 140
0, 0, 0, 0, 0, 1021, 3, 0, 0, 0, 0, 0, 0, 5, 1019, 0, 0, 0, 0, 0, 0, 0, 97, 927
0, 0, 0, 0, 0, 1024, 0, 0, 0, 0, 0, 0, 0, 0, 1024, 0, 0, 0, 0, 0, 0, 0, 522, 502
0, 0, 0, 0, 0, 1014, 10, 0, 0, 0, 0, 0, 0, 0, 1024, 0, 0, 0, 0, 0, 0, 0, 251, 773
0, 0, 0, 0, 0, 1023, 1, 0, 0, 0, 0, 0, 0, 169, 855, 0, 0, 0, 0, 0, 0, 0, 857, 167
0, 0, 0, 0, 0, 1024, 0, 0, 0, 0, 0, 0, 0, 977, 47, 0, 0, 0, 0, 0, 0, 0, 1024, 0
0, 0, 42, 68, 195, 719, 0, 0, 0, 0, 19, 74, 72, 858, 1, 0, 0, 0, 38, 56, 56, 365, 509, 0
0, 21, 379, 256, 330, 38, 0, 0, 0, 8, 312, 295, 278, 131, 0, 0, 0, 121, 341, 210, 159, 193, 0, 0
0, 94, 479, 309, 142, 0, 0, 0, 0, 37, 462, 305, 219, 1, 0, 0, 0, 265, 390, 262, 107, 0, 0, 0
1, 292, 582, 147, 2, 0, 0, 0, 0, 196, 602, 219, 7, 0, 0, 0, 12, 570, 377, 65, 0, 0, 0, 0
0, 450, 541, 33, 0, 0, 0, 0, 0, 350, 619, 55, 0, 0, 0, 0, 86, 758, 179, 1, 0, 0, 0, 0
0, 672, 340, 12, 0, 0, 0, 0, 0, 555, 434, 35, 0, 0, 0, 0, 114, 835, 75, 0, 0, 0, 0, 0
5, 694, 299, 26, 0, 0, 0, 0, 2, 633, 337, 52, 0, 0, 0, 0, 323, 654, 47, 0, 0, 0, 0, 0
1, 532, 426, 65, 0, 0, 0, 0, 0, 465, 428, 131, 0, 0, 0, 0, 341, 617, 66, 0, 0, 0, 0, 0
0, 193, 817, 14, 0, 0, 0, 0, 0, 75, 813, 136, 0, 0, 0, 0, 117, 882, 25, 0, 0, 0, 0, 0
0, 322, 690, 12, 0, 0, 0, 0, 0, 173, 784, 67, 0, 0, 0, 0, 196, 812, 16, 0, 0, 0, 0, 0
1, 168, 287, 387, 175, 6, 0, 0, 1, 116, 326, 345, 236, 0, 0, 0, 148, 442, 433, 1, 0, 0, 0, 0
0, 0, 1, 356, 583, 84, 0, 0, 0, 0, 1, 348, 675, 0, 0, 0, 0, 437, 587, 0, 0, 0, 0, 0
0, 0, 0, 8, 613, 403, 0, 0, 0, 0, 0, 62, 947, 15, 0, 0, 0, 396, 628, 0, 0, 0, 0, 0
0, 0, 0, 0, 0, 0, 928, 96, 0, 0, 0, 0, 0, 0, 0, 1024, 0, 0, 0, 0, 0, 0, 0, 1024
0, 0, 0, 0, 0, 0, 1017, 7, 0, 0, 0, 0, 0, 0, 11, 1013, 0, 0, 0, 0, 0, 0, 0, 1024
0, 0, 0, 0, 0, 0, 1024, 0, 0, 0, 0, 0, 0, 0, 713, 311, 0, 0, 0, 0, 0, 0, 0, 1024
0, 0, 0, 0, 0, 0, 1024, 0, 0, 0, 0, 0, 0, 0, 1024, 0, 0, 0, 0, 0, 0, 0, 0, 1024
0, 0, 0, 0, 22, 597, 373, 32, 0, 0, 0, 0, 0, 527, 427, 70, 0, 0, 0, 0, 0, 0, 600, 424
0, 0, 0, 0, 74, 593, 304, 53, 0, 0, 0, 0, 0, 596, 163, 265, 0, 0, 0, 0, 0, 0, 636, 388
0, 0, 0, 0, 242, 757, 25, 0, 0, 0, 0, 0, 0, 975, 43, 6, 0, 0, 0, 0, 0, 0, 985, 39
0, 0, 0, 0, 298, 726, 0, 0, 0, 0, 0, 0, 0, 1024, 0, 0, 0, 0, 0, 0, 0, 0, 1024, 0
0, 0, 0, 0, 206, 811, 7, 0, 0, 0, 0, 0, 0, 659, 365, 0, 0, 0, 0, 0, 0, 0, 759, 265
0, 0, 0, 0, 0, 760, 264, 0, 0, 0, 0, 0, 0, 0, 1024, 0, 0, 0, 0, 0, 0, 0, 0, 1024
0, 0, 0, 0, 0, 1021, 3, 0, 0, 0, 0, 0, 0, 0, 1024, 0, 0, 0, 0, 0, 0, 0, 466, 558
0, 0, 0, 0, 0, 1022, 2, 0, 0, 0, 0, 0, 0, 7, 1017, 0, 0, 0, 0, 0, 0, 0, 335, 689
0, 0, 0, 0, 0, 1024, 0, 0, 0, 0, 0, 0, 0, 29, 995, 0, 0, 0, 0, 0, 0, 0, 705, 319
0, 0, 0, 0, 0, 1024, 0, 0, 0, 0, 0, 0, 0, 880, 144, 0, 0, 0, 0, 0, 0, 0, 1024, 0
0, 0, 0, 1, 53, 970, 0, 0, 0, 0, 0, 0, 7, 1017, 0, 0, 0, 0, 0, 0, 5, 187, 832, 0
0, 9, 95, 90, 664, 166, 0, 0, 0, 3, 79, 90, 328, 524, 0, 0, 0, 14, 78, 81, 111, 717, 23, 0
0, 36, 209, 401, 378, 0, 0, 0, 0, 10, 178, 297, 535, 4, 0, 0, 0, 68, 189, 334, 410, 23, 0, 0
0, 109, 470, 441, 4, 0, 0, 0, 0, 56, 391, 529, 48, 0, 0, 0, 11, 225, 457, 328, 3, 0, 0, 0
0, 178, 701, 145, 0, 0, 0, 0, 0, 86, 684, 254, 0, 0, 0, 0, 7, 545, 410, 62, 0, 0, 0, 0
0, 458, 548, 18, 0, 0, 0, 0, 0, 300, 680, 44, 0, 0, 0, 0, 114, 822, 88, 0, 0, 0, 0, 0
0, 220, 681, 123, 0, 0, 0, 0, 0, 128, 559, 335, 2, 0, 0, 0, 99, 786, 139, 0, 0, 0, 0, 0
0, 538, 472, 14, 0, 0, 0, 0, 0, 350, 624, 50, 0, 0, 0, 0, 246, 747, 31, 0, 0, 0, 0, 0
1, 529, 492, 2, 0, 0, 0, 0, 0, 397, 595, 32, 0, 0, 0, 0, 346, 674, 4, 0, 0, 0, 0, 0
1, 532, 487, 4, 0, 0, 0, 0, 3, 388, 613, 20, 0, 0, 0, 0, 416, 603, 5, 0, 0, 0, 0, 0
2, 174, 370, 164, 294, 20, 0, 0, 2, 100, 405, 192, 325, 0, 0, 0, 164, 488, 372, 0, 0, 0, 0, 0
0, 0, 0, 328, 684, 12, 0, 0, 0, 0, 0, 382, 640, 2, 0, 0, 0, 435, 589, 0, 0, 0, 0, 0
0, 0, 1, 118, 566, 339, 0, 0, 0, 0, 0, 206, 818, 0, 0, 0, 0, 393, 631, 0, 0, 0, 0, 0
0, 0, 0, 0, 0, 0, 987, 37, 0, 0, 0, 0, 0, 0, 0, 1024, 0, 0, 0, 0, 0, 0, 0, 1024
0, 0, 0, 0, 0, 0, 1024, 0, 0, 0, 0, 0, 0, 0, 145, 879, 0, 0, 0, 0, 0, 0, 0, 1024
0, 0, 0, 0, 0, 0, 1024, 0, 0, 0, 0, 0, 0, 0, 864, 160, 0, 0, 0, 0, 0, 0, 0, 1024
0, 0, 0, 0, 0, 0, 1024, 0, 0, 0, 0, 0, 0, 0, 1006, 18, 0, 0, 0, 0, 0, 0, 0, 1024
0, 0, 0, 0, 125, 405, 494, 0, 0, 0, 0, 0, 0, 499, 504, 21, 0, 0, 0, 0, 0, 0, 519, 505
0, 0, 0, 0, 256, 296, 324, 148, 0, 0, 0, 0, 3, 523, 79, 419, 0, 0, 0, 0, 0, 2, 547, 475
0, 0, 0, 0, 257, 751, 15, 1, 0, 0, 0, 0, 0, 1006, 9, 9, 0, 0, 0, 0, 0, 0, 1006, 18
0, 0, 0, 0, 472, 552, 0, 0, 0, 0, 0, 0, 52, 972, 0, 0, 0, 0, 0, 0, 0, 142, 882, 0
0, 0, 0, 0, 345, 670, 9, 0, 0, 0, 0, 0, 160, 484, 380, 0, 0, 0, 0, 0, 0, 231, 604, 189
0, 0, 0, 0, 0, 975, 49, 0, 0, 0, 0, 0, 0, 0, 1024, 0, 0, 0, 0, 0, 0, 0, 31, 993
0, 0, 0, 0, 0, 1018, 6, 0, 0, 0, 0, 0, 0, 0, 1024, 0, 0, 0, 0, 0, 0, 0, 365, 659
0, 0, 0, 0, 0, 1015, 9, 0, 0, 0, 0, 0, 0, 4, 1020, 0, 0, 0, 0, 0, 0, 0, 459, 565
0, 0, 0, 0, 0, 1024, 0, 0, 0, 0, 0, 0, 0, 19, 1005, 0, 0, 0, 0, 0, 0, 0, 748, 276
0, 0, 0, 0, 0, 1024, 0, 0, 0, 0, 0, 0, 0, 572, 452, 0, 0, 0, 0, 0, 0, 0, 1015, 9
0, 0, 0, 0, 0, 1024, 0, 0, 0, 0, 0, 0, 0, 1024, 0, 0, 0, 0, 0, 0, 0, 0, 1024, 0
0, 0, 0, 2, 665, 357, 0, 0, 0, 0, 0, 0, 257, 767, 0, 0, 0, 0, 0, 0, 15, 878, 131, 0
0, 0, 1, 123, 900, 0, 0, 0, 0, 0, 1, 48, 970, 5, 0, 0, 0, 0, 3, 41, 726, 254, 0, 0
0, 19, 214, 689, 102, 0, 0, 0, 0, 10, 196, 504, 314, 0, 0, 0, 2, 115, 206, 569, 132, 0, 0, 0
0, 135, 724, 160, 5, 0, 0, 0, 0, 78, 733, 208, 5, 0, 0, 0, 7, 579, 376, 62, 0, 0, 0, 0
0, 271, 691, 46, 15, 1, 0, 0, 0, 202, 746, 61, 15, 0, 0, 0, 36, 842, 130, 15, 1, 0, 0, 0
1, 430, 549, 44, 0, 0, 0, 0, 0, 293, 552, 179, 0, 0, 0, 0, 131, 796, 97, 0, 0, 0, 0, 0
0, 426, 581, 17, 0, 0, 0, 0, 0, 212, 710, 102, 0, 0, 0, 0, 122, 856, 46, 0, 0, 0, 0, 0
1, 575, 446, 2, 0, 0, 0, 0, 0, 363, 651, 10, 0, 0, 0, 0, 232, 786, 6, 0, 0, 0, 0, 0
11, 797, 216, 0, 0, 0, 0, 0, 5, 691, 325, 3, 0, 0, 0, 0, 575, 449, 0, 0, 0, 0, 0, 0
0, 296, 342, 55, 209, 122, 0, 0, 0, 152, 465, 89, 302, 16, 0, 0, 185, 512, 326, 1, 0, 0, 0, 0
0, 0, 12, 355, 564, 93, 0, 0, 0, 0, 11, 327, 684, 2, 0, 0, 7, 409, 608, 0, 0, 0, 0, 0
0, 0, 0, 240, 346, 438, 0, 0, 0, 0, 0, 194, 804, 26, 0, 0, 0, 380, 644, 0, 0, 0, 0, 0
0, 0, 0, 0, 0, 0, 1009, 15, 0, 0, 0, 0, 0, 0, 2, 1022, 0, 0, 0, 0, 0, 0, 0, 1024
0, 0, 0, 0, 0, 0, 1024, 0, 0, 0, 0, 0, 0, 0, 208, 816, 0, 0, 0, 0, 0, 0, 0, 1024
0, 0, 0, 0, 0, 0, 1024, 0, 0, 0, 0, 0, 0, 0, 949, 75, 0, 0, 0, 0, 0, 0, 0, 1024
0, 0, 0, 0, 0, 0, 1024, 0, 0, 0, 0, 0, 0, 0, 1004, 20, 0, 0, 0, 0, 0, 0, 0, 1024
0, 0, 0, 0, 41, 286, 697, 0, 0, 0, 0, 0, 0, 254, 731, 39, 0, 0, 0, 0, 0, 0, 305, 719
0, 0, 0, 0, 394, 432, 148, 50, 0, 0, 0, 0, 18, 776, 117, 113, 0, 0, 0, 0, 0, 23, 779, 222
0, 0, 0, 0, 402, 609, 13, 0, 0, 0, 0, 0, 29, 968, 26, 1, 0, 0, 0, 0, 0, 52, 948, 24
0, 0, 0, 0, 363, 513, 148, 0, 0, 0, 0, 0, 2, 705, 317, 0, 0, 0, 0, 0, 0, 7, 748, 269
0, 0, 0, 0, 0, 848, 176, 0, 0, 0, 0, 0, 0, 19, 1005, 0, 0, 0, 0, 0, 0, 0, 69, 955
0, 0, 0, 0, 0, 931, 93, 0, 0, 0, 0, 0, 0, 0, 1024, 0, 0, 0, 0, 0, 0, 0, 17, 1007
0, 0, 0, 0, 0, 1023, 1, 0, 0, 0, 0, 0, 0, 3, 1021, 0, 0, 0, 0, 0, 0, 0, 807, 217
0, 0, 0, 0, 0, 1024, 0, 0, 0, 0, 0, 0, 0, 20, 1004, 0, 0, 0, 0, 0, 0, 0, 819, 205
0, 0, 0, 0, 0, 1024, 0, 0, 0, 0, 0, 0, 0, 0, 1024, 0, 0, 0, 0, 0, 0, 0, 680, 344
0, 0, 0, 0, 0, 1024, 0, 0, 0, 0, 0, 0, 0, 251, 773, 0, 0, 0, 0, 0, 0, 0, 949, 75
0, 0, 0, 0, 0, 1024, 0, 0, 0, 0, 0, 0, 0, 1024, 0, 0, 0, 0, 0, 0, 0, 0, 1024, 0
0, 0, 0, 0, 453, 571, 0, 0, 0, 0, 0, 0, 7, 1017, 0, 0, 0, 0, 0, 0, 0, 802, 222, 0
0, 0, 0, 2, 1022, 0, 0, 0, 0, 0, 0, 1, 891, 132, 0, 0, 0, 0, 0, 0, 156, 868, 0, 0
0, 14, 176, 455, 379, 0, 0, 0, 0, 1, 98, 301, 624, 0, 0, 0, 0, 13, 178, 361, 468, 4, 0, 0
0, 208, 579, 219, 18, 0, 0, 0, 0, 45, 639, 274, 66, 0, 0, 0, 1, 394, 431, 189, 9, 0, 0, 0
0, 545, 478, 1, 0, 0, 0, 0, 0, 246, 756, 22, 0, 0, 0, 0, 18, 905, 101, 0, 0, 0, 0, 0
0, 456, 565, 3, 0, 0, 0, 0, 0, 260, 742, 22, 0, 0, 0, 0, 65, 896, 63, 0, 0, 0, 0, 0
0, 520, 501, 3, 0, 0, 0, 0, 0, 334, 671, 19, 0, 0, 0, 0, 96, 918, 10, 0, 0, 0, 0, 0
0, 821, 203, 0, 0, 0, 0, 0, 0, 732, 291, 1, 0, 0, 0, 0, 413, 607, 4, 0, 0, 0, 0, 0
5, 833, 186, 0, 0, 0, 0, 0, 2, 758, 263, 1, 0, 0, 0, 0, 551, 472, 1, 0, 0, 0, 0, 0
9, 530, 99, 45, 230, 111, 0, 0, 73, 433, 130, 58, 329, 1, 0, 0, 455, 206, 353, 10, 0, 0, 0, 0
0, 0, 1, 181, 649, 193, 0, 0, 0, 0, 1, 231, 790, 2, 0, 0, 1, 323, 700, 0, 0, 0, 0, 0
0, 0, 5, 241, 437, 341, 0, 0, 0, 0, 3, 230, 765, 26, 0, 0, 2, 370, 652, 0, 0, 0, 0, 0
0, 0, 0, 0, 0, 0, 1011, 13, 0, 0, 0, 0, 0, 0, 2, 1022, 0, 0, 0, 0, 0, 0, 0, 1024
0, 0, 0, 0, 0, 0, 1024, 0, 0, 0, 0, 0, 0, 0, 159, 865, 0, 0, 0, 0, 0, 0, 0, 1024
0, 0, 0, 0, 0, 0, 1024, 0, 0, 0, 0, 0, 0, 0, 834, 190, 0, 0, 0, 0, 0, 0, 0, 1024
0, 0, 0, 0, 0, 0, 1024, 0, 0, 0, 0, 0, 0, 0, 886, 138, 0, 0, 0, 0, 0, 0, 0, 1024
0, 0, 0, 0, 0, 25, 913, 86, 0, 0, 0, 0, 0, 11, 864, 149, 0, 0, 0, 0, 0, 0, 21, 1003
0, 0, 0, 0, 701, 159, 92, 72, 0, 0, 0, 0, 17, 796, 87, 124, 0, 0, 0, 0, 0, 52, 795, 177
0, 0, 0, 0, 925, 92, 5, 2, 0, 0, 0, 0, 67, 946, 9, 2, 0, 0, 0, 0, 0, 153, 861, 10
0, 0, 0, 0, 198, 613, 213, 0, 0, 0, 0, 0, 24, 377, 623, 0, 0, 0, 0, 0, 0, 25, 465, 534
0, 0, 0, 0, 0, 351, 673, 0, 0, 0, 0, 0, 0, 0, 1024, 0, 0, 0, 0, 0, 0, 0, 0, 1024
0, 0, 0, 0, 0, 977, 47, 0, 0, 0, 0, 0, 0, 0, 1024, 0, 0, 0, 0, 0, 0, 0, 39, 985
0, 0, 0, 0, 0, 1020, 4, 0, 0, 0, 0, 0, 0, 2, 1022, 0, 0, 0, 0, 0, 0, 0, 532, 492
0, 0, 0, 0, 0, 1016, 8, 0, 0, 0, 0, 0, 0, 12, 1012, 0, 0, 0, 0, 0, 0, 0, 399, 625
0, 0, 0, 0, 0, 1016, 8, 0, 0, 0, 0, 0, 0, 1, 1023, 0, 0, 0, 0, 0, 0, 0, 118, 906
0, 0, 0, 0, 0, 1021, 3, 0, 0, 0, 0, 0, 0, 45, 979, 0, 0, 0, 0, 0, 0, 0, 440, 584
0, 0, 0, 0, 0, 1024, 0, 0, 0, 0, 0, 0, 0, 888, 136, 0, 0, 0, 0, 0, 0, 3, 1021, 0
0, 0, 0, 0, 404, 620, 0, 0, 0, 0, 0, 0, 5, 1019, 0, 0, 0, 0, 0, 0, 0, 735, 289, 0
0, 0, 0, 0, 1024, 0, 0, 0, 0, 0, 0, 0, 835, 189, 0, 0, 0, 0, 0, 0, 143, 881, 0, 0
0, 0, 13, 143, 868, 0, 0, 0, 0, 0, 6, 27, 991, 0, 0, 0, 0, 0, 10, 46, 947, 21, 0, 0
1, 103, 337, 510, 73, 0, 0, 0, 0, 39, 326, 400, 259, 0, 0, 0, 7, 166, 293, 431, 127, 0, 0, 0
4, 743, 233, 44, 0, 0, 0, 0, 1, 612, 337, 74, 0, 0, 0, 0, 220, 680, 101, 23, 0, 0, 0, 0
5, 505, 508, 6, 0, 0, 0, 0, 1, 344, 632, 47, 0, 0, 0, 0, 142, 810, 72, 0, 0, 0, 0, 0
0, 723, 298, 3, 0, 0, 0, 0, 0, 658, 354, 12, 0, 0, 0, 0, 348, 657, 19, 0, 0, 0, 0, 0
7, 952, 65, 0, 0, 0, 0, 0, 10, 936, 78, 0, 0, 0, 0, 0, 801, 216, 7, 0, 0, 0, 0, 0
20, 918, 80, 6, 0, 0, 0, 0, 35, 886, 88, 15, 0, 0, 0, 0, 837, 179, 8, 0, 0, 0, 0, 0
20, 377, 193, 121, 301, 12, 0, 0, 58, 294, 210, 121, 333, 8, 0, 0, 360, 299, 355, 10, 0, 0, 0, 0
0, 0, 7, 321, 505, 191, 0, 0, 0, 0, 6, 314, 697, 7, 0, 0, 2, 392, 630, 0, 0, 0, 0, 0
0, 0, 6, 162, 449, 407, 0, 0, 0, 0, 5, 110, 882, 27, 0, 0, 5, 249, 770, 0, 0, 0, 0, 0
0, 0, 0, 0, 0, 0, 1016, 8, 0, 0, 0, 0, 0, 0, 1, 1023, 0, 0, 0, 0, 0, 0, 0, 1024
0, 0, 0, 0, 0, 0, 1024, 0, 0, 0, 0, 0, 0, 0, 31, 993, 0, 0, 0, 0, 0, 0, 0, 1024
0, 0, 0, 0, 0, 0, 1024, 0, 0, 0, 0, 0, 0, 0, 457, 567, 0, 0, 0, 0, 0, 0, 0, 1024
0, 0, 0, 0, 0, 0, 1024, 0, 0, 0, 0, 0, 0, 0, 755, 269, 0, 0, 0, 0, 0, 0, 0, 1024
0, 0, 0, 0, 0, 62, 945, 17, 0, 0, 0, 0, 0, 42, 920, 62, 0, 0, 0, 0, 0, 0, 57, 967
0, 0, 0, 0, 633, 231, 90, 70, 0, 0, 0, 0, 2, 823, 76, 123, 0, 0, 0, 0, 0, 28, 824, 172
0, 0, 0, 0, 894, 130, 0, 0, 0, 0, 0, 0, 49, 954, 21, 0, 0, 0, 0, 0, 0, 225, 796, 3
0, 0, 0, 0, 2, 747, 275, 0, 0, 0, 0, 0, 0, 103, 921, 0, 0, 0, 0, 0, 0, 0, 211, 813
0, 0, 0, 0, 0, 880, 144, 0, 0, 0, 0, 0, 0, 0, 1024, 0, 0, 0, 0, 0, 0, 0, 1, 1023
0, 0, 0, 0, 0, 965, 59, 0, 0, 0, 0, 0, 0, 0, 1024, 0, 0, 0, 0, 0, 0, 0, 20, 1004
0, 0, 0, 0, 0, 922, 102, 0, 0, 0, 0, 0, 0, 0, 1024, 0, 0, 0, 0, 0, 0, 0, 76, 948
0, 0, 0, 0, 0, 1019, 5, 0, 0, 0, 0, 0, 0, 0, 1024, 0, 0, 0, 0, 0, 0, 0, 64, 960
0, 0, 0, 0, 0, 1001, 23, 0, 0, 0, 0, 0, 0, 0, 1024, 0, 0, 0, 0, 0, 0, 0, 1, 1023
0, 0, 0, 0, 0, 1020, 4, 0, 0, 0, 0, 0, 0, 7, 1017, 0, 0, 0, 0, 0, 0, 0, 351, 673
0, 0, 0, 0, 0, 1024, 0, 0, 0, 0, 0, 0, 0, 722, 302, 0, 0, 0, 0, 0, 0, 0, 1023, 1
0, 0, 0, 0, 319, 705, 0, 0, 0, 0, 0, 0, 34, 989, 1, 0, 0, 0, 0, 0, 0, 444, 580, 0
0, 0, 0, 24, 993, 7, 0, 0, 0, 0, 0, 12, 900, 112, 0, 0, 0, 0, 0, 12, 377, 634, 1, 0
0, 0, 24, 553, 447, 0, 0, 0, 0, 0, 16, 248, 760, 0, 0, 0, 0, 1, 32, 361, 630, 0, 0, 0
0, 25, 167, 803, 29, 0, 0, 0, 0, 13, 114, 736, 161, 0, 0, 0, 1, 56, 225, 715, 27, 0, 0, 0
1, 277, 604, 133, 9, 0, 0, 0, 0, 135, 639, 238, 12, 0, 0, 0, 38, 591, 352, 43, 0, 0, 0, 0
0, 942, 82, 0, 0, 0, 0, 0, 0, 818, 205, 1, 0, 0, 0, 0, 421, 594, 9, 0, 0, 0, 0, 0
3, 808, 212, 1, 0, 0, 0, 0, 1, 712, 298, 13, 0, 0, 0, 0, 573, 437, 14, 0, 0, 0, 0, 0
6, 772, 246, 0, 0, 0, 0, 0, 4, 701, 298, 21, 0, 0, 0, 0, 484, 526, 14, 0, 0, 0, 0, 0
14, 654, 308, 48, 0, 0, 0, 0, 10, 581, 302, 131, 0, 0, 0, 0, 531, 481, 12, 0, 0, 0, 0, 0
4, 259, 266, 99, 394, 2, 0, 0, 0, 182, 321, 116, 403, 2, 0, 0, 258, 349, 412, 5, 0, 0, 0, 0
0, 0, 32, 261, 387, 344, 0, 0, 0, 0, 41, 263, 697, 23, 0, 0, 17, 313, 694, 0, 0, 0, 0, 0
0, 0, 0, 154, 562, 308, 0, 0, 0, 0, 0, 107, 886, 31, 0, 0, 0, 285, 739, 0, 0, 0, 0, 0
0, 0, 0, 0, 0, 0, 762, 262, 0, 0, 0, 0, 0, 0, 0, 1024, 0, 0, 0, 0, 0, 0, 0, 1024
0, 0, 0, 0, 0, 0, 1024, 0, 0, 0, 0, 0, 0, 0, 5, 1019, 0, 0, 0, 0, 0, 0, 0, 1024
0, 0, 0, 0, 0, 0, 1024, 0, 0, 0, 0, 0, 0, 0, 49, 975, 0, 0, 0, 0, 0, 0, 0, 1024
0, 0, 0, 0, 0, 0, 1024, 0, 0, 0, 0, 0, 0, 0, 675, 349, 0, 0, 0, 0, 0, 0, 0, 1024
0, 0, 0, 0, 0, 16, 1008, 0, 0, 0, 0, 0, 0, 4, 941, 79, 0, 0, 0, 0, 0, 0, 11, 1013
0, 0, 0, 0, 526, 404, 81, 13, 0, 0, 0, 0, 3, 869, 119, 33, 0, 0, 0, 0, 0, 32, 873, 119
0, 0, 0, 0, 512, 512, 0, 0, 0, 0, 0, 0, 35, 983, 6, 0, 0, 0, 0, 0, 0, 88, 936, 0
0, 0, 0, 0, 0, 1006, 18, 0, 0, 0, 0, 0, 0, 181, 843, 0, 0, 0, 0, 0, 0, 0, 529, 495
0, 0, 0, 0, 0, 993, 31, 0, 0, 0, 0, 0, 0, 22, 1002, 0, 0, 0, 0, 0, 0, 0, 323, 701
0, 0, 0, 0, 0, 538, 486, 0, 0, 0, 0, 0, 0, 0, 1024, 0, 0, 0, 0, 0, 0, 0, 0, 1024
0, 0, 0, 0, 0, 876, 148, 0, 0, 0, 0, 0, 0, 0, 1024, 0, 0, 0, 0, 0, 0, 0, 41, 983
0, 0, 0, 0, 0, 997, 27, 0, 0, 0, 0, 0, 0, 0, 1024, 0, 0, 0, 0, 0, 0, 0, 175, 849
0, 0, 0, 0, 0, 819, 205, 0, 0, 0, 0, 0, 0, 0, 1024, 0, 0, 0, 0, 0, 0, 0, 0, 1024
0, 0, 28, 58, 69, 848, 21, 0, 0, 0, 17, 54, 65, 76, 812, 0, 0, 0, 15, 44, 56, 60, 376, 473
0, 25, 105, 82, 102, 698, 12, 0, 0, 3, 91, 94, 87, 509, 240, 0, 0, 18, 77, 76, 78, 97, 675, 3
0, 171, 191, 116, 129, 414, 3, 0, 0, 109, 217, 115, 109, 445, 29, 0, 12, 206, 121, 102, 90, 135, 358, 0
5, 271, 193, 147, 335, 73, 0, 0, 0, 237, 208, 138, 260, 180, 1, 0, 30, 292, 162, 132, 189, 211, 8, 0
4, 255, 184, 139, 440, 2, 0, 0, 2, 210, 206, 108, 490, 8, 0, 0, 76, 277, 107, 88, 411, 65, 0, 0
11, 491, 378, 126, 18, 0, 0, 0, 10, 413, 409, 144, 48, 0, 0, 0, 170, 536, 230, 75, 13, 0, 0, 0
13, 705, 301, 5, 0, 0, 0, 0, 17, 640, 355, 12, 0, 0, 0, 0, 399, 586, 39, 0, 0, 0, 0, 0
4, 886, 133, 1, 0, 0, 0, 0, 4, 788, 228, 4, 0, 0, 0, 0, 415, 600, 9, 0, 0, 0, 0, 0
5, 713, 302, 4, 0, 0, 0, 0, 1, 596, 390, 37, 0, 0, 0, 0, 474, 529, 21, 0, 0, 0, 0, 0
18, 697, 305, 4, 0, 0, 0, 0, 6, 571, 405, 42, 0, 0, 0, 0, 536, 475, 13, 0, 0, 0, 0, 0
10, 94, 512, 407, 1, 0, 0, 0, 3, 72, 305, 598, 46, 0, 0, 0, 169, 801, 54, 0, 0, 0, 0, 0
0, 3, 255, 632, 132, 2, 0, 0, 0, 0, 102, 720, 200, 2, 0, 0, 35, 784, 203, 2, 0, 0, 0, 0
0, 0, 13, 417, 263, 331, 0, 0, 0, 0, 10, 415, 596, 3, 0, 0, 4, 466, 554, 0, 0, 0, 0, 0
0, 0, 1, 59, 714, 250, 0, 0, 0, 0, 0, 39, 963, 22, 0, 0, 0, 162, 862, 0, 0, 0, 0, 0
0, 0, 0, 0, 0, 0, 565, 459, 0, 0, 0, 0, 0, 0, 0, 1024, 0, 0, 0, 0, 0, 0, 0, 1024
0, 0, 0, 0, 0, 0, 1023, 1, 0, 0, 0, 0, 0, 0, 2, 1022, 0, 0, 0, 0, 0, 0, 0, 1024
0, 0, 0, 0, 0, 0, 1024, 0, 0, 0, 0, 0, 0, 0, 10, 1014, 0, 0, 0, 0, 0, 0, 0, 1024
0, 0, 0, 0, 0, 0, 1024, 0, 0, 0, 0, 0, 0, 0, 579, 445, 0, 0, 0, 0, 0, 0, 0, 1024
0, 0, 0, 0, 0, 0, 1024, 0, 0, 0, 0, 0, 0, 0, 902, 122, 0, 0, 0, 0, 0, 0, 0, 1024
0, 0, 0, 0, 280, 571, 173, 0, 0, 0, 0, 0, 1, 824, 99, 100, 0, 0, 0, 0, 0, 13, 821, 190
0, 0, 0, 0, 143, 874, 7, 0, 0, 0, 0, 0, 3, 778, 240, 3, 0, 0, 0, 0, 0, 12, 978, 34
0, 0, 0, 0, 244, 780, 0, 0, 0, 0, 0, 0, 3, 881, 140, 0, 0, 0, 0, 0, 0, 57, 967, 0
0, 0, 0, 0, 0, 1024, 0, 0, 0, 0, 0, 0, 0, 535, 489, 0, 0, 0, 0, 0, 0, 0, 905, 119
0, 0, 0, 0, 0, 676, 348, 0, 0, 0, 0, 0, 0, 1, 1023, 0, 0, 0, 0, 0, 0, 0, 178, 846
0, 0, 0, 0, 0, 362, 662, 0, 0, 0, 0, 0, 0, 0, 1024, 0, 0, 0, 0, 0, 0, 0, 0, 1024
0, 0, 0, 0, 0, 802, 222, 0, 0, 0, 0, 0, 0, 0, 1024, 0, 0, 0, 0, 0, 0, 0, 2, 1022
0, 0, 0, 0, 0, 821, 203, 0, 0, 0, 0, 0, 0, 0, 1024, 0, 0, 0, 0, 0, 0, 0, 9, 1015
0, 1, 19, 70, 94, 828, 12, 0, 0, 1, 11, 53, 85, 294, 580, 0, 0, 1, 11, 36, 66, 87, 642, 181
0, 189, 294, 154, 128, 255, 4, 0, 0, 102, 317, 179, 119, 255, 52, 0, 7, 226, 238, 149, 101, 135, 168, 0
0, 319, 397, 182, 83, 42, 1, 0, 0, 248, 415, 209, 99, 49, 4, 0, 32, 483, 303, 121, 50, 25, 10, 0
1, 474, 346, 127, 55, 21, 0, 0, 1, 367, 410, 150, 65, 30, 1, 0, 64, 610, 196, 103, 44, 7, 0, 0
10, 765, 191, 47, 11, 0, 0, 0, 10, 726, 219, 56, 13, 0, 0, 0, 282, 635, 74, 29, 4, 0, 0, 0
4, 794, 186, 37, 3, 0, 0, 0, 1, 760, 217, 40, 6, 0, 0, 0, 418, 542, 52, 12, 0, 0, 0, 0
9, 933, 82, 0, 0, 0, 0, 0, 20, 899, 105, 0, 0, 0, 0, 0, 644, 374, 6, 0, 0, 0, 0, 0
9, 796, 218, 1, 0, 0, 0, 0, 8, 725, 255, 36, 0, 0, 0, 0, 492, 519, 13, 0, 0, 0, 0, 0
6, 838, 179, 1, 0, 0, 0, 0, 1, 644, 370, 9, 0, 0, 0, 0, 447, 573, 4, 0, 0, 0, 0, 0
35, 498, 337, 154, 0, 0, 0, 0, 12, 445, 332, 222, 13, 0, 0, 0, 453, 509, 62, 0, 0, 0, 0, 0
0, 27, 349, 646, 2, 0, 0, 0, 0, 8, 139, 805, 72, 0, 0, 0, 71, 901, 51, 1, 0, 0, 0, 0
0, 35, 573, 414, 2, 0, 0, 0, 0, 31, 356, 611, 26, 0, 0, 0, 148, 838, 38, 0, 0, 0, 0, 0
0, 0, 31, 297, 471, 225, 0, 0, 0, 0, 13, 299, 709, 3, 0, 0, 3, 405, 615, 1, 0, 0, 0, 0
0, 0, 4, 68, 603, 349, 0, 0, 0, 0, 4, 54, 958, 8, 0, 0, 3, 135, 886, 0, 0, 0, 0, 0
0, 0, 0, 0, 0, 0, 802, 222, 0, 0, 0, 0, 0, 0, 0, 1024, 0, 0, 0, 0, 0, 0, 0, 1024
0, 0, 0, 0, 0, 0, 1015, 9, 0, 0, 0, 0, 0, 0, 0, 1024, 0, 0, 0, 0, 0, 0, 0, 1024
0, 0, 0, 0, 0, 0, 1024, 0, 0, 0, 0, 0, 0, 0, 19, 1005, 0, 0, 0, 0, 0, 0, 0, 1024
0, 0, 0, 0, 0, 0, 1024, 0, 0, 0, 0, 0, 0, 0, 582, 442, 0, 0, 0, 0, 0, 0, 0, 1024
0, 0, 0, 0, 0, 0, 1024, 0, 0, 0, 0, 0, 0, 0, 936, 88, 0, 0, 0, 0, 0, 0, 0, 1024
0, 0, 0, 0, 2, 603, 417, 2, 0, 0, 0, 0, 0, 287, 585, 152, 0, 0, 0, 0, 0, 0, 408, 616
0, 0, 0, 0, 35, 989, 0, 0, 0, 0, 0, 0, 0, 671, 353, 0, 0, 0, 0, 0, 0, 1, 906, 117
0, 0, 0, 0, 719, 305, 0, 0, 0, 0, 0, 0, 27, 997, 0, 0, 0, 0, 0, 0, 0, 226, 798, 0
0, 0, 0, 0, 154, 870, 0, 0, 0, 0, 0, 0, 0, 1022, 2, 0, 0, 0, 0, 0, 0, 38, 986, 0
0, 0, 0, 0, 0, 521, 503, 0, 0, 0, 0, 0, 0, 139, 885, 0, 0, 0, 0, 0, 0, 0, 290, 734
0, 0, 0, 0, 0, 277, 747, 0, 0, 0, 0, 0, 0, 0, 1024, 0, 0, 0, 0, 0, 0, 0, 0, 1024
0, 0, 0, 0, 0, 937, 87, 0, 0, 0, 0, 0, 0, 0, 1024, 0, 0, 0, 0, 0, 0, 0, 0, 1024
0, 0, 0, 0, 0, 968, 56, 0, 0, 0, 0, 0, 0, 15, 1009, 0, 0, 0, 0, 0, 0, 0, 238, 786
0, 0, 0, 2, 6, 1016, 0, 0, 0, 0, 0, 0, 6, 816, 202, 0, 0, 0, 0, 0, 4, 8, 1004, 8
0, 37, 96, 120, 139, 631, 1, 0, 0, 12, 101, 113, 124, 658, 16, 0, 0, 19, 94, 103, 105, 155, 548, 0
2, 109, 399, 261, 174, 78, 1, 0, 0, 61, 349, 303, 186, 119, 6, 0, 6, 162, 361, 254, 147, 90, 4, 0
0, 343, 480, 137, 54, 10, 0, 0, 0, 226, 528, 177, 75, 18, 0, 0, 87, 520, 262, 107, 42, 6, 0, 0
1, 508, 361, 83, 67, 4, 0, 0, 1, 408, 438, 95, 62, 20, 0, 0, 130, 627, 144, 64, 40, 19, 0, 0
4, 702, 252, 62, 4, 0, 0, 0, 2, 634, 306, 63, 19, 0, 0, 0, 322, 574, 89, 36, 3, 0, 0, 0
4, 859, 150, 11, 0, 0, 0, 0, 19, 843, 147, 15, 0, 0, 0, 0, 605, 370, 49, 0, 0, 0, 0, 0
1, 927, 96, 0, 0, 0, 0, 0, 9, 899, 114, 2, 0, 0, 0, 0, 664, 354, 6, 0, 0, 0, 0, 0
7, 782, 235, 0, 0, 0, 0, 0, 4, 660, 359, 1, 0, 0, 0, 0, 460, 559, 5, 0, 0, 0, 0, 0
3, 152, 417, 452, 0, 0, 0, 0, 0, 117, 257, 605, 45, 0, 0, 0, 156, 796, 72, 0, 0, 0, 0, 0
0, 0, 298, 725, 1, 0, 0, 0, 0, 0, 72, 869, 83, 0, 0, 0, 32, 907, 85, 0, 0, 0, 0, 0
0, 13, 382, 537, 92, 0, 0, 0, 0, 9, 246, 654, 115, 0, 0, 0, 126, 779, 119, 0, 0, 0, 0, 0
0, 0, 8, 296, 464, 256, 0, 0, 0, 0, 5, 271, 748, 0, 0, 0, 4, 330, 690, 0, 0, 0, 0, 0
0, 0, 0, 174, 515, 335, 0, 0, 0, 0, 0, 115, 903, 6, 0, 0, 2, 246, 775, 1, 0, 0, 0, 0
0, 0, 0, 0, 0, 0, 983, 41, 0, 0, 0, 0, 0, 0, 2, 1022, 0, 0, 0, 0, 0, 0, 0, 1024
0, 0, 0, 0, 0, 0, 1024, 0, 0, 0, 0, 0, 0, 0, 0, 1024, 0, 0, 0, 0, 0, 0, 0, 1024
0, 0, 0, 0, 0, 0, 1006, 18, 0, 0, 0, 0, 0, 0, 5, 1019, 0, 0, 0, 0, 0, 0, 0, 1024
0, 0, 0, 0, 0, 0, 1024, 0, 0, 0, 0, 0, 0, 0, 365, 659, 0, 0, 0, 0, 0, 0, 0, 1024
0, 0, 0, 0, 0, 0, 1024, 0, 0, 0, 0, 0, 0, 0, 941, 83, 0, 0, 0, 0, 0, 0, 0, 1024
0, 0, 0, 0, 14, 684, 326, 0, 0, 0, 0, 0, 5, 185, 796, 38, 0, 0, 0, 0, 0, 9, 624, 391
0, 0, 0, 0, 250, 774, 0, 0, 0, 0, 0, 0, 24, 965, 35, 0, 0, 0, 0, 0, 0, 159, 865, 0
0, 0, 0, 10, 988, 26, 0, 0, 0, 0, 0, 0, 595, 429, 0, 0, 0, 0, 0, 0, 1, 866, 157, 0
0, 0, 0, 0, 434, 584, 6, 0, 0, 0, 0, 0, 0, 894, 130, 0, 0, 0, 0, 0, 0, 162, 807, 55
0, 0, 0, 0, 0, 165, 859, 0, 0, 0, 0, 0, 0, 13, 1011, 0, 0, 0, 0, 0, 0, 0, 39, 985
0, 0, 0, 0, 0, 73, 951, 0, 0, 0, 0, 0, 0, 0, 1024, 0, 0, 0, 0, 0, 0, 0, 0, 1024
0, 0, 0, 0, 0, 474, 550, 0, 0, 0, 0, 0, 0, 0, 1024, 0, 0, 0, 0, 0, 0, 0, 3, 1021
0, 0, 0, 1, 4, 1005, 14, 0, 0, 0, 0, 0, 3, 102, 919, 0, 0, 0, 0, 0, 0, 4, 494, 526
0, 6, 105, 122, 143, 641, 7, 0, 0, 1, 88, 107, 142, 599, 87, 0, 0, 5, 95, 96, 112, 155, 561, 0
0, 111, 324, 194, 157, 234, 4, 0, 0, 64, 322, 210, 157, 248, 23, 0, 0, 206, 252, 160, 139, 163, 104, 0
6, 293, 314, 170, 136, 103, 2, 0, 2, 236, 332, 183, 133, 129, 9, 0, 72, 353, 218, 150, 128, 101, 2, 0
2, 315, 386, 138, 106, 77, 0, 0, 0, 252, 391, 166, 93, 122, 0, 0, 65, 407, 245, 117, 81, 109, 0, 0
4, 554, 345, 92, 28, 1, 0, 0, 3, 460, 411, 106, 40, 4, 0, 0, 177, 621, 143, 62, 21, 0, 0, 0
13, 710, 237, 51, 13, 0, 0, 0, 21, 691, 247, 49, 16, 0, 0, 0, 431, 495, 68, 28, 2, 0, 0, 0
9, 911, 104, 0, 0, 0, 0, 0, 35, 888, 101, 0, 0, 0, 0, 0, 744, 280, 0, 0, 0, 0, 0, 0
21, 794, 207, 2, 0, 0, 0, 0, 28, 708, 286, 2, 0, 0, 0, 0, 545, 470, 9, 0, 0, 0, 0, 0
11, 653, 359, 1, 0, 0, 0, 0, 13, 444, 555, 12, 0, 0, 0, 0, 304, 714, 6, 0, 0, 0, 0, 0
0, 260, 516, 245, 3, 0, 0, 0, 0, 184, 505, 311, 24, 0, 0, 0, 198, 751, 75, 0, 0, 0, 0, 0
0, 6, 172, 841, 5, 0, 0, 0, 0, 3, 47, 830, 144, 0, 0, 0, 29, 876, 119, 0, 0, 0, 0, 0
0, 0, 303, 529, 192, 0, 0, 0, 0, 0, 179, 677, 168, 0, 0, 0, 43, 767, 214, 0, 0, 0, 0, 0
0, 0, 2, 245, 427, 350, 0, 0, 0, 0, 1, 273, 736, 14, 0, 0, 0, 353, 671, 0, 0, 0, 0, 0
0, 0, 0, 43, 665, 316, 0, 0, 0, 0, 0, 50, 968, 6, 0, 0, 0, 239, 785, 0, 0, 0, 0, 0
0, 0, 0, 0, 0, 0, 1013, 11, 0, 0, 0, 0, 0, 0, 0, 1024, 0, 0, 0, 0, 0, 0, 0, 1024
0, 0, 0, 0, 0, 0, 1022, 2, 0, 0, 0, 0, 0, 0, 0, 1024, 0, 0, 0, 0, 0, 0, 0, 1024
0, 0, 0, 0, 0, 0, 1021, 3, 0, 0, 0, 0, 0, 0, 1, 1023, 0, 0, 0, 0, 0, 0, 0, 1024
0, 0, 0, 0, 0, 0, 1024, 0, 0, 0, 0, 0, 0, 0, 119, 905, 0, 0, 0, 0, 0, 0, 0, 1024
0, 0, 0, 2, 336, 24, 662, 0, 0, 0, 0, 0, 330, 23, 513, 158, 0, 0, 0, 0, 0, 332, 24, 668
0, 0, 0, 0, 288, 735, 1, 0, 0, 0, 0, 0, 103, 673, 248, 0, 0, 0, 0, 0, 0, 224, 777, 23
0, 0, 0, 0, 209, 815, 0, 0, 0, 0, 0, 0, 103, 867, 54, 0, 0, 0, 0, 0, 0, 150, 874, 0
0, 0, 0, 1, 852, 171, 0, 0, 0, 0, 0, 0, 439, 585, 0, 0, 0, 0, 0, 0, 0, 732, 292, 0
0, 0, 0, 0, 194, 533, 297, 0, 0, 0, 0, 0, 0, 483, 541, 0, 0, 0, 0, 0, 0, 107, 478, 439
0, 0, 0, 0, 0, 0, 1024, 0, 0, 0, 0, 0, 0, 0, 1024, 0, 0, 0, 0, 0, 0, 0, 0, 1024
0, 0, 0, 0, 0, 5, 1019, 0, 0, 0, 0, 0, 0, 0, 1024, 0, 0, 0, 0, 0, 0, 0, 0, 1024
0, 0, 0, 0, 0, 419, 605, 0, 0, 0, 0, 0, 0, 0, 1024, 0, 0, 0, 0, 0, 0, 0, 0, 1024
0, 0, 0, 0, 0, 1020, 4, 0, 0, 0, 0, 0, 0, 223, 801, 0, 0, 0, 0, 0, 0, 0, 641, 383
0, 0, 2, 58, 162, 802, 0, 0, 0, 0, 0, 35, 130, 846, 13, 0, 0, 0, 0, 16, 92, 159, 757, 0
0, 0, 178, 329, 275, 242, 0, 0, 0, 0, 110, 341, 271, 293, 9, 0, 0, 0, 157, 314, 232, 264, 57, 0
0, 153, 449, 217, 131, 74, 0, 0, 0, 115, 403, 248, 157, 99, 2, 0, 30, 232, 373, 175, 119, 92, 3, 0
0, 453, 376, 102, 61, 32, 0, 0, 0, 339, 448, 121, 68, 48, 0, 0, 43, 562, 235, 92, 57, 35, 0, 0
4, 729, 247, 39, 5, 0, 0, 0, 1, 627, 335, 52, 9, 0, 0, 0, 245, 671, 88, 18, 2, 0, 0, 0
2, 824, 166, 27, 5, 0, 0, 0, 1, 717, 262, 32, 12, 0, 0, 0, 323, 640, 40, 18, 3, 0, 0, 0
13, 903, 108, 0, 0, 0, 0, 0, 31, 828, 165, 0, 0, 0, 0, 0, 580, 442, 2, 0, 0, 0, 0, 0
3, 792, 229, 0, 0, 0, 0, 0, 3, 590, 426, 5, 0, 0, 0, 0, 383, 631, 10, 0, 0, 0, 0, 0
2, 881, 141, 0, 0, 0, 0, 0, 2, 806, 216, 0, 0, 0, 0, 0, 554, 468, 2, 0, 0, 0, 0, 0
0, 244, 384, 396, 0, 0, 0, 0, 0, 232, 250, 533, 9, 0, 0, 0, 290, 724, 10, 0, 0, 0, 0, 0
0, 2, 444, 578, 0, 0, 0, 0, 0, 0, 183, 814, 27, 0, 0, 0, 79, 897, 48, 0, 0, 0, 0, 0
0, 24, 349, 568, 83, 0, 0, 0, 0, 8, 222, 686, 108, 0, 0, 0, 70, 808, 146, 0, 0, 0, 0, 0
0, 7, 29, 435, 367, 186, 0, 0, 0, 7, 29, 489, 492, 7, 0, 0, 19, 567, 438, 0, 0, 0, 0, 0
0, 0, 0, 105, 474, 445, 0, 0, 0, 0, 0, 140, 876, 8, 0, 0, 0, 231, 793, 0, 0, 0, 0, 0
0, 0, 0, 0, 0, 0, 979, 45, 0, 0, 0, 0, 0, 0, 0, 1024, 0, 0, 0, 0, 0, 0, 0, 1024
0, 0, 0, 0, 0, 0, 1024, 0, 0, 0, 0, 0, 0, 0, 1, 1023, 0, 0, 0, 0, 0, 0, 0, 1024
0, 0, 0, 0, 0, 0, 1024, 0, 0, 0, 0, 0, 0, 0, 38, 986, 0, 0, 0, 0, 0, 0, 0, 1024
0, 0, 0, 1, 56, 11, 953, 3, 0, 0, 0, 0, 53, 10, 77, 884, 0, 0, 0, 0, 0, 54, 10, 960
0, 0, 0, 93, 850, 9, 69, 3, 0, 0, 0, 0, 897, 53, 23, 51, 0, 0, 0, 0, 220, 716, 15, 73
0, 0, 0, 0, 178, 846, 0, 0, 0, 0, 0, 0, 46, 904, 74, 0, 0, 0, 0, 0, 0, 142, 882, 0
0, 0, 0, 2, 491, 531, 0, 0, 0, 0, 0, 0, 350, 655, 19, 0, 0, 0, 0, 0, 1, 444, 579, 0
0, 0, 0, 9, 600, 415, 0, 0, 0, 0, 0, 0, 308, 716, 0, 0, 0, 0, 0, 0, 13, 435, 576, 0
0, 0, 0, 0, 0, 383, 641, 0, 0, 0, 0, 0, 0, 174, 850, 0, 0, 0, 0, 0, 0, 0, 274, 750
0, 0, 0, 0, 0, 0, 1024, 0, 0, 0, 0, 0, 0, 0, 1024, 0, 0, 0, 0, 0, 0, 0, 0, 1024
0, 0, 0, 0, 0, 7, 1017, 0, 0, 0, 0, 0, 0, 0, 1024, 0, 0, 0, 0, 0, 0, 0, 0, 1024
0, 0, 0, 0, 0, 525, 499, 0, 0, 0, 0, 0, 0, 0, 1024, 0, 0, 0, 0, 0, 0, 0, 23, 1001
0, 0, 0, 0, 0, 1024, 0, 0, 0, 0, 0, 0, 0, 415, 609, 0, 0, 0, 0, 0, 0, 0, 866, 158
0, 0, 0, 0, 0, 1024, 0, 0, 0, 0, 0, 0, 0, 1024, 0, 0, 0, 0, 0, 0, 0, 0, 1024, 0
0, 0, 72, 203, 259, 490, 0, 0, 0, 0, 29, 193, 216, 583, 3, 0, 0, 0, 39, 156, 191, 312, 326, 0
0, 31, 435, 244, 192, 122, 0, 0, 0, 1, 311, 349, 175, 188, 0, 0, 0, 84, 416, 200, 145, 166, 13, 0
0, 249, 522, 151, 89, 13, 0, 0, 0, 99, 566, 224, 108, 27, 0, 0, 12, 447, 354, 128, 74, 9, 0, 0
0, 700, 312, 10, 2, 0, 0, 0, 0, 502, 494, 25, 3, 0, 0, 0, 233, 732, 52, 6, 1, 0, 0, 0
3, 906, 115, 0, 0, 0, 0, 0, 0, 780, 244, 0, 0, 0, 0, 0, 342, 678, 4, 0, 0, 0, 0, 0
4, 974, 46, 0, 0, 0, 0, 0, 6, 955, 63, 0, 0, 0, 0, 0, 619, 405, 0, 0, 0, 0, 0, 0
8, 937, 79, 0, 0, 0, 0, 0, 0, 906, 116, 2, 0, 0, 0, 0, 712, 302, 10, 0, 0, 0, 0, 0
0, 677, 343, 4, 0, 0, 0, 0, 0, 493, 509, 22, 0, 0, 0, 0, 423, 593, 8, 0, 0, 0, 0, 0
1, 289, 491, 243, 0, 0, 0, 0, 0, 214, 427, 370, 13, 0, 0, 0, 345, 645, 34, 0, 0, 0, 0, 0
0, 2, 259, 761, 2, 0, 0, 0, 0, 1, 69, 897, 57, 0, 0, 0, 60, 951, 13, 0, 0, 0, 0, 0
0, 1, 250, 748, 25, 0, 0, 0, 0, 0, 117, 856, 51, 0, 0, 0, 32, 926, 66, 0, 0, 0, 0, 0
0, 0, 0, 224, 656, 144, 0, 0, 0, 0, 0, 301, 723, 0, 0, 0, 0, 466, 558, 0, 0, 0, 0, 0
0, 0, 0, 134, 592, 298, 0, 0, 0, 0, 0, 193, 830, 1, 0, 0, 0, 342, 682, 0, 0, 0, 0, 0
0, 0, 0, 0, 0, 0, 1021, 3, 0, 0, 0, 0, 0, 0, 0, 1024, 0, 0, 0, 0, 0, 0, 0, 1024
0, 0, 0, 0, 0, 0, 1023, 1, 0, 0, 0, 0, 0, 0, 9, 1015, 0, 0, 0, 0, 0, 0, 0, 1024
0, 0, 0, 0, 0, 0, 1024, 0, 0, 0, 0, 0, 0, 0, 110, 914, 0, 0, 0, 0, 0, 0, 0, 1024
0, 0, 0, 132, 347, 18, 524, 3, 0, 0, 0, 0, 471, 18, 222, 313, 0, 0, 0, 0, 195, 281, 17, 531
0, 0, 0, 374, 630, 20, 0, 0, 0, 0, 0, 0, 929, 95, 0, 0, 0, 0, 0, 0, 695, 303, 26, 0
0, 0, 0, 0, 48, 976, 0, 0, 0, 0, 0, 0, 0, 985, 39, 0, 0, 0, 0, 0, 0, 30, 994, 0
0, 0, 0, 0, 183, 841, 0, 0, 0, 0, 0, 0, 22, 1002, 0, 0, 0, 0, 0, 0, 0, 98, 926, 0
0, 0, 0, 0, 30, 994, 0, 0, 0, 0, 0, 0, 0, 949, 75, 0, 0, 0, 0, 0, 0, 6, 995, 23
0, 0, 0, 0, 0, 115, 909, 0, 0, 0, 0, 0, 0, 6, 1018, 0, 0, 0, 0, 0, 0, 0, 25, 999
0, 0, 0, 0, 0, 0, 1024, 0, 0, 0, 0, 0, 0, 0, 1024, 0, 0, 0, 0, 0, 0, 0, 0, 1024
0, 0, 0, 0, 0, 5, 1019, 0, 0, 0, 0, 0, 0, 0, 1024, 0, 0, 0, 0, 0, 0, 0, 0, 1024
0, 0, 0, 0, 0, 768, 256, 0, 0, 0, 0, 0, 0, 0, 1024, 0, 0, 0, 0, 0, 0, 0, 199, 825
0, 0, 0, 0, 0, 1024, 0, 0, 0, 0, 0, 0, 0, 603, 421, 0, 0, 0, 0, 0, 0, 0, 1014, 10
0, 0, 0, 0, 58, 966, 0, 0, 0, 0, 0, 0, 0, 1024, 0, 0, 0, 0, 0, 0, 0, 45, 979, 0
0, 0, 4, 16, 731, 273, 0, 0, 0, 0, 0, 12, 211, 801, 0, 0, 0, 0, 0, 8, 20, 670, 326, 0
0, 112, 288, 188, 419, 17, 0, 0, 0, 60, 286, 188, 301, 189, 0, 0, 2, 191, 213, 152, 136, 330, 0, 0
3, 532, 336, 101, 48, 4, 0, 0, 0, 425, 409, 106, 69, 15, 0, 0, 100, 619, 172, 90, 40, 3, 0, 0
12, 878, 132, 2, 0, 0, 0, 0, 5, 787, 227, 5, 0, 0, 0, 0, 534, 476, 14, 0, 0, 0, 0, 0
20, 842, 162, 0, 0, 0, 0, 0, 10, 725, 287, 2, 0, 0, 0, 0, 438, 579, 7, 0, 0, 0, 0, 0
7, 933, 84, 0, 0, 0, 0, 0, 3, 876, 145, 0, 0, 0, 0, 0, 633, 389, 2, 0, 0, 0, 0, 0
15, 972, 37, 0, 0, 0, 0, 0, 18, 952, 54, 0, 0, 0, 0, 0, 769, 255, 0, 0, 0, 0, 0, 0
6, 673, 331, 14, 0, 0, 0, 0, 2, 532, 400, 90, 0, 0, 0, 0, 502, 514, 8, 0, 0, 0, 0, 0
3, 673, 238, 108, 2, 0, 0, 0, 4, 614, 248, 149, 9, 0, 0, 0, 594, 416, 14, 0, 0, 0, 0, 0
0, 1, 167, 834, 22, 0, 0, 0, 0, 0, 52, 696, 276, 0, 0, 0, 30, 957, 37, 0, 0, 0, 0, 0
0, 19, 331, 618, 56, 0, 0, 0, 0, 2, 242, 635, 145, 0, 0, 0, 82, 846, 96, 0, 0, 0, 0, 0
0, 0, 2, 463, 514, 45, 0, 0, 0, 0, 1, 415, 608, 0, 0, 0, 3, 623, 398, 0, 0, 0, 0, 0
0, 0, 0, 76, 753, 195, 0, 0, 0, 0, 0, 124, 900, 0, 0, 0, 0, 313, 711, 0, 0, 0, 0, 0
0, 0, 0, 0, 0, 0, 1021, 3, 0, 0, 0, 0, 0, 0, 1, 1023, 0, 0, 0, 0, 0, 0, 0, 1024
0, 0, 0, 0, 0, 0, 1021, 3, 0, 0, 0, 0, 0, 0, 6, 1018, 0, 0, 0, 0, 0, 0, 0, 1024
0, 0, 0, 32, 135, 21, 835, 1, 0, 0, 0, 0, 163, 18, 143, 700, 0, 0, 0, 0, 40, 126, 18, 840
0, 0, 0, 93, 883, 7, 41, 0, 0, 0, 0, 0, 972, 8, 12, 32, 0, 0, 0, 0, 413, 562, 6, 43
0, 0, 0, 131, 765, 128, 0, 0, 0, 0, 0, 0, 742, 282, 0, 0, 0, 0, 0, 0, 286, 586, 152, 0
0, 0, 0, 0, 303, 721, 0, 0, 0, 0, 0, 0, 89, 934, 1, 0, 0, 0, 0, 0, 0, 224, 800, 0
0, 0, 0, 0, 583, 441, 0, 0, 0, 0, 0, 0, 289, 735, 0, 0, 0, 0, 0, 0, 0, 493, 531, 0
0, 0, 0, 0, 1, 1018, 5, 0, 0, 0, 0, 0, 0, 826, 198, 0, 0, 0, 0, 0, 0, 0, 968, 56
0, 0, 0, 0, 0, 35, 989, 0, 0, 0, 0, 0, 0, 0, 1024, 0, 0, 0, 0, 0, 0, 0, 2, 1022
0, 0, 0, 0, 0, 1, 1023, 0, 0, 0, 0, 0, 0, 0, 1024, 0, 0, 0, 0, 0, 0, 0, 0, 1024
0, 0, 0, 0, 0, 17, 1007, 0, 0, 0, 0, 0, 0, 0, 1024, 0, 0, 0, 0, 0, 0, 0, 0, 1024
0, 0, 0, 0, 0, 860, 164, 0, 0, 0, 0, 0, 0, 0, 1024, 0, 0, 0, 0, 0, 0, 0, 256, 768
0, 0, 0, 0, 0, 1024, 0, 0, 0, 0, 0, 0, 0, 806, 218, 0, 0, 0, 0, 0, 0, 0, 1024, 0
0, 0, 18, 76, 357, 573, 0, 0, 0, 0, 10, 69, 128, 817, 0, 0, 0, 0, 16, 50, 95, 333, 530, 0
0, 65, 336, 249, 358, 16, 0, 0, 0, 24, 317, 253, 320, 110, 0, 0, 0, 147, 292, 209, 175, 201, 0, 0
1, 278, 380, 178, 185, 2, 0, 0, 2, 221, 391, 190, 203, 17, 0, 0, 59, 389, 247, 155, 119, 55, 0, 0
1, 651, 297, 55, 20, 0, 0, 0, 1, 602, 337, 60, 22, 2, 0, 0, 250, 638, 91, 39, 6, 0, 0, 0
19, 900, 105, 0, 0, 0, 0, 0, 27, 863, 134, 0, 0, 0, 0, 0, 576, 444, 4, 0, 0, 0, 0, 0
0, 893, 131, 0, 0, 0, 0, 0, 5, 856, 163, 0, 0, 0, 0, 0, 564, 457, 3, 0, 0, 0, 0, 0
5, 910, 109, 0, 0, 0, 0, 0, 7, 858, 159, 0, 0, 0, 0, 0, 562, 455, 7, 0, 0, 0, 0, 0
0, 950, 74, 0, 0, 0, 0, 0, 1, 933, 90, 0, 0, 0, 0, 0, 720, 302, 2, 0, 0, 0, 0, 0
5, 985, 34, 0, 0, 0, 0, 0, 19, 973, 32, 0, 0, 0, 0, 0, 866, 158, 0, 0, 0, 0, 0, 0
1, 910, 72, 40, 1, 0, 0, 0, 20, 890, 64, 48, 2, 0, 0, 0, 854, 161, 9, 0, 0, 0, 0, 0
0, 55, 296, 673, 0, 0, 0, 0, 0, 53, 133, 763, 75, 0, 0, 0, 125, 872, 27, 0, 0, 0, 0, 0
0, 2, 215, 645, 162, 0, 0, 0, 0, 0, 100, 717, 207, 0, 0, 0, 32, 861, 131, 0, 0, 0, 0, 0
0, 0, 2, 406, 561, 55, 0, 0, 0, 0, 1, 404, 618, 1, 0, 0, 2, 576, 446, 0, 0, 0, 0, 0
0, 0, 3, 59, 922, 40, 0, 0, 0, 0, 0, 81, 943, 0, 0, 0, 1, 293, 730, 0, 0, 0, 0, 0
0, 0, 0, 0, 0, 0, 1024, 0, 0, 0, 0, 0, 0, 0, 11, 1013, 0, 0, 0, 0, 0, 0, 0, 1024
0, 0, 0, 1, 25, 8, 965, 25, 0, 0, 0, 0, 25, 7, 13, 979, 0, 0, 0, 0, 0, 26, 8, 990
0, 0, 0, 135, 773, 11, 102, 3, 0, 0, 0, 0, 901, 13, 30, 80, 0, 0, 0, 0, 474, 429, 15, 106
0, 0, 0, 7, 1016, 1, 0, 0, 0, 0, 0, 0, 863, 161, 0, 0, 0, 0, 0, 0, 108, 915, 1, 0
0, 0, 0, 0, 872, 152, 0, 0, 0, 0, 0, 0, 806, 218, 0, 0, 0, 0, 0, 0, 0, 853, 171, 0
0, 0, 0, 0, 258, 766, 0, 0, 0, 0, 0, 0, 54, 970, 0, 0, 0, 0, 0, 0, 0, 160, 864, 0
0, 0, 0, 0, 283, 741, 0, 0, 0, 0, 0, 0, 88, 936, 0, 0, 0, 0, 0, 0, 0, 207, 817, 0
0, 0, 0, 0, 13, 1011, 0, 0, 0, 0, 0, 0, 0, 943, 81, 0, 0, 0, 0, 0, 0, 0, 1024, 0
0, 0, 0, 0, 0, 255, 769, 0, 0, 0, 0, 0, 0, 77, 947, 0, 0, 0, 0, 0, 0, 0, 137, 887
0, 0, 0, 0, 0, 50, 974, 0, 0, 0, 0, 0, 0, 0, 1024, 0, 0, 0, 0, 0, 0, 0, 0, 1024
0, 0, 0, 0, 0, 14, 1010, 0, 0, 0, 0, 0, 0, 0, 1024, 0, 0, 0, 0, 0, 0, 0, 0, 1024
0, 0, 0, 0, 0, 852, 172, 0, 0, 0, 0, 0, 0, 3, 1021, 0, 0, 0, 0, 0, 0, 0, 341, 683
0, 0, 0, 0, 8, 1016, 0, 0, 0, 0, 0, 0, 0, 916, 108, 0, 0, 0, 0, 0, 0, 16, 1008, 0
0, 0, 12, 43, 600, 369, 0, 0, 0, 0, 7, 35, 216, 766, 0, 0, 0, 0, 7, 21, 64, 581, 351, 0
0, 8, 121, 191, 691, 13, 0, 0, 0, 3, 90, 177, 661, 93, 0, 0, 0, 18, 128, 133, 217, 528, 0, 0
0, 292, 401, 208, 117, 6, 0, 0, 0, 231, 414, 233, 120, 26, 0, 0, 45, 432, 303, 160, 70, 14, 0, 0
0, 739, 226, 48, 11, 0, 0, 0, 1, 702, 249, 55, 17, 0, 0, 0, 298, 607, 90, 29, 0, 0, 0, 0
0, 921, 99, 4, 0, 0, 0, 0, 2, 934, 86, 2, 0, 0, 0, 0, 679, 335, 10, 0, 0, 0, 0, 0
1, 924, 99, 0, 0, 0, 0, 0, 1, 932, 91, 0, 0, 0, 0, 0, 704, 316, 4, 0, 0, 0, 0, 0
0, 853, 159, 12, 0, 0, 0, 0, 10, 861, 145, 8, 0, 0, 0, 0, 648, 372, 4, 0, 0, 0, 0, 0
5, 964, 55, 0, 0, 0, 0, 0, 13, 955, 56, 0, 0, 0, 0, 0, 805, 219, 0, 0, 0, 0, 0, 0
7, 970, 47, 0, 0, 0, 0, 0, 18, 943, 61, 2, 0, 0, 0, 0, 838, 186, 0, 0, 0, 0, 0, 0
0, 878, 146, 0, 0, 0, 0, 0, 7, 810, 205, 2, 0, 0, 0, 0, 722, 302, 0, 0, 0, 0, 0, 0
0, 223, 391, 408, 2, 0, 0, 0, 0, 206, 351, 418, 49, 0, 0, 0, 241, 735, 48, 0, 0, 0, 0, 0
0, 0, 77, 743, 204, 0, 0, 0, 0, 0, 42, 723, 259, 0, 0, 0, 9, 876, 139, 0, 0, 0, 0, 0
0, 0, 54, 593, 317, 60, 0, 0, 0, 0, 33, 607, 383, 1, 0, 0, 16, 711, 297, 0, 0, 0, 0, 0
0, 0, 0, 34, 976, 14, 0, 0, 0, 0, 0, 61, 962, 1, 0, 0, 0, 276, 748, 0, 0, 0, 0, 0
0, 0, 0, 0, 0, 0, 1024, 0, 0, 0, 0, 0, 0, 0, 111, 913, 0, 0, 0, 0, 0, 0, 0, 1024
0, 0, 0, 13, 422, 20, 562, 7, 0, 0, 0, 0, 430, 20, 34, 540, 0, 0, 0, 0, 30, 404, 20, 570
0, 0, 0, 23, 898, 103, 0, 0, 0, 0, 0, 0, 789, 235, 0, 0, 0, 0, 0, 0, 237, 665, 122, 0
0, 0, 0, 0, 541, 483, 0, 0, 0, 0, 0, 0, 230, 794, 0, 0, 0, 0, 0, 0, 0, 456, 568, 0
0, 0, 0, 8, 987, 29, 0, 0, 0, 0, 0, 0, 918, 106, 0, 0, 0, 0, 0, 0, 39, 940, 45, 0
0, 0, 0, 0, 97, 927, 0, 0, 0, 0, 0, 0, 18, 986, 20, 0, 0, 0, 0, 0, 0, 63, 961, 0
0, 0, 0, 0, 0, 1024, 0, 0, 0, 0, 0, 0, 0, 986, 38, 0, 0, 0, 0, 0, 0, 0, 1024, 0
0, 0, 0, 0, 7, 1017, 0, 0, 0, 0, 0, 0, 0, 1022, 2, 0, 0, 0, 0, 0, 0, 0, 1024, 0
0, 0, 0, 0, 0, 465, 559, 0, 0, 0, 0, 0, 0, 214, 810, 0, 0, 0, 0, 0, 0, 0, 284, 740
0, 0, 0, 0, 0, 666, 358, 0, 0, 0, 0, 0, 0, 0, 1024, 0, 0, 0, 0, 0, 0, 0, 90, 934
0, 0, 0, 0, 0, 37, 987, 0, 0, 0, 0, 0, 0, 0, 1024, 0, 0, 0, 0, 0, 0, 0, 0, 1024
0, 0, 0, 0, 0, 886, 138, 0, 0, 0, 0, 0, 0, 122, 902, 0, 0, 0, 0, 0, 0, 0, 452, 572
0, 0, 0, 2, 42, 980, 0, 0, 0, 0, 0, 1, 8, 1003, 12, 0, 0, 0, 0, 0, 6, 43, 975, 0
0, 16, 127, 233, 572, 76, 0, 0, 0, 7, 109, 201, 463, 244, 0, 0, 0, 33, 111, 186, 282, 382, 30, 0
1, 62, 219, 299, 431, 12, 0, 0, 1, 49, 197, 275, 407, 95, 0, 0, 12, 154, 238, 223, 172, 225, 0, 0
0, 128, 312, 261, 314, 9, 0, 0, 0, 104, 296, 249, 326, 49, 0, 0, 54, 245, 197, 199, 188, 141, 0, 0
6, 323, 441, 194, 60, 0, 0, 0, 9, 290, 413, 223, 89, 0, 0, 0, 138, 447, 282, 110, 47, 0, 0, 0
0, 568, 391, 54, 11, 0, 0, 0, 3, 524, 408, 74, 15, 0, 0, 0, 317, 587, 107, 13, 0, 0, 0, 0
6, 789, 215, 14, 0, 0, 0, 0, 37, 762, 213, 12, 0, 0, 0, 0, 588, 423, 13, 0, 0, 0, 0, 0
15, 973, 36, 0, 0, 0, 0, 0, 72, 905, 47, 0, 0, 0, 0, 0, 799, 224, 1, 0, 0, 0, 0, 0
24, 952, 48, 0, 0, 0, 0, 0, 19, 932, 73, 0, 0, 0, 0, 0, 814, 210, 0, 0, 0, 0, 0, 0
52, 869, 103, 0, 0, 0, 0, 0, 98, 783, 140, 3, 0, 0, 0, 0, 841, 179, 4, 0, 0, 0, 0, 0
8, 821, 192, 3, 0, 0, 0, 0, 4, 727, 281, 12, 0, 0, 0, 0, 680, 343, 1, 0, 0, 0, 0, 0
2, 144, 473, 404, 1, 0, 0, 0, 0, 91, 322, 579, 32, 0, 0, 0, 223, 759, 42, 0, 0, 0, 0, 0
0, 0, 58, 823, 143, 0, 0, 0, 0, 0, 32, 811, 181, 0, 0, 0, 22, 893, 109, 0, 0, 0, 0, 0
0, 0, 138, 546, 339, 1, 0, 0, 0, 0, 48, 726, 250, 0, 0, 0, 20, 787, 217, 0, 0, 0, 0, 0
0, 0, 0, 220, 802, 2, 0, 0, 0, 0, 3, 344, 677, 0, 0, 0, 0, 508, 516, 0, 0, 0, 0, 0
0, 0, 0, 0, 0, 0, 1024, 0, 0, 0, 0, 0, 0, 0, 815, 209, 0, 0, 0, 0, 0, 0, 0, 1024
0, 0, 0, 0, 779, 24, 220, 1, 0, 0, 0, 0, 765, 29, 116, 114, 0, 0, 0, 0, 19, 757, 21, 227
0, 0, 0, 0, 315, 709, 0, 0, 0, 0, 0, 0, 212, 800, 12, 0, 0, 0, 0, 0, 15, 316, 693, 0
0, 0, 0, 0, 170, 854, 0, 0, 0, 0, 0, 0, 30, 989, 5, 0, 0, 0, 0, 0, 0, 126, 898, 0
0, 0, 0, 5, 1008, 11, 0, 0, 0, 0, 0, 0, 882, 142, 0, 0, 0, 0, 0, 0, 220, 794, 10, 0
0, 0, 0, 0, 103, 921, 0, 0, 0, 0, 0, 0, 0, 855, 169, 0, 0, 0, 0, 0, 0, 83, 941, 0
0, 0, 0, 0, 132, 892, 0, 0, 0, 0, 0, 0, 2, 915, 107, 0, 0, 0, 0, 0, 0, 53, 971, 0
0, 0, 0, 0, 138, 886, 0, 0, 0, 0, 0, 0, 0, 1024, 0, 0, 0, 0, 0, 0, 0, 96, 928, 0
0, 0, 0, 0, 0, 758, 266, 0, 0, 0, 0, 0, 0, 403, 621, 0, 0, 0, 0, 0, 0, 0, 497, 527
0, 0, 0, 0, 0, 969, 55, 0, 0, 0, 0, 0, 0, 18, 1006, 0, 0, 0, 0, 0, 0, 0, 607, 417
0, 0, 0, 0, 0, 403, 621, 0, 0, 0, 0, 0, 0, 22, 1002, 0, 0, 0, 0, 0, 0, 0, 204, 820
0, 0, 0, 0, 0, 865, 159, 0, 0, 0, 0, 0, 0, 47, 977, 0, 0, 0, 0, 0, 0, 0, 421, 603
0, 0, 0, 0, 33, 991, 0, 0, 0, 0, 0, 0, 0, 1010, 14, 0, 0, 0, 0, 0, 0, 7, 1017, 0
0, 0, 2, 28, 981, 13, 0, 0, 0, 0, 1, 20, 576, 427, 0, 0, 0, 0, 1, 14, 46, 934, 29, 0
0, 1, 3, 23, 993, 4, 0, 0, 0, 1, 1, 19, 769, 234, 0, 0, 0, 1, 3, 15, 27, 978, 0, 0
0, 72, 94, 149, 691, 18, 0, 0, 0, 58, 87, 120, 505, 254, 0, 0, 5, 79, 81, 108, 133, 617, 1, 0
2, 234, 358, 218, 212, 0, 0, 0, 0, 199, 333, 227, 264, 1, 0, 0, 58, 369, 222, 158, 189, 28, 0, 0
5, 642, 310, 66, 1, 0, 0, 0, 9, 585, 342, 84, 4, 0, 0, 0, 370, 538, 106, 9, 1, 0, 0, 0
37, 902, 75, 10, 0, 0, 0, 0, 65, 847, 98, 14, 0, 0, 0, 0, 747, 258, 19, 0, 0, 0, 0, 0
67, 700, 231, 23, 3, 0, 0, 0, 92, 621, 279, 29, 3, 0, 0, 0, 604, 391, 27, 2, 0, 0, 0, 0
15, 807, 196, 6, 0, 0, 0, 0, 11, 791, 214, 8, 0, 0, 0, 0, 583, 426, 15, 0, 0, 0, 0, 0
43, 940, 41, 0, 0, 0, 0, 0, 100, 872, 52, 0, 0, 0, 0, 0, 852, 172, 0, 0, 0, 0, 0, 0
10, 711, 186, 117, 0, 0, 0, 0, 16, 666, 153, 178, 11, 0, 0, 0, 677, 335, 12, 0, 0, 0, 0, 0
0, 10, 469, 545, 0, 0, 0, 0, 0, 5, 232, 765, 22, 0, 0, 0, 121, 890, 13, 0, 0, 0, 0, 0
0, 1, 355, 657, 11, 0, 0, 0, 0, 0, 253, 750, 21, 0, 0, 0, 97, 909, 18, 0, 0, 0, 0, 0
0, 36, 316, 422, 248, 2, 0, 0, 0, 26, 250, 533, 215, 0, 0, 0, 110, 765, 149, 0, 0, 0, 0, 0
0, 6, 77, 301, 633, 7, 0, 0, 0, 19, 107, 336, 562, 0, 0, 0, 31, 450, 543, 0, 0, 0, 0, 0
0, 0, 0, 0, 12, 37, 975, 0, 0, 0, 0, 0, 0, 39, 984, 1, 0, 0, 0, 0, 0, 5, 41, 978
0, 0, 0, 0, 881, 134, 9, 0, 0, 0, 0, 0, 403, 610, 10, 1, 0, 0, 0, 0, 0, 830, 183, 11
0, 0, 0, 0, 30, 994, 0, 0, 0, 0, 0, 0, 5, 469, 550, 0, 0, 0, 0, 0, 0, 47, 975, 2
0, 0, 0, 0, 17, 1007, 0, 0, 0, 0, 0, 0, 0, 962, 62, 0, 0, 0, 0, 0, 0, 5, 1019, 0
0, 0, 0, 0, 876, 148, 0, 0, 0, 0, 0, 0, 83, 941, 0, 0, 0, 0, 0, 0, 0, 721, 303, 0
0, 0, 0, 0, 205, 819, 0, 0, 0, 0, 0, 0, 6, 1012, 6, 0, 0, 0, 0, 0, 0, 210, 814, 0
0, 0, 0, 0, 11, 1013, 0, 0, 0, 0, 0, 0, 0, 1016, 8, 0, 0, 0, 0, 0, 0, 0, 1024, 0
0, 0, 0, 0, 312, 712, 0, 0, 0, 0, 0, 0, 3, 1021, 0, 0, 0, 0, 0, 0, 0, 370, 654, 0
0, 0, 0, 0, 209, 794, 21, 0, 0, 0, 0, 0, 10, 563, 451, 0, 0, 0, 0, 0, 0, 231, 502, 291
0, 0, 0, 0, 0, 1007, 17, 0, 0, 0, 0, 0, 0, 154, 870, 0, 0, 0, 0, 0, 0, 0, 554, 470
0, 0, 0, 0, 0, 945, 79, 0, 0, 0, 0, 0, 0, 434, 590, 0, 0, 0, 0, 0, 0, 0, 625, 399
0, 0, 0, 0, 0, 1003, 21, 0, 0, 0, 0, 0, 0, 144, 880, 0, 0, 0, 0, 0, 0, 0, 571, 453
0, 0, 0, 0, 29, 995, 0, 0, 0, 0, 0, 0, 0, 1023, 1, 0, 0, 0, 0, 0, 0, 5, 1019, 0
0, 0, 0, 1, 999, 24, 0, 0, 0, 0, 0, 0, 654, 370, 0, 0, 0, 0, 0, 0, 3, 968, 53, 0
0, 8, 97, 112, 724, 83, 0, 0, 0, 3, 75, 117, 569, 260, 0, 0, 0, 18, 90, 87, 82, 652, 95, 0
4, 230, 235, 183, 331, 41, 0, 0, 2, 179, 236, 191, 221, 195, 0, 0, 37, 248, 189, 158, 136, 251, 5, 0
12, 443, 291, 180, 96, 2, 0, 0, 2, 403, 307, 167, 139, 6, 0, 0, 115, 434, 232, 141, 100, 2, 0, 0
15, 608, 232, 166, 3, 0, 0, 0, 16, 566, 238, 139, 65, 0, 0, 0, 290, 455, 119, 148, 12, 0, 0, 0
13, 785, 184, 41, 1, 0, 0, 0, 14, 719, 231, 53, 7, 0, 0, 0, 477, 416, 112, 19, 0, 0, 0, 0
69, 929, 26, 0, 0, 0, 0, 0, 79, 908, 37, 0, 0, 0, 0, 0, 915, 109, 0, 0, 0, 0, 0, 0
31, 952, 41, 0, 0, 0, 0, 0, 75, 892, 56, 1, 0, 0, 0, 0, 859, 164, 1, 0, 0, 0, 0, 0
33, 985, 6, 0, 0, 0, 0, 0, 54, 966, 4, 0, 0, 0, 0, 0, 932, 92, 0, 0, 0, 0, 0, 0
20, 641, 302, 61, 0, 0, 0, 0, 24, 579, 292, 129, 0, 0, 0, 0, 659, 359, 6, 0, 0, 0, 0, 0
0, 15, 663, 346, 0, 0, 0, 0, 0, 11, 428, 582, 3, 0, 0, 0, 92, 916, 16, 0, 0, 0, 0, 0
0, 42, 616, 366, 0, 0, 0, 0, 0, 32, 473, 516, 3, 0, 0, 0, 165, 850, 9, 0, 0, 0, 0, 0
0, 8, 260, 499, 257, 0, 0, 0, 0, 3, 174, 654, 193, 0, 0, 0, 70, 834, 120, 0, 0, 0, 0, 0
0, 0, 3, 384, 631, 6, 0, 0, 0, 0, 1, 335, 688, 0, 0, 0, 0, 496, 528, 0, 0, 0, 0, 0
0, 0, 0, 0, 166, 79, 779, 0, 0, 0, 0, 0, 1, 235, 787, 1, 0, 0, 0, 0, 0, 137, 104, 783
0, 0, 0, 0, 285, 739, 0, 0, 0, 0, 0, 0, 18, 835, 171, 0, 0, 0, 0, 0, 0, 288, 736, 0
0, 0, 0, 0, 0, 1024, 0, 0, 0, 0, 0, 0, 0, 303, 721, 0, 0, 0, 0, 0, 0, 0, 985, 39
0, 0, 0, 0, 120, 904, 0, 0, 0, 0, 0, 0, 0, 1023, 1, 0, 0, 0, 0, 0, 0, 7, 1017, 0
0, 0, 0, 0, 438, 586, 0, 0, 0, 0, 0, 0, 2, 1022, 0, 0, 0, 0, 0, 0, 0, 311, 713, 0
0, 0, 0, 0, 198, 826, 0, 0, 0, 0, 0, 0, 22, 990, 12, 0, 0, 0, 0, 0, 0, 171, 853, 0
0, 0, 0, 0, 1, 1023, 0, 0, 0, 0, 0, 0, 0, 1022, 2, 0, 0, 0, 0, 0, 0, 0, 1024, 0
0, 0, 0, 0, 121, 903, 0, 0, 0, 0, 0, 0, 4, 1020, 0, 0, 0, 0, 0, 0, 0, 164, 860, 0
0, 0, 0, 0, 397, 627, 0, 0, 0, 0, 0, 0, 146, 580, 298, 0, 0, 0, 0, 0, 0, 439, 545, 40
0, 0, 0, 0, 0, 1024, 0, 0, 0, 0, 0, 0, 0, 359, 665, 0, 0, 0, 0, 0, 0, 0, 1017, 7
0, 0, 0, 0, 0, 1024, 0, 0, 0, 0, 0, 0, 0, 841, 183, 0, 0, 0, 0, 0, 0, 0, 1002, 22
0, 0, 0, 0, 0, 1024, 0, 0, 0, 0, 0, 0, 0, 310, 714, 0, 0, 0, 0, 0, 0, 0, 945, 79
0, 0, 0, 9, 61, 954, 0, 0, 0, 0, 0, 3, 20, 1000, 1, 0, 0, 0, 0, 0, 11, 57, 956, 0
0, 27, 92, 114, 730, 61, 0, 0, 0, 25, 71, 109, 500, 319, 0, 0, 3, 34, 77, 91, 133, 630, 56, 0
0, 231, 234, 112, 313, 134, 0, 0, 0, 173, 266, 117, 187, 280, 1, 0, 37, 290, 144, 91, 99, 291, 72, 0
1, 460, 224, 147, 161, 31, 0, 0, 0, 415, 240, 156, 95, 118, 0, 0, 162, 378, 175, 108, 75, 125, 1, 0
18, 570, 208, 115, 112, 1, 0, 0, 17, 553, 198, 121, 118, 17, 0, 0, 288, 393, 137, 94, 65, 47, 0, 0
7, 357, 211, 386, 63, 0, 0, 0, 5, 312, 215, 264, 228, 0, 0, 0, 146, 272, 173, 304, 129, 0, 0, 0
25, 829, 168, 2, 0, 0, 0, 0, 128, 703, 188, 5, 0, 0, 0, 0, 559, 432, 32, 1, 0, 0, 0, 0
44, 954, 26, 0, 0, 0, 0, 0, 176, 821, 27, 0, 0, 0, 0, 0, 886, 137, 1, 0, 0, 0, 0, 0
71, 947, 6, 0, 0, 0, 0, 0, 260, 758, 6, 0, 0, 0, 0, 0, 984, 40, 0, 0, 0, 0, 0, 0
56, 954, 14, 0, 0, 0, 0, 0, 167, 847, 10, 0, 0, 0, 0, 0, 943, 81, 0, 0, 0, 0, 0, 0
20, 395, 513, 96, 0, 0, 0, 0, 25, 338, 464, 197, 0, 0, 0, 0, 489, 522, 13, 0, 0, 0, 0, 0
0, 33, 803, 188, 0, 0, 0, 0, 0, 12, 636, 375, 1, 0, 0, 0, 159, 860, 5, 0, 0, 0, 0, 0
0, 36, 716, 272, 0, 0, 0, 0, 0, 34, 680, 310, 0, 0, 0, 0, 193, 823, 8, 0, 0, 0, 0, 0
0, 30, 521, 453, 20, 0, 0, 0, 0, 24, 477, 504, 19, 0, 0, 0, 217, 800, 7, 0, 0, 0, 0, 0
0, 0, 37, 460, 527, 0, 0, 0, 0, 0, 33, 419, 572, 0, 0, 0, 10, 591, 423, 0, 0, 0, 0, 0
0, 0, 0, 0, 394, 31, 599, 0, 0, 0, 0, 0, 306, 115, 600, 3, 0, 0, 0, 0, 0, 391, 32, 601
0, 0, 0, 0, 93, 931, 0, 0, 0, 0, 0, 0, 37, 608, 379, 0, 0, 0, 0, 0, 0, 100, 922, 2
0, 0, 0, 0, 0, 1024, 0, 0, 0, 0, 0, 0, 0, 515, 509, 0, 0, 0, 0, 0, 0, 0, 1020, 4
0, 0, 0, 0, 0, 1024, 0, 0, 0, 0, 0, 0, 0, 1024, 0, 0, 0, 0, 0, 0, 0, 0, 1024, 0
0, 0, 0, 0, 559, 465, 0, 0, 0, 0, 0, 0, 10, 1014, 0, 0, 0, 0, 0, 0, 0, 394, 630, 0
0, 0, 0, 0, 41, 983, 0, 0, 0, 0, 0, 0, 0, 945, 79, 0, 0, 0, 0, 0, 0, 28, 996, 0
0, 0, 0, 0, 16, 1008, 0, 0, 0, 0, 0, 0, 0, 1023, 1, 0, 0, 0, 0, 0, 0, 7, 1017, 0
0, 0, 0, 0, 115, 909, 0, 0, 0, 0, 0, 0, 0, 1024, 0, 0, 0, 0, 0, 0, 0, 152, 872, 0
0, 0, 0, 0, 489, 535, 0, 0, 0, 0, 0, 0, 73, 912, 39, 0, 0, 0, 0, 0, 0, 552, 472, 0
0, 0, 0, 0, 0, 1024, 0, 0, 0, 0, 0, 0, 0, 966, 58, 0, 0, 0, 0, 0, 0, 0, 1024, 0
0, 0, 0, 0, 72, 952, 0, 0, 0, 0, 0, 0, 0, 1020, 4, 0, 0, 0, 0, 0, 0, 79, 945, 0
0, 0, 0, 0, 0, 1024, 0, 0, 0, 0, 0, 0, 0, 649, 375, 0, 0, 0, 0, 0, 0, 0, 1024, 0
0, 29, 145, 174, 161, 513, 2, 0, 0, 12, 115, 187, 148, 539, 23, 0, 0, 37, 131, 151, 129, 149, 427, 0
0, 326, 317, 137, 138, 105, 1, 0, 0, 265, 338, 152, 131, 123, 15, 0, 49, 406, 214, 122, 114, 103, 16, 0
1, 508, 236, 109, 93, 76, 1, 0, 0, 466, 252, 110, 97, 88, 11, 0, 160, 463, 146, 88, 82, 72, 13, 0
11, 807, 148, 37, 17, 4, 0, 0, 16, 782, 162, 40, 17, 7, 0, 0, 527, 388, 68, 28, 11, 2, 0, 0
41, 771, 136, 58, 18, 0, 0, 0, 110, 696, 134, 63, 21, 0, 0, 0, 684, 206, 89, 39, 6, 0, 0, 0
16, 950, 55, 3, 0, 0, 0, 0, 90, 887, 44, 3, 0, 0, 0, 0, 893, 122, 9, 0, 0, 0, 0, 0
14, 982, 28, 0, 0, 0, 0, 0, 57, 945, 22, 0, 0, 0, 0, 0, 920, 103, 1, 0, 0, 0, 0, 0
25, 966, 28, 5, 0, 0, 0, 0, 165, 827, 27, 5, 0, 0, 0, 0, 967, 51, 6, 0, 0, 0, 0, 0
92, 931, 1, 0, 0, 0, 0, 0, 385, 639, 0, 0, 0, 0, 0, 0, 1018, 6, 0, 0, 0, 0, 0, 0
82, 788, 142, 12, 0, 0, 0, 0, 246, 613, 146, 19, 0, 0, 0, 0, 839, 177, 8, 0, 0, 0, 0, 0
0, 105, 779, 140, 0, 0, 0, 0, 0, 66, 639, 317, 2, 0, 0, 0, 223, 786, 15, 0, 0, 0, 0, 0
0, 425, 553, 46, 0, 0, 0, 0, 0, 406, 541, 77, 0, 0, 0, 0, 525, 497, 2, 0, 0, 0, 0, 0
16, 692, 305, 11, 0, 0, 0, 0, 84, 668, 263, 9, 0, 0, 0, 0, 758, 266, 0, 0, 0, 0, 0, 0
0, 102, 308, 542, 72, 0, 0, 0, 0, 71, 242, 652, 59, 0, 0, 0, 158, 805, 61, 0, 0, 0, 0, 0
0, 0, 4, 474, 546, 0, 0, 0, 0, 0, 1, 422, 601, 0, 0, 0, 0, 528, 496, 0, 0, 0, 0, 0
0, 0, 0, 0, 124, 274, 626, 0, 0, 0, 0, 0, 10, 354, 660, 0, 0, 0, 0, 0, 0, 93, 294, 637
0, 0, 0, 0, 1, 1023, 0, 0, 0, 0, 0, 0, 0, 432, 592, 0, 0, 0, 0, 0, 0, 2, 1009, 13
0, 0, 0, 0, 0, 1024, 0, 0, 0, 0, 0, 0, 0, 592, 432, 0, 0, 0, 0, 0, 0, 0, 1021, 3
0, 0, 0, 0, 0, 1024, 0, 0, 0, 0, 0, 0, 0, 1021, 3, 0, 0, 0, 0, 0, 0, 0, 1024, 0
0, 0, 0, 0, 27, 997, 0, 0, 0, 0, 0, 0, 0, 1024, 0, 0, 0, 0, 0, 0, 0, 0, 1024, 0
0, 0, 0, 0, 2, 1022, 0, 0, 0, 0, 0, 0, 0, 1021, 3, 0, 0, 0, 0, 0, 0, 0, 1024, 0
0, 0, 0, 0, 0, 1024, 0, 0, 0, 0, 0, 0, 0, 1023, 1, 0, 0, 0, 0, 0, 0, 0, 1024, 0
0, 0, 0, 0, 9, 1015, 0, 0, 0, 0, 0, 0, 0, 1024, 0, 0, 0, 0, 0, 0, 0, 9, 1015, 0
0, 0, 0, 0, 577, 447, 0, 0, 0, 0, 0, 0, 143, 881, 0, 0, 0, 0, 0, 0, 0, 604, 420, 0
0, 0, 0, 0, 0, 1024, 0, 0, 0, 0, 0, 0, 0, 1014, 10, 0, 0, 0, 0, 0, 0, 0, 1024, 0
0, 1, 24, 26, 534, 439, 0, 0, 0, 1, 13, 32, 75, 903, 0, 0, 0, 1, 13, 30, 23, 529, 428, 0
0, 14, 41, 26, 111, 822, 10, 0, 0, 1, 44, 26, 54, 740, 159, 0, 0, 0, 32, 33, 29, 142, 788, 0
1, 138, 348, 286, 117, 129, 5, 0, 0, 92, 335, 299, 146, 116, 36, 0, 26, 288, 331, 157, 79, 72, 71, 0
6, 260, 441, 229, 72, 15, 1, 0, 3, 234, 428, 244, 94, 20, 1, 0, 156, 495, 271, 65, 28, 8, 1, 0
2, 339, 451, 154, 59, 19, 0, 0, 4, 293, 450, 184, 70, 23, 0, 0, 218, 496, 214, 58, 30, 8, 0, 0
5, 708, 246, 47, 16, 2, 0, 0, 3, 692, 257, 50, 19, 3, 0, 0, 507, 414, 71, 20, 12, 0, 0, 0
42, 766, 194, 22, 0, 0, 0, 0, 67, 742, 191, 24, 0, 0, 0, 0, 692, 288, 40, 4, 0, 0, 0, 0
16, 915, 82, 10, 1, 0, 0, 0, 55, 880, 78, 9, 2, 0, 0, 0, 847, 163, 13, 1, 0, 0, 0, 0
20, 918, 84, 2, 0, 0, 0, 0, 104, 855, 64, 1, 0, 0, 0, 0, 882, 136, 6, 0, 0, 0, 0, 0
43, 979, 2, 0, 0, 0, 0, 0, 342, 680, 2, 0, 0, 0, 0, 0, 1008, 16, 0, 0, 0, 0, 0, 0
43, 879, 99, 3, 0, 0, 0, 0, 218, 717, 85, 4, 0, 0, 0, 0, 914, 107, 3, 0, 0, 0, 0, 0
12, 778, 220, 14, 0, 0, 0, 0, 46, 754, 197, 27, 0, 0, 0, 0, 802, 220, 2, 0, 0, 0, 0, 0
0, 152, 762, 110, 0, 0, 0, 0, 0, 121, 688, 215, 0, 0, 0, 0, 287, 737, 0, 0, 0, 0, 0, 0
0, 382, 632, 10, 0, 0, 0, 0, 0, 354, 637, 33, 0, 0, 0, 0, 448, 576, 0, 0, 0, 0, 0, 0
5, 906, 113, 0, 0, 0, 0, 0, 21, 923, 80, 0, 0, 0, 0, 0, 925, 99, 0, 0, 0, 0, 0, 0
0, 100, 410, 394, 120, 0, 0, 0, 0, 74, 361, 537, 52, 0, 0, 0, 172, 794, 58, 0, 0, 0, 0, 0
0, 0, 0, 365, 659, 0, 0, 0, 0, 0, 0, 248, 776, 0, 0, 0, 0, 483, 541, 0, 0, 0, 0, 0
0, 0, 0, 0, 0, 375, 649, 0, 0, 0, 0, 0, 0, 42, 982, 0, 0, 0, 0, 0, 0, 0, 245, 779
0, 0, 0, 0, 0, 1024, 0, 0, 0, 0, 0, 0, 0, 4, 1020, 0, 0, 0, 0, 0, 0, 0, 888, 136
0, 0, 0, 0, 0, 1024, 0, 0, 0, 0, 0, 0, 0, 588, 436, 0, 0, 0, 0, 0, 0, 0, 1021, 3
0, 0, 0, 0, 347, 677, 0, 0, 0, 0, 0, 0, 3, 1021, 0, 0, 0, 0, 0, 0, 0, 303, 721, 0
0, 0, 0, 0, 477, 547, 0, 0, 0, 0, 0, 0, 1, 1023, 0, 0, 0, 0, 0, 0, 0, 236, 788, 0
0, 0, 0, 0, 1, 1023, 0, 0, 0, 0, 0, 0, 0, 1024, 0, 0, 0, 0, 0, 0, 0, 0, 1024, 0
0, 0, 0, 0, 0, 1024, 0, 0, 0, 0, 0, 0, 0, 1024, 0, 0, 0, 0, 0, 0, 0, 0, 1024, 0
0, 0, 0, 0, 0, 1024, 0, 0, 0, 0, 0, 0, 0, 1024, 0, 0, 0, 0, 0, 0, 0, 0, 1024, 0
0, 0, 0, 0, 326, 698, 0, 0, 0, 0, 0, 0, 9, 1015, 0, 0, 0, 0, 0, 0, 0, 377, 647, 0
0, 0, 0, 0, 0, 1024, 0, 0, 0, 0, 0, 0, 0, 1018, 6, 0, 0, 0, 0, 0, 0, 0, 1024, 0
0, 13, 73, 119, 539, 280, 0, 0, 0, 3, 73, 98, 289, 561, 0, 0, 0, 31, 61, 88, 100, 473, 271, 0
1, 241, 255, 198, 187, 138, 4, 0, 0, 201, 270, 185, 195, 147, 26, 0, 40, 279, 225, 175, 157, 107, 41, 0
4, 143, 345, 278, 181, 71, 2, 0, 4, 120, 318, 301, 180, 91, 10, 0, 84, 337, 324, 154, 79, 36, 10, 0
6, 279, 449, 249, 41, 0, 0, 0, 4, 251, 448, 260, 61, 0, 0, 0, 253, 511, 246, 14, 0, 0, 0, 0
17, 634, 313, 41, 16, 3, 0, 0, 21, 614, 319, 51, 15, 4, 0, 0, 508, 417, 72, 23, 3, 1, 0, 0
34, 821, 143, 20, 5, 1, 0, 0, 90, 778, 129, 21, 5, 1, 0, 0, 777, 213, 26, 7, 1, 0, 0, 0
18, 905, 95, 6, 0, 0, 0, 0, 42, 883, 93, 6, 0, 0, 0, 0, 833, 183, 8, 0, 0, 0, 0, 0
16, 903, 100, 5, 0, 0, 0, 0, 62, 865, 91, 6, 0, 0, 0, 0, 846, 175, 3, 0, 0, 0, 0, 0
45, 890, 58, 29, 2, 0, 0, 0, 279, 664, 50, 26, 5, 0, 0, 0, 915, 77, 32, 0, 0, 0, 0, 0
20, 967, 37, 0, 0, 0, 0, 0, 184, 819, 21, 0, 0, 0, 0, 0, 967, 57, 0, 0, 0, 0, 0, 0
6, 975, 43, 0, 0, 0, 0, 0, 94, 910, 20, 0, 0, 0, 0, 0, 978, 46, 0, 0, 0, 0, 0, 0
23, 696, 299, 6, 0, 0, 0, 0, 141, 547, 312, 24, 0, 0, 0, 0, 732, 291, 1, 0, 0, 0, 0, 0
0, 291, 703, 30, 0, 0, 0, 0, 0, 201, 721, 102, 0, 0, 0, 0, 399, 625, 0, 0, 0, 0, 0, 0
0, 352, 660, 12, 0, 0, 0, 0, 0, 257, 729, 38, 0, 0, 0, 0, 517, 507, 0, 0, 0, 0, 0, 0
0, 761, 262, 1, 0, 0, 0, 0, 1, 794, 229, 0, 0, 0, 0, 0, 845, 179, 0, 0, 0, 0, 0, 0
0, 59, 357, 415, 193, 0, 0, 0, 0, 45, 344, 587, 48, 0, 0, 0, 161, 795, 68, 0, 0, 0, 0, 0
0, 0, 0, 435, 589, 0, 0, 0, 0, 0, 0, 590, 434, 0, 0, 0, 0, 748, 276, 0, 0, 0, 0, 0
0, 0, 0, 0, 0, 799, 225, 0, 0, 0, 0, 0, 0, 0, 1024, 0, 0, 0, 0, 0, 0, 0, 467, 557
0, 0, 0, 0, 0, 1024, 0, 0, 0, 0, 0, 0, 0, 18, 1006, 0, 0, 0, 0, 0, 0, 0, 1018, 6
0, 0, 0, 0, 0, 1024, 0, 0, 0, 0, 0, 0, 0, 808, 216, 0, 0, 0, 0, 0, 0, 0, 1024, 0
0, 0, 0, 0, 887, 137, 0, 0, 0, 0, 0, 0, 429, 595, 0, 0, 0, 0, 0, 0, 0, 885, 139, 0
0, 0, 0, 0, 220, 804, 0, 0, 0, 0, 0, 0, 1, 1023, 0, 0, 0, 0, 0, 0, 0, 180, 844, 0
0, 0, 0, 0, 0, 1024, 0, 0, 0, 0, 0, 0, 0, 1024, 0, 0, 0, 0, 0, 0, 0, 0, 1024, 0
0, 0, 0, 0, 52, 972, 0, 0, 0, 0, 0, 0, 0, 1024, 0, 0, 0, 0, 0, 0, 0, 31, 993, 0
0, 0, 0, 0, 0, 1024, 0, 0, 0, 0, 0, 0, 0, 1024, 0, 0, 0, 0, 0, 0, 0, 0, 1024, 0
0, 0, 0, 0, 276, 748, 0, 0, 0, 0, 0, 0, 0, 1024, 0, 0, 0, 0, 0, 0, 0, 312, 712, 0
0, 0, 0, 0, 12, 1012, 0, 0, 0, 0, 0, 0, 0, 1022, 2, 0, 0, 0, 0, 0, 0, 24, 1000, 0
0, 0, 0, 0, 831, 193, 0, 0, 0, 0, 0, 0, 394, 630, 0, 0, 0, 0, 0, 0, 0, 855, 169, 0
0, 101, 112, 87, 484, 239, 1, 0, 0, 84, 105, 87, 265, 477, 6, 0, 15, 102, 86, 82, 96, 451, 192, 0
1, 249, 311, 202, 111, 149, 1, 0, 0, 201, 304, 226, 107, 176, 10, 0, 84, 336, 212, 131, 68, 77, 116, 0
21, 574, 292, 113, 20, 4, 0, 0, 28, 547, 296, 121, 25, 7, 0, 0, 364, 456, 164, 28, 11, 1, 0, 0
10, 785, 140, 61, 20, 8, 0, 0, 19, 757, 152, 62, 24, 9, 1, 0, 608, 287, 86, 23, 15, 5, 0, 0
12, 785, 182, 26, 14, 5, 0, 0, 34, 771, 171, 29, 12, 7, 0, 0, 642, 311, 43, 15, 11, 2, 0, 0
15, 931, 67, 11, 0, 0, 0, 0, 86, 872, 54, 12, 0, 0, 0, 0, 879, 135, 10, 0, 0, 0, 0, 0
34, 946, 42, 2, 0, 0, 0, 0, 202, 789, 32, 1, 0, 0, 0, 0, 954, 68, 2, 0, 0, 0, 0, 0
21, 996, 7, 0, 0, 0, 0, 0, 239, 778, 7, 0, 0, 0, 0, 0, 1006, 18, 0, 0, 0, 0, 0, 0
55, 963, 6, 0, 0, 0, 0, 0, 430, 592, 2, 0, 0, 0, 0, 0, 1004, 20, 0, 0, 0, 0, 0, 0
100, 908, 16, 0, 0, 0, 0, 0, 513, 500, 11, 0, 0, 0, 0, 0, 985, 39, 0, 0, 0, 0, 0, 0
32, 832, 159, 1, 0, 0, 0, 0, 59, 754, 204, 7, 0, 0, 0, 0, 776, 243, 5, 0, 0, 0, 0, 0
0, 343, 622, 59, 0, 0, 0, 0, 0, 270, 609, 145, 0, 0, 0, 0, 505, 517, 2, 0, 0, 0, 0, 0
0, 595, 426, 3, 0, 0, 0, 0, 0, 496, 515, 13, 0, 0, 0, 0, 709, 315, 0, 0, 0, 0, 0, 0
1, 522, 500, 1, 0, 0, 0, 0, 0, 464, 550, 10, 0, 0, 0, 0, 662, 362, 0, 0, 0, 0, 0, 0
0, 25, 667, 274, 58, 0, 0, 0, 0, 6, 543, 462, 13, 0, 0, 0, 190, 816, 18, 0, 0, 0, 0, 0
0, 0, 7, 659, 358, 0, 0, 0, 0, 0, 10, 892, 122, 0, 0, 0, 3, 949, 72, 0, 0, 0, 0, 0
